-1.000000e+02	2.033086e+13
-9.000000e+01	2.874519e+12
-8.000000e+01	3.300020e+12
-7.000000e+01	3.849348e+12
-6.000000e+01	4.473560e+12
-5.000000e+01	5.140872e+12
-4.000000e+01	5.809055e+12
-3.000000e+01	6.483085e+12
-2.000000e+01	7.025495e+12
-1.000000e+01	7.501497e+12
0.000000e+00	7.859982e+12
1.000000e+01	8.176412e+12
2.000000e+01	8.436031e+12
3.500000e+01	8.755462e+12
5.000000e+01	8.966283e+12
7.500000e+01	9.132793e+12
1.000000e+02	9.196342e+12
1.250000e+02	9.181103e+12
1.500000e+02	9.114762e+12
1.750000e+02	8.966153e+12
2.000000e+02	8.786175e+12
2.500000e+02	8.359543e+12
3.000000e+02	7.937841e+12
3.500000e+02	7.527886e+12
4.000000e+02	7.132674e+12
4.500000e+02	6.735605e+12
4.900000e+02	6.374818e+12
5.250000e+02	6.043179e+12
5.600000e+02	5.704674e+12
6.150000e+02	5.145983e+12
6.600000e+02	4.680406e+12
7.000000e+02	4.246579e+12
7.500000e+02	3.739110e+12
8.000000e+02	3.261933e+12
8.540000e+02	2.773915e+12
9.000000e+02	2.417302e+12
9.460000e+02	2.124983e+12
9.710000e+02	1.981102e+12
1.003000e+03	1.830049e+12
1.032000e+03	1.712686e+12
1.065000e+03	1.594795e+12
1.101000e+03	1.482157e+12
1.143000e+03	1.371518e+12
1.214000e+03	1.218804e+12
1.299000e+03	1.061805e+12
1.398000e+03	8.969257e+11
1.520000e+03	7.101965e+11
1.617000e+03	5.797094e+11
1.722000e+03	4.558027e+11
1.820000e+03	3.537712e+11
1.894000e+03	2.861938e+11
1.946000e+03	2.431828e+11
1.989000e+03	2.101765e+11
2.024000e+03	1.863245e+11
2.055000e+03	1.672312e+11
2.083000e+03	1.515099e+11
2.098000e+03	1.435747e+11
2.110000e+03	1.374848e+11
2.120000e+03	1.320955e+11
2.126000e+03	1.268253e+11
2.130000e+03	1.223020e+11
2.132000e+03	1.185681e+11
2.134000e+03	1.117587e+11
2.136000e+03	1.010256e+11
2.138000e+03	8.129526e+10
2.141930e+03	4.221008e+10
2.145160e+03	1.371676e+10
2.147050e+03	3.228154e+09
2.148650e+03	1.999399e+09
2.150120e+03	1.846899e+09
2.151160e+03	1.750299e+09
2.152030e+03	1.675982e+09
2.152870e+03	1.601587e+09
2.153480e+03	1.459426e+09
2.154070e+03	1.337526e+09
2.154730e+03	1.223780e+09
2.155500e+03	1.120050e+09
2.156160e+03	1.048589e+09
2.156820e+03	9.886331e+08
2.157570e+03	9.330305e+08
2.158210e+03	8.935789e+08
2.158840e+03	8.600577e+08
2.159420e+03	8.325925e+08
2.160010e+03	8.084086e+08
2.160630e+03	7.853593e+08
2.161260e+03	7.643882e+08
2.162290e+03	7.346292e+08
2.163290e+03	7.066598e+08
2.164560e+03	6.756626e+08
2.166030e+03	6.454934e+08
2.167690e+03	6.168848e+08
2.169990e+03	5.842044e+08
2.172320e+03	5.568563e+08
2.175280e+03	5.278434e+08
2.178740e+03	4.969109e+08
2.182440e+03	4.644037e+08
2.186080e+03	4.383363e+08
2.191460e+03	4.072465e+08
2.196520e+03	3.837216e+08
2.201920e+03	3.627514e+08
2.207660e+03	3.444017e+08
2.213740e+03	3.277482e+08
2.220040e+03	3.131924e+08
2.227740e+03	2.979287e+08
2.235290e+03	2.853733e+08
2.243320e+03	2.735237e+08
2.251640e+03	2.631053e+08
2.259430e+03	2.544271e+08
2.269690e+03	2.445470e+08
2.282380e+03	2.340308e+08
2.294370e+03	2.254579e+08
2.308550e+03	2.165729e+08
2.325780e+03	2.074290e+08
2.346100e+03	1.982362e+08
2.378190e+03	1.864233e+08
2.418660e+03	1.749023e+08
2.457900e+03	1.660097e+08
2.495560e+03	1.590339e+08
2.535470e+03	1.528824e+08
2.578230e+03	1.474458e+08
2.628320e+03	1.423532e+08
2.688100e+03	1.380378e+08
2.761490e+03	1.336629e+08
2.844400e+03	1.295422e+08
2.970760e+03	1.244719e+08
3.133790e+03	1.193363e+08
3.424990e+03	1.124942e+08
3.752710e+03	1.066592e+08
4.295860e+03	9.921903e+07
4.968640e+03	9.194591e+07
5.762830e+03	8.494828e+07
7.360820e+03	7.417979e+07
8.974240e+03	6.716828e+07
1.159620e+04	5.968282e+07
1.539200e+04	5.157746e+07
2.113310e+04	4.346700e+07
2.667660e+04	4.159459e+07
3.607950e+04	3.854691e+07
4.700930e+04	3.313066e+07
6.808440e+04	2.298346e+07
