-1.000000e+02	5.350549e+09
-9.000000e+01	5.962827e+09
-8.000000e+01	6.694294e+09
-7.000000e+01	7.725958e+09
-6.000000e+01	8.980791e+09
-5.000000e+01	1.043003e+10
-4.000000e+01	1.200628e+10
-3.000000e+01	1.378982e+10
-2.000000e+01	1.522915e+10
-1.000000e+01	1.648897e+10
0.000000e+00	1.728001e+10
1.000000e+01	1.787863e+10
2.000000e+01	1.820941e+10
3.500000e+01	1.835047e+10
5.000000e+01	1.797106e+10
7.500000e+01	1.654295e+10
1.000000e+02	1.480428e+10
1.250000e+02	1.293922e+10
1.500000e+02	1.112132e+10
1.750000e+02	9.340785e+09
2.000000e+02	7.762752e+09
2.500000e+02	5.232057e+09
3.000000e+02	3.486542e+09
3.500000e+02	2.300205e+09
4.000000e+02	1.504589e+09
4.500000e+02	9.717359e+08
4.900000e+02	6.726667e+08
5.250000e+02	4.829289e+08
5.600000e+02	3.439212e+08
6.150000e+02	1.958212e+08
6.600000e+02	1.166408e+08
7.000000e+02	6.359400e+07
7.500000e+02	2.338152e+07
8.000000e+02	7.004619e+06
8.540000e+02	1.755404e+06
9.000000e+02	5.947307e+05
9.460000e+02	2.247736e+05
9.710000e+02	1.370754e+05
1.003000e+03	7.969717e+04
1.032000e+03	5.126944e+04
1.065000e+03	3.223050e+04
1.101000e+03	2.050078e+04
1.143000e+03	1.268306e+04
1.214000e+03	6.235372e+03
1.299000e+03	2.961254e+03
1.398000e+03	1.402854e+03
1.520000e+03	4.737377e+02
1.617000e+03	1.937605e+02
1.722000e+03	7.296682e+01
1.820000e+03	2.571434e+01
1.894000e+03	1.162598e+01
1.946000e+03	5.882159e+00
1.989000e+03	2.911645e+00
2.024000e+03	1.366991e+00
2.055000e+03	4.585449e-01
2.083000e+03	1.558661e-01
2.098000e+03	9.285210e-02
2.110000e+03	4.734719e-02
2.120000e+03	3.496007e-02
2.126000e+03	2.581045e-02
2.130000e+03	1.350190e-02
2.132000e+03	1.074585e-02
2.134000e+03	8.212684e-03
2.136000e+03	5.933992e-03
2.138000e+03	3.605584e-03
2.141930e+03	1.309209e-03
2.145160e+03	4.087355e-04
2.147050e+03	7.494012e-05
2.148650e+03	1.712908e-05
2.150120e+03	5.341687e-06
2.151160e+03	2.636022e-06
2.152030e+03	1.823422e-06
2.152870e+03	1.318788e-06
2.153480e+03	1.072389e-06
2.154070e+03	9.234841e-07
2.154730e+03	8.241611e-07
2.155500e+03	7.525398e-07
2.156160e+03	7.076412e-07
2.156820e+03	6.583225e-07
2.157570e+03	5.567897e-07
2.158210e+03	4.999059e-07
2.158840e+03	4.587321e-07
2.159420e+03	4.288223e-07
2.160010e+03	4.048696e-07
2.160630e+03	3.837791e-07
2.161260e+03	3.659045e-07
2.162290e+03	3.424132e-07
2.163290e+03	3.239880e-07
2.164560e+03	3.052593e-07
2.166030e+03	2.410079e-07
2.167690e+03	1.909767e-07
2.169990e+03	1.527180e-07
2.172320e+03	1.296457e-07
2.175280e+03	1.107403e-07
2.178740e+03	9.623079e-08
2.182440e+03	8.546544e-08
2.186080e+03	7.771297e-08
2.191460e+03	6.931111e-08
2.196520e+03	6.347472e-08
2.201920e+03	5.860005e-08
2.207660e+03	5.454820e-08
2.213740e+03	5.104050e-08
2.220040e+03	4.807441e-08
2.227740e+03	4.507189e-08
2.235290e+03	4.265684e-08
2.243320e+03	4.043233e-08
2.251640e+03	3.850283e-08
2.259430e+03	3.691031e-08
2.269690e+03	3.511991e-08
2.282380e+03	3.324482e-08
2.294370e+03	3.173244e-08
2.308550e+03	3.018448e-08
2.325780e+03	2.860236e-08
2.346100e+03	2.702672e-08
2.378190e+03	2.545704e-08
2.418660e+03	2.402302e-08
2.457900e+03	2.286535e-08
2.495560e+03	2.192181e-08
2.535470e+03	2.106128e-08
2.578230e+03	2.027875e-08
2.628320e+03	1.952705e-08
2.688100e+03	1.875378e-08
2.761490e+03	1.793975e-08
2.844400e+03	1.715551e-08
2.970760e+03	1.616684e-08
3.133790e+03	1.514597e-08
3.424990e+03	1.377718e-08
3.752710e+03	1.264563e-08
4.295860e+03	1.130519e-08
4.968640e+03	1.014151e-08
5.762830e+03	9.147939e-09
7.360820e+03	7.791833e-09
8.974240e+03	6.858805e-09
1.159620e+04	5.808680e-09
1.539200e+04	4.796583e-09
2.113310e+04	3.805127e-09
2.667660e+04	3.160118e-09
3.607950e+04	2.418151e-09
4.700930e+04	1.855099e-09
6.808440e+04	1.202185e-09
