-1.000000e+02	2.059000e+05
-9.000000e+01	1.971776e+05
-8.000000e+01	1.885480e+05
-7.000000e+01	1.800000e+05
-6.000000e+01	1.715204e+05
-5.000000e+01	1.631163e+05
-4.000000e+01	1.548012e+05
-3.000000e+01	1.465775e+05
-2.000000e+01	1.384712e+05
-1.000000e+01	1.305275e+05
0.000000e+00	1.227884e+05
1.000000e+01	1.152898e+05
2.000000e+01	1.080517e+05
3.500000e+01	9.771572e+04
5.000000e+01	8.804498e+04
7.500000e+01	7.351153e+04
1.000000e+02	6.093656e+04
1.250000e+02	5.019634e+04
1.500000e+02	4.111854e+04
1.750000e+02	3.352738e+04
2.000000e+02	2.723874e+04
2.500000e+02	1.782703e+04
3.000000e+02	1.155063e+04
3.500000e+02	7.410456e+03
4.000000e+02	4.705397e+03
4.500000e+02	2.955874e+03
4.900000e+02	2.024813e+03
5.250000e+02	1.450192e+03
5.600000e+02	1.037328e+03
6.150000e+02	6.137205e+02
6.600000e+02	4.016335e+02
7.000000e+02	2.778853e+02
7.500000e+02	1.782081e+02
8.000000e+02	1.166312e+02
8.540000e+02	7.571650e+01
9.000000e+02	5.353102e+01
9.460000e+02	3.847791e+01
9.710000e+02	3.235063e+01
1.003000e+03	2.603993e+01
1.032000e+03	2.147360e+01
1.065000e+03	1.730685e+01
1.101000e+03	1.373040e+01
1.143000e+03	1.052391e+01
1.214000e+03	6.761635e+00
1.299000e+03	4.022235e+00
1.398000e+03	2.235793e+00
1.520000e+03	1.124194e+00
1.617000e+03	6.718129e-01
1.722000e+03	3.981942e-01
1.820000e+03	2.524617e-01
1.894000e+03	1.828584e-01
1.946000e+03	1.474695e-01
1.989000e+03	1.241943e-01
2.024000e+03	1.083640e-01
2.055000e+03	9.624511e-02
2.083000e+03	8.664922e-02
2.098000e+03	8.199982e-02
2.110000e+03	7.850852e-02
2.120000e+03	7.574437e-02
2.126000e+03	7.414821e-02
2.130000e+03	7.311042e-02
2.132000e+03	7.260012e-02
2.134000e+03	7.209759e-02
2.136000e+03	7.160557e-02
2.138000e+03	7.112937e-02
2.141930e+03	7.025684e-02
2.145160e+03	6.962533e-02
2.147050e+03	6.932211e-02
2.148650e+03	6.912139e-02
2.150120e+03	6.897854e-02
2.151160e+03	6.889848e-02
2.152030e+03	6.884178e-02
2.152870e+03	6.879401e-02
2.153480e+03	6.876304e-02
2.154070e+03	6.873578e-02
2.154730e+03	6.870796e-02
2.155500e+03	6.867834e-02
2.156160e+03	6.865494e-02
2.156820e+03	6.863307e-02
2.157570e+03	6.860978e-02
2.158210e+03	6.859102e-02
2.158840e+03	6.857341e-02
2.159420e+03	6.855784e-02
2.160010e+03	6.854257e-02
2.160630e+03	6.852707e-02
2.161260e+03	6.851183e-02
2.162290e+03	6.848787e-02
2.163290e+03	6.846560e-02
2.164560e+03	6.843854e-02
2.166030e+03	6.840865e-02
2.167690e+03	6.837646e-02
2.169990e+03	6.833414e-02
2.172320e+03	6.829352e-02
2.175280e+03	6.824462e-02
2.178740e+03	6.819063e-02
2.182440e+03	6.813604e-02
2.186080e+03	6.808500e-02
2.191460e+03	6.801355e-02
2.196520e+03	6.795003e-02
2.201920e+03	6.788552e-02
2.207660e+03	6.782011e-02
2.213740e+03	6.775385e-02
2.220040e+03	6.768804e-02
2.227740e+03	6.761099e-02
2.235290e+03	6.753858e-02
2.243320e+03	6.746456e-02
2.251640e+03	6.739072e-02
2.259430e+03	6.732393e-02
2.269690e+03	6.723902e-02
2.282380e+03	6.713819e-02
2.294370e+03	6.704669e-02
2.308550e+03	6.694260e-02
2.325780e+03	6.682136e-02
2.346100e+03	6.668476e-02
2.378190e+03	6.648080e-02
2.418660e+03	6.624036e-02
2.457900e+03	6.602177e-02
2.495560e+03	6.582305e-02
2.535470e+03	6.562234e-02
2.578230e+03	6.541682e-02
2.628320e+03	6.518638e-02
2.688100e+03	6.492348e-02
2.761490e+03	6.461596e-02
2.844400e+03	6.428563e-02
2.970760e+03	6.381061e-02
3.133790e+03	6.323866e-02
3.424990e+03	6.230242e-02
3.752710e+03	6.134736e-02
4.295860e+03	5.992331e-02
4.968640e+03	5.835500e-02
5.762830e+03	5.669953e-02
7.360820e+03	5.379433e-02
8.974240e+03	5.127038e-02
1.159620e+04	4.774320e-02
1.539200e+04	4.349113e-02
2.113310e+04	3.830512e-02
2.667660e+04	3.425766e-02
3.607950e+04	2.879350e-02
4.700930e+04	2.394066e-02
6.808440e+04	1.733560e-02
