-1.000000e+02	2.029180e+11
-9.000000e+01	7.514318e+09
-8.000000e+01	8.237211e+09
-7.000000e+01	9.053929e+09
-6.000000e+01	9.935833e+09
-5.000000e+01	1.088263e+10
-4.000000e+01	1.189287e+10
-3.000000e+01	1.299757e+10
-2.000000e+01	1.410970e+10
-1.000000e+01	1.528005e+10
0.000000e+00	1.644890e+10
1.000000e+01	1.768245e+10
2.000000e+01	1.895428e+10
3.500000e+01	2.096094e+10
5.000000e+01	2.300889e+10
7.500000e+01	2.647959e+10
1.000000e+02	3.017705e+10
1.250000e+02	3.408637e+10
1.500000e+02	3.822426e+10
1.750000e+02	4.237684e+10
2.000000e+02	4.662499e+10
2.500000e+02	5.512423e+10
3.000000e+02	6.353225e+10
3.500000e+02	7.109113e+10
4.000000e+02	7.688740e+10
4.500000e+02	7.980158e+10
4.900000e+02	7.906788e+10
5.250000e+02	7.625771e+10
5.600000e+02	7.166093e+10
6.150000e+02	6.147602e+10
6.600000e+02	5.171570e+10
7.000000e+02	4.272991e+10
7.500000e+02	3.262917e+10
8.000000e+02	2.421370e+10
8.540000e+02	1.712552e+10
9.000000e+02	1.270846e+10
9.460000e+02	9.480081e+09
9.710000e+02	8.083769e+09
1.003000e+03	6.631123e+09
1.032000e+03	5.552822e+09
1.065000e+03	4.541570e+09
1.101000e+03	3.650056e+09
1.143000e+03	2.834565e+09
1.214000e+03	1.853377e+09
1.299000e+03	1.111045e+09
1.398000e+03	6.066824e+08
1.520000e+03	2.840539e+08
1.617000e+03	1.565359e+08
1.722000e+03	8.261208e+07
1.820000e+03	4.600997e+07
1.894000e+03	2.975431e+07
1.946000e+03	2.207607e+07
1.989000e+03	1.734622e+07
2.024000e+03	1.432136e+07
2.055000e+03	1.212770e+07
2.083000e+03	1.047949e+07
2.098000e+03	9.704154e+06
2.110000e+03	9.133249e+06
2.120000e+03	8.676335e+06
2.126000e+03	8.370853e+06
2.130000e+03	8.132478e+06
2.132000e+03	7.957998e+06
2.134000e+03	7.658167e+06
2.136000e+03	7.163865e+06
2.138000e+03	6.095738e+06
2.141930e+03	3.055287e+06
2.145160e+03	7.542765e+05
2.147050e+03	3.118218e+05
2.148650e+03	2.016488e+05
2.150120e+03	1.309015e+05
2.151160e+03	9.568408e+04
2.152030e+03	7.410204e+04
2.152870e+03	5.865125e+04
2.153480e+03	5.010185e+04
2.154070e+03	4.353939e+04
2.154730e+03	3.737632e+04
2.155500e+03	3.180856e+04
2.156160e+03	2.817005e+04
2.156820e+03	2.525987e+04
2.157570e+03	2.266340e+04
2.158210e+03	2.090726e+04
2.158840e+03	1.947039e+04
2.159420e+03	1.833929e+04
2.160010e+03	1.723668e+04
2.160630e+03	1.610499e+04
2.161260e+03	1.512946e+04
2.162290e+03	1.382903e+04
2.163290e+03	1.280944e+04
2.164560e+03	1.177251e+04
2.166030e+03	1.081764e+04
2.167690e+03	9.960972e+03
2.169990e+03	9.038702e+03
2.172320e+03	8.311736e+03
2.175280e+03	7.584059e+03
2.178740e+03	6.924127e+03
2.182440e+03	6.366523e+03
2.186080e+03	5.924706e+03
2.191460e+03	5.405284e+03
2.196520e+03	5.018377e+03
2.201920e+03	4.678458e+03
2.207660e+03	4.384822e+03
2.213740e+03	4.103205e+03
2.220040e+03	3.609730e+03
2.227740e+03	3.161715e+03
2.235290e+03	2.836416e+03
2.243320e+03	2.560798e+03
2.251640e+03	2.339028e+03
2.259430e+03	2.167117e+03
2.269690e+03	1.985297e+03
2.282380e+03	1.806766e+03
2.294370e+03	1.671399e+03
2.308550e+03	1.540086e+03
2.325780e+03	1.413272e+03
2.346100e+03	1.293826e+03
2.378190e+03	1.150835e+03
2.418660e+03	9.992550e+02
2.457900e+03	8.336018e+02
2.495560e+03	7.261211e+02
2.535470e+03	6.438885e+02
2.578230e+03	5.791271e+02
2.628320e+03	5.239154e+02
2.688100e+03	4.420308e+02
2.761490e+03	3.430647e+02
2.844400e+03	2.777652e+02
2.970760e+03	1.904894e+02
3.133790e+03	1.374506e+02
3.424990e+03	7.175732e+01
3.752710e+03	3.447909e+01
4.295860e+03	6.054601e+00
4.968640e+03	1.444219e+00
5.762830e+03	2.466690e-01
7.360820e+03	5.778624e-03
8.974240e+03	1.481055e-03
1.159620e+04	6.963240e-04
1.539200e+04	2.747214e-04
2.113310e+04	1.346248e-04
2.667660e+04	8.111414e-05
3.607950e+04	4.334355e-05
4.700930e+04	2.073991e-05
6.808440e+04	6.049831e-06
