-1.000000e+02	1.000000e+00
-9.000000e+01	4.682176e-01
-8.000000e+01	4.986979e-01
-7.000000e+01	5.339824e-01
-6.000000e+01	5.733033e-01
-5.000000e+01	6.166314e-01
-4.000000e+01	6.637485e-01
-3.000000e+01	7.158985e-01
-2.000000e+01	7.688449e-01
-1.000000e+01	8.203452e-01
0.000000e+00	8.480387e-01
1.000000e+01	8.773012e-01
2.000000e+01	9.074963e-01
3.500000e+01	9.551625e-01
5.000000e+01	1.003826e+00
7.500000e+01	1.086314e+00
1.000000e+02	1.174197e+00
1.250000e+02	1.267120e+00
1.500000e+02	1.278716e+00
1.750000e+02	1.263958e+00
2.000000e+02	1.248861e+00
2.500000e+02	1.218657e+00
3.000000e+02	1.188776e+00
3.500000e+02	1.161913e+00
4.000000e+02	1.140061e+00
4.500000e+02	1.128210e+00
4.900000e+02	1.131193e+00
5.250000e+02	1.142622e+00
5.600000e+02	1.159888e+00
6.150000e+02	1.196084e+00
6.600000e+02	1.230770e+00
7.000000e+02	1.262704e+00
7.500000e+02	1.232478e+00
8.000000e+02	1.032441e+00
8.540000e+02	8.639570e-01
9.000000e+02	7.006508e-01
9.460000e+02	5.454572e-01
9.710000e+02	4.783379e-01
1.003000e+03	4.085093e-01
1.032000e+03	3.645951e-01
1.065000e+03	3.324899e-01
1.101000e+03	3.041849e-01
1.143000e+03	2.980470e-01
1.214000e+03	3.600878e-01
1.299000e+03	6.119766e-01
1.398000e+03	1.604277e+00
1.520000e+03	3.374444e+00
1.617000e+03	5.584771e+00
1.722000e+03	7.161694e+00
1.820000e+03	9.109414e+00
1.894000e+03	9.942682e+00
1.946000e+03	1.016088e+01
1.989000e+03	1.009167e+01
2.024000e+03	1.004730e+01
2.055000e+03	1.001505e+01
2.083000e+03	9.838954e+00
2.098000e+03	9.639338e+00
2.110000e+03	9.492770e+00
2.120000e+03	9.378311e+00
2.126000e+03	9.307617e+00
2.130000e+03	9.257236e+00
2.132000e+03	9.225856e+00
2.134000e+03	9.180841e+00
2.136000e+03	9.116906e+00
2.138000e+03	9.002244e+00
2.141930e+03	8.698952e+00
2.145160e+03	7.212065e+00
2.147050e+03	6.078595e+00
2.148650e+03	5.397575e+00
2.150120e+03	5.199293e+00
2.151160e+03	5.064919e+00
2.152030e+03	4.961557e+00
2.152870e+03	4.872116e+00
2.153480e+03	4.814838e+00
2.154070e+03	4.765753e+00
2.154730e+03	4.734605e+00
2.155500e+03	4.723728e+00
2.156160e+03	4.715929e+00
2.156820e+03	4.709235e+00
2.157570e+03	4.702914e+00
2.158210e+03	4.698403e+00
2.158840e+03	4.694562e+00
2.159420e+03	4.691423e+00
2.160010e+03	4.726775e+00
2.160630e+03	4.798814e+00
2.161260e+03	4.864017e+00
2.162290e+03	4.955894e+00
2.163290e+03	5.032620e+00
2.164560e+03	5.115240e+00
2.166030e+03	5.196008e+00
2.167690e+03	5.272801e+00
2.169990e+03	5.360634e+00
2.172320e+03	5.434119e+00
2.175280e+03	5.511969e+00
2.178740e+03	5.586761e+00
2.182440e+03	5.653411e+00
2.186080e+03	5.708712e+00
2.191460e+03	5.776865e+00
2.196520e+03	5.830034e+00
2.201920e+03	5.878582e+00
2.207660e+03	5.922036e+00
2.213740e+03	5.989256e+00
2.220040e+03	6.471339e+00
2.227740e+03	6.984426e+00
2.235290e+03	7.414197e+00
2.243320e+03	7.824479e+00
2.251640e+03	8.191333e+00
2.259430e+03	8.501916e+00
2.269690e+03	8.859157e+00
2.282380e+03	9.242767e+00
2.294370e+03	9.558639e+00
2.308550e+03	9.888304e+00
2.325780e+03	1.023135e+01
2.346100e+03	1.057938e+01
2.378190e+03	1.103232e+01
2.418660e+03	1.173432e+01
2.457900e+03	1.316298e+01
2.495560e+03	1.429604e+01
2.535470e+03	1.530741e+01
2.578230e+03	1.621297e+01
2.628320e+03	1.707532e+01
2.688100e+03	1.923200e+01
2.761490e+03	2.344949e+01
2.844400e+03	2.742197e+01
2.970760e+03	3.722956e+01
3.133790e+03	4.777019e+01
3.424990e+03	8.199487e+01
3.752710e+03	1.548078e+02
4.295860e+03	7.778841e+02
4.968640e+03	2.894210e+03
5.762830e+03	1.515222e+04
7.360820e+03	5.447484e+05
8.974240e+03	1.857227e+06
1.159620e+04	3.319196e+06
1.539200e+04	6.897025e+06
2.113310e+04	1.108915e+07
2.667660e+04	1.521843e+07
3.607950e+04	2.168435e+07
4.700930e+04	3.463052e+07
6.808440e+04	7.656612e+07
