-1.000000e+02	1.000000e+00
-9.000000e+01	9.644747e-01
-8.000000e+01	9.667118e-01
-7.000000e+01	9.693015e-01
-6.000000e+01	9.721874e-01
-5.000000e+01	9.753674e-01
-4.000000e+01	9.788256e-01
-3.000000e+01	9.826531e-01
-2.000000e+01	9.865391e-01
-1.000000e+01	9.900917e-01
0.000000e+00	9.906759e-01
1.000000e+01	9.912933e-01
2.000000e+01	9.919303e-01
3.500000e+01	9.929359e-01
5.000000e+01	9.939626e-01
7.500000e+01	9.957028e-01
1.000000e+02	9.975569e-01
1.250000e+02	9.995173e-01
1.500000e+02	1.000000e+00
1.750000e+02	1.000000e+00
2.000000e+02	1.000000e+00
2.500000e+02	1.000000e+00
3.000000e+02	1.000000e+00
3.500000e+02	1.000000e+00
4.000000e+02	1.000000e+00
4.500000e+02	1.000000e+00
4.900000e+02	1.000000e+00
5.250000e+02	1.000000e+00
5.600000e+02	1.000000e+00
6.150000e+02	1.000000e+00
6.600000e+02	1.000000e+00
7.000000e+02	1.000000e+00
7.500000e+02	9.987865e-01
8.000000e+02	9.945663e-01
8.540000e+02	9.910118e-01
9.000000e+02	9.815340e-01
9.460000e+02	9.701436e-01
9.710000e+02	9.652175e-01
1.003000e+03	9.600924e-01
1.032000e+03	9.519057e-01
1.065000e+03	9.392048e-01
1.101000e+03	9.280072e-01
1.143000e+03	9.166966e-01
1.214000e+03	9.096764e-01
1.299000e+03	9.470008e-01
1.398000e+03	1.113219e+00
1.520000e+03	1.454455e+00
1.617000e+03	1.817649e+00
1.722000e+03	2.088529e+00
1.820000e+03	2.351541e+00
1.894000e+03	2.487893e+00
1.946000e+03	2.565207e+00
1.989000e+03	2.627495e+00
2.024000e+03	2.667434e+00
2.055000e+03	2.696456e+00
2.083000e+03	2.722837e+00
2.098000e+03	2.738748e+00
2.110000e+03	2.750431e+00
2.120000e+03	2.759555e+00
2.126000e+03	2.765190e+00
2.130000e+03	2.769206e+00
2.132000e+03	2.771707e+00
2.134000e+03	2.775295e+00
2.136000e+03	2.780392e+00
2.138000e+03	2.789531e+00
2.141930e+03	2.813707e+00
2.145160e+03	2.863861e+00
2.147050e+03	2.899171e+00
2.148650e+03	2.922596e+00
2.150120e+03	2.964028e+00
2.151160e+03	2.992107e+00
2.152030e+03	3.013704e+00
2.152870e+03	3.032394e+00
2.153480e+03	3.044362e+00
2.154070e+03	3.054619e+00
2.154730e+03	3.071869e+00
2.155500e+03	3.095799e+00
2.156160e+03	3.112957e+00
2.156820e+03	3.127683e+00
2.157570e+03	3.141589e+00
2.158210e+03	3.151513e+00
2.158840e+03	3.159964e+00
2.159420e+03	3.166869e+00
2.160010e+03	3.178977e+00
2.160630e+03	3.196561e+00
2.161260e+03	3.212477e+00
2.162290e+03	3.234903e+00
2.163290e+03	3.253632e+00
2.164560e+03	3.273799e+00
2.166030e+03	3.293514e+00
2.167690e+03	3.312258e+00
2.169990e+03	3.333698e+00
2.172320e+03	3.351635e+00
2.175280e+03	3.370638e+00
2.178740e+03	3.388894e+00
2.182440e+03	3.405163e+00
2.186080e+03	3.418662e+00
2.191460e+03	3.435298e+00
2.196520e+03	3.448276e+00
2.201920e+03	3.460126e+00
2.207660e+03	3.470733e+00
2.213740e+03	3.482958e+00
2.220040e+03	3.531698e+00
2.227740e+03	3.583572e+00
2.235290e+03	3.627024e+00
2.243320e+03	3.668504e+00
2.251640e+03	3.705594e+00
2.259430e+03	3.736995e+00
2.269690e+03	3.773113e+00
2.282380e+03	3.811897e+00
2.294370e+03	3.843833e+00
2.308550e+03	3.877163e+00
2.325780e+03	3.911846e+00
2.346100e+03	3.947032e+00
2.378190e+03	3.992827e+00
2.418660e+03	4.052108e+00
2.457900e+03	4.146584e+00
2.495560e+03	4.221512e+00
2.535470e+03	4.288393e+00
2.578230e+03	4.348277e+00
2.628320e+03	4.405304e+00
2.688100e+03	4.502769e+00
2.761490e+03	4.664980e+00
2.844400e+03	4.817768e+00
2.970760e+03	5.077441e+00
3.133790e+03	5.348611e+00
3.424990e+03	5.909874e+00
3.752710e+03	6.649747e+00
4.295860e+03	8.345851e+00
4.968640e+03	8.890545e+00
5.762830e+03	1.400000e+00
7.360820e+03	1.400000e+00
8.974240e+03	1.400000e+00
1.159620e+04	1.400000e+00
1.539200e+04	1.400000e+00
2.113310e+04	1.400000e+00
2.667660e+04	1.400000e+00
3.607950e+04	1.400000e+00
4.700930e+04	1.400000e+00
6.808440e+04	1.400000e+00
