-1.000000e+02	2.033086e+13
-9.000000e+01	1.922111e+11
-8.000000e+01	2.398411e+11
-7.000000e+01	3.059277e+11
-6.000000e+01	3.900183e+11
-5.000000e+01	4.920247e+11
-4.000000e+01	6.091581e+11
-3.000000e+01	7.413548e+11
-2.000000e+01	8.696816e+11
-1.000000e+01	1.001782e+12
0.000000e+00	1.127049e+12
1.000000e+01	1.256190e+12
2.000000e+01	1.385239e+12
3.500000e+01	1.583476e+12
5.000000e+01	1.779743e+12
7.500000e+01	2.106909e+12
1.000000e+02	2.459395e+12
1.250000e+02	2.841977e+12
1.500000e+02	3.259950e+12
1.750000e+02	3.696318e+12
2.000000e+02	4.164212e+12
2.500000e+02	5.189369e+12
3.000000e+02	6.367351e+12
3.500000e+02	7.675316e+12
4.000000e+02	9.059586e+12
4.500000e+02	1.040188e+13
4.900000e+02	1.127715e+13
5.250000e+02	1.183688e+13
5.600000e+02	1.215891e+13
6.150000e+02	1.206049e+13
6.600000e+02	1.143931e+13
7.000000e+02	1.048894e+13
7.500000e+02	9.052991e+12
8.000000e+02	7.491193e+12
8.540000e+02	5.816706e+12
9.000000e+02	4.583639e+12
9.460000e+02	3.578275e+12
9.710000e+02	3.104713e+12
1.003000e+03	2.596593e+12
1.032000e+03	2.205275e+12
1.065000e+03	1.833289e+12
1.101000e+03	1.495510e+12
1.143000e+03	1.179430e+12
1.214000e+03	7.867629e+11
1.299000e+03	4.724279e+11
1.398000e+03	2.448420e+11
1.520000e+03	9.060392e+10
1.617000e+03	3.505459e+10
1.722000e+03	1.262386e+10
1.820000e+03	4.690130e+09
1.894000e+03	2.356342e+09
1.946000e+03	1.463704e+09
1.989000e+03	9.861890e+08
2.024000e+03	7.265034e+08
2.055000e+03	5.597742e+08
2.083000e+03	4.451841e+08
2.098000e+03	3.941648e+08
2.110000e+03	3.578256e+08
2.120000e+03	3.278011e+08
2.126000e+03	3.048295e+08
2.130000e+03	2.851693e+08
2.132000e+03	2.690143e+08
2.134000e+03	2.408481e+08
2.136000e+03	2.011150e+08
2.138000e+03	1.411715e+08
2.141930e+03	5.794332e+07
2.145160e+03	1.656016e+07
2.147050e+03	7.928243e+06
2.148650e+03	9.290101e+06
2.150120e+03	1.131217e+07
2.151160e+03	1.271092e+07
2.152030e+03	1.368671e+07
2.152870e+03	1.437506e+07
2.153480e+03	1.540369e+07
2.154070e+03	1.637790e+07
2.154730e+03	1.736141e+07
2.155500e+03	1.831523e+07
2.156160e+03	1.897772e+07
2.156820e+03	1.952607e+07
2.157570e+03	2.003530e+07
2.158210e+03	2.037993e+07
2.158840e+03	2.048011e+07
2.159420e+03	2.033409e+07
2.160010e+03	2.018434e+07
2.160630e+03	2.001977e+07
2.161260e+03	1.985310e+07
2.162290e+03	1.958858e+07
2.163290e+03	1.933408e+07
2.164560e+03	1.902796e+07
2.166030e+03	1.869288e+07
2.167690e+03	1.833900e+07
2.169990e+03	1.788997e+07
2.172320e+03	1.747594e+07
2.175280e+03	1.699592e+07
2.178740e+03	1.649222e+07
2.182440e+03	1.600703e+07
2.186080e+03	1.557739e+07
2.191460e+03	1.500231e+07
2.196520e+03	1.446896e+07
2.201920e+03	1.396366e+07
2.207660e+03	1.349569e+07
2.213740e+03	1.305149e+07
2.220040e+03	1.264413e+07
2.227740e+03	1.220003e+07
2.235290e+03	1.181752e+07
2.243320e+03	1.144420e+07
2.251640e+03	1.110324e+07
2.259430e+03	1.080935e+07
2.269690e+03	1.046491e+07
2.282380e+03	9.961542e+06
2.294370e+03	9.494246e+06
2.308550e+03	9.016366e+06
2.325780e+03	8.528872e+06
2.346100e+03	8.044417e+06
2.378190e+03	7.428474e+06
2.418660e+03	6.832111e+06
2.457900e+03	6.375193e+06
2.495560e+03	6.017606e+06
2.535470e+03	5.702236e+06
2.578230e+03	5.423443e+06
2.628320e+03	5.161816e+06
2.688100e+03	4.899989e+06
2.761490e+03	4.631828e+06
2.844400e+03	4.380273e+06
2.970760e+03	4.072028e+06
3.133790e+03	3.763423e+06
3.424990e+03	2.945945e+06
3.752710e+03	2.383376e+06
4.295860e+03	1.872927e+06
4.968640e+03	1.523009e+06
5.762830e+03	1.273514e+06
7.360820e+03	9.039478e+05
8.974240e+03	6.524316e+05
1.159620e+04	3.653713e+05
1.539200e+04	1.470235e+05
2.113310e+04	2.554207e+04
2.667660e+04	1.459459e+03
3.607950e+04	6.741373e+00
4.700930e+04	9.302590e-01
6.808440e+04	1.750945e-01
