-1.000000e+02	1.885317e+08
-9.000000e+01	9.160003e+05
-8.000000e+01	1.075943e+06
-7.000000e+01	1.291739e+06
-6.000000e+01	1.567983e+06
-5.000000e+01	1.916633e+06
-4.000000e+01	2.348803e+06
-3.000000e+01	2.880747e+06
-2.000000e+01	3.456098e+06
-1.000000e+01	4.128359e+06
0.000000e+00	4.842458e+06
1.000000e+01	5.667810e+06
2.000000e+01	6.581348e+06
3.500000e+01	8.167287e+06
5.000000e+01	9.916804e+06
7.500000e+01	1.316151e+07
1.000000e+02	1.750495e+07
1.250000e+02	2.421939e+07
1.500000e+02	3.506387e+07
1.750000e+02	5.044818e+07
2.000000e+02	7.297474e+07
2.500000e+02	1.440055e+08
3.000000e+02	2.846768e+08
3.500000e+02	5.414803e+08
4.000000e+02	9.631178e+08
4.500000e+02	1.524379e+09
4.900000e+02	1.893714e+09
5.250000e+02	2.120515e+09
5.600000e+02	2.238166e+09
6.150000e+02	2.077959e+09
6.600000e+02	1.657350e+09
7.000000e+02	1.064262e+09
7.500000e+02	4.727150e+08
8.000000e+02	1.639436e+08
8.540000e+02	5.594772e+07
9.000000e+02	3.226052e+07
9.460000e+02	2.128317e+07
9.710000e+02	1.708219e+07
1.003000e+03	1.320011e+07
1.032000e+03	1.052789e+07
1.065000e+03	8.474266e+06
1.101000e+03	6.708378e+06
1.143000e+03	5.138397e+06
1.214000e+03	3.256325e+06
1.299000e+03	1.736432e+06
1.398000e+03	6.765570e+05
1.520000e+03	1.441076e+05
1.617000e+03	3.874259e+04
1.722000e+03	1.146203e+04
1.820000e+03	3.795425e+03
1.894000e+03	1.826225e+03
1.946000e+03	1.110776e+03
1.989000e+03	7.385917e+02
2.024000e+03	5.402692e+02
2.055000e+03	4.146765e+02
2.083000e+03	3.297080e+02
2.098000e+03	2.923921e+02
2.110000e+03	2.660810e+02
2.120000e+03	2.456383e+02
2.126000e+03	2.321844e+02
2.130000e+03	2.218969e+02
2.132000e+03	2.145612e+02
2.134000e+03	2.027397e+02
2.136000e+03	1.857097e+02
2.138000e+03	1.572026e+02
2.141930e+03	1.025250e+02
2.145160e+03	5.471831e+01
2.147050e+03	5.453117e+01
2.148650e+03	1.170971e+02
2.150120e+03	2.321862e+02
2.151160e+03	3.630071e+02
2.152030e+03	5.033956e+02
2.152870e+03	6.570272e+02
2.153480e+03	8.090755e+02
2.154070e+03	9.680836e+02
2.154730e+03	1.155687e+03
2.155500e+03	1.369963e+03
2.156160e+03	1.543573e+03
2.156820e+03	1.707548e+03
2.157570e+03	1.879791e+03
2.158210e+03	2.011706e+03
2.158840e+03	2.111769e+03
2.159420e+03	2.172461e+03
2.160010e+03	2.225220e+03
2.160630e+03	2.273689e+03
2.161260e+03	2.316665e+03
2.162290e+03	2.375517e+03
2.163290e+03	2.420988e+03
2.164560e+03	2.466787e+03
2.166030e+03	2.507123e+03
2.167690e+03	2.540459e+03
2.169990e+03	2.571651e+03
2.172320e+03	2.591119e+03
2.175280e+03	2.603656e+03
2.178740e+03	2.606606e+03
2.182440e+03	2.600952e+03
2.186080e+03	2.589667e+03
2.191460e+03	2.564658e+03
2.196520e+03	2.527184e+03
2.201920e+03	2.486925e+03
2.207660e+03	2.445455e+03
2.213740e+03	2.403009e+03
2.220040e+03	2.360887e+03
2.227740e+03	2.312259e+03
2.235290e+03	2.267507e+03
2.243320e+03	2.221750e+03
2.251640e+03	2.178148e+03
2.259430e+03	2.139281e+03
2.269690e+03	2.092148e+03
2.282380e+03	2.012591e+03
2.294370e+03	1.934495e+03
2.308550e+03	1.853520e+03
2.325780e+03	1.769557e+03
2.346100e+03	1.684788e+03
2.378190e+03	1.574949e+03
2.418660e+03	1.466170e+03
2.457900e+03	1.381159e+03
2.495560e+03	1.313556e+03
2.535470e+03	1.253126e+03
2.578230e+03	1.199209e+03
2.628320e+03	1.148419e+03
2.688100e+03	1.096879e+03
2.761490e+03	1.043355e+03
2.844400e+03	9.924621e+02
2.970760e+03	9.291894e+02
3.133790e+03	8.648327e+02
3.424990e+03	6.814709e+02
3.752710e+03	5.543099e+02
4.295860e+03	4.384433e+02
4.968640e+03	3.585448e+02
5.762830e+03	3.012299e+02
7.360820e+03	2.149779e+02
8.974240e+03	1.556494e+02
1.159620e+04	8.739754e+01
1.539200e+04	3.524850e+01
2.113310e+04	6.139909e+00
2.667660e+04	3.516582e-01
3.607950e+04	1.629544e-03
4.700930e+04	2.254297e-04
6.808440e+04	4.256262e-05
