-1.000000e+02	3.374084e+10
-9.000000e+01	3.916354e+08
-8.000000e+01	4.528743e+08
-7.000000e+01	5.338638e+08
-6.000000e+01	6.353810e+08
-5.000000e+01	7.610216e+08
-4.000000e+01	9.138576e+08
-3.000000e+01	1.105614e+09
-2.000000e+01	1.315412e+09
-1.000000e+01	1.562751e+09
0.000000e+00	1.848812e+09
1.000000e+01	2.181425e+09
2.000000e+01	2.552178e+09
3.500000e+01	3.203098e+09
5.000000e+01	3.936887e+09
7.500000e+01	5.368880e+09
1.000000e+02	7.453888e+09
1.250000e+02	1.084530e+10
1.500000e+02	1.696013e+10
1.750000e+02	2.538579e+10
2.000000e+02	3.695489e+10
2.500000e+02	6.902186e+10
3.000000e+02	1.233209e+11
3.500000e+02	2.084161e+11
4.000000e+02	3.291291e+11
4.500000e+02	4.643962e+11
4.900000e+02	5.191597e+11
5.250000e+02	5.226218e+11
5.600000e+02	4.882797e+11
6.150000e+02	3.545677e+11
6.600000e+02	2.183991e+11
7.000000e+02	1.051705e+11
7.500000e+02	3.307956e+10
8.000000e+02	9.435521e+09
8.540000e+02	3.483546e+09
9.000000e+02	2.028866e+09
9.460000e+02	1.307512e+09
9.710000e+02	1.035760e+09
1.003000e+03	7.886102e+08
1.032000e+03	6.159584e+08
1.065000e+03	4.608669e+08
1.101000e+03	3.371173e+08
1.143000e+03	2.280289e+08
1.214000e+03	1.079382e+08
1.299000e+03	3.818831e+07
1.398000e+03	9.509319e+06
1.520000e+03	2.103461e+06
1.617000e+03	6.720161e+05
1.722000e+03	2.292245e+05
1.820000e+03	8.555488e+04
1.894000e+03	4.307963e+04
1.946000e+03	2.747044e+04
1.989000e+03	1.933754e+04
2.024000e+03	1.463489e+04
2.055000e+03	1.149574e+04
2.083000e+03	9.363616e+03
2.098000e+03	8.447757e+03
2.110000e+03	7.785796e+03
2.120000e+03	7.258832e+03
2.126000e+03	6.901547e+03
2.130000e+03	6.621761e+03
2.132000e+03	6.416534e+03
2.134000e+03	6.077699e+03
2.136000e+03	5.580748e+03
2.138000e+03	4.730464e+03
2.141930e+03	3.053673e+03
2.145160e+03	2.104472e+03
2.147050e+03	4.449544e+03
2.148650e+03	1.153581e+04
2.150120e+03	2.287475e+04
2.151160e+03	3.565259e+04
2.152030e+03	4.931728e+04
2.152870e+03	6.423574e+04
2.153480e+03	7.536161e+04
2.154070e+03	8.569095e+04
2.154730e+03	9.634623e+04
2.155500e+03	1.067830e+05
2.156160e+03	1.142874e+05
2.156820e+03	1.206884e+05
2.157570e+03	1.268850e+05
2.158210e+03	1.312181e+05
2.158840e+03	1.348659e+05
2.159420e+03	1.377198e+05
2.160010e+03	1.390164e+05
2.160630e+03	1.389688e+05
2.161260e+03	1.388438e+05
2.162290e+03	1.385293e+05
2.163290e+03	1.380275e+05
2.164560e+03	1.372945e+05
2.166030e+03	1.363291e+05
2.167690e+03	1.351484e+05
2.169990e+03	1.334569e+05
2.172320e+03	1.317329e+05
2.175280e+03	1.295451e+05
2.178740e+03	1.270532e+05
2.182440e+03	1.244924e+05
2.186080e+03	1.221057e+05
2.191460e+03	1.188000e+05
2.196520e+03	1.159315e+05
2.201920e+03	1.130831e+05
2.207660e+03	1.103282e+05
2.213740e+03	1.071509e+05
2.220040e+03	9.742617e+04
2.227740e+03	8.839091e+04
2.235290e+03	8.163267e+04
2.243320e+03	7.576685e+04
2.251640e+03	7.093136e+04
2.259430e+03	6.710346e+04
2.269690e+03	6.296158e+04
2.282380e+03	5.879584e+04
2.294370e+03	5.555204e+04
2.308550e+03	5.233293e+04
2.325780e+03	4.913870e+04
2.346100e+03	4.604709e+04
2.378190e+03	4.222048e+04
2.418660e+03	3.778044e+04
2.457900e+03	3.227907e+04
2.495560e+03	2.865375e+04
2.535470e+03	2.584029e+04
2.578230e+03	2.360040e+04
2.628320e+03	2.168000e+04
2.688100e+03	1.857723e+04
2.761490e+03	1.465050e+04
2.844400e+03	1.203833e+04
2.970760e+03	8.406908e+03
3.133790e+03	6.174768e+03
3.424990e+03	3.297924e+03
3.752710e+03	1.613207e+03
4.295860e+03	2.890080e+02
4.968640e+03	7.006368e+01
5.762830e+03	1.212512e+01
7.360820e+03	2.888966e-01
8.974240e+03	7.486668e-02
1.159620e+04	3.561797e-02
1.539200e+04	1.420616e-02
2.113310e+04	7.033468e-03
2.667660e+04	4.265638e-03
3.607950e+04	2.296578e-03
4.700930e+04	1.105354e-03
6.808440e+04	3.247726e-04
