-1.000000e+02	1.907612e+09
-9.000000e+01	7.436698e+07
-8.000000e+01	3.871302e+07
-7.000000e+01	1.721053e+07
-6.000000e+01	6.956360e+06
-5.000000e+01	2.605089e+06
-4.000000e+01	9.283586e+05
-3.000000e+01	3.043381e+05
-2.000000e+01	1.116381e+05
-1.000000e+01	4.133793e+04
0.000000e+00	1.741880e+04
1.000000e+01	7.335322e+03
2.000000e+01	3.253048e+03
3.500000e+01	1.007534e+03
5.000000e+01	3.723553e+02
7.500000e+01	1.032445e+02
1.000000e+02	3.361307e+01
1.250000e+02	1.209563e+01
1.500000e+02	4.502862e+00
1.750000e+02	2.111751e+00
2.000000e+02	1.068322e+00
2.500000e+02	3.590641e-01
3.000000e+02	1.113249e-01
3.500000e+02	3.140955e-02
4.000000e+02	7.918014e-03
4.500000e+02	2.025217e-03
4.900000e+02	1.045312e-03
5.250000e+02	7.497342e-04
5.600000e+02	6.571828e-04
6.150000e+02	1.061696e-03
6.600000e+02	2.888677e-03
7.000000e+02	1.546863e-02
7.500000e+02	1.768287e-01
8.000000e+02	2.788321e+00
8.540000e+02	5.724866e+01
9.000000e+02	3.946969e+02
9.460000e+02	1.573561e+03
9.710000e+02	3.060667e+03
1.003000e+03	5.444835e+03
1.032000e+03	7.933687e+03
1.065000e+03	1.053713e+04
1.101000e+03	1.287828e+04
1.143000e+03	1.393023e+04
1.214000e+03	1.237012e+04
1.299000e+03	9.744063e+03
1.398000e+03	8.238208e+03
1.520000e+03	9.423092e+03
1.617000e+03	1.146874e+04
1.722000e+03	1.158004e+04
1.820000e+03	1.158666e+04
1.894000e+03	1.064718e+04
1.946000e+03	1.009224e+04
1.989000e+03	9.794424e+03
2.024000e+03	9.480146e+03
2.055000e+03	9.194399e+03
2.083000e+03	9.035866e+03
2.098000e+03	9.020891e+03
2.110000e+03	9.060107e+03
2.120000e+03	9.396371e+03
2.126000e+03	1.028097e+04
2.130000e+03	1.159766e+04
2.132000e+03	1.335736e+04
2.134000e+03	1.818846e+04
2.136000e+03	3.076757e+04
2.138000e+03	8.776778e+04
2.141930e+03	1.081216e+06
2.145160e+03	2.728726e+07
2.147050e+03	5.799595e+08
2.148650e+03	3.674617e+09
2.150120e+03	1.394859e+10
2.151160e+03	3.261562e+10
2.152030e+03	5.903798e+10
2.152870e+03	9.176972e+10
2.153480e+03	1.121839e+11
2.154070e+03	1.282483e+11
2.154730e+03	1.419353e+11
2.155500e+03	1.517877e+11
2.156160e+03	1.560029e+11
2.156820e+03	1.575588e+11
2.157570e+03	1.574223e+11
2.158210e+03	1.561989e+11
2.158840e+03	1.548686e+11
2.159420e+03	1.536461e+11
2.160010e+03	1.521264e+11
2.160630e+03	1.502773e+11
2.161260e+03	1.482873e+11
2.162290e+03	1.449854e+11
2.163290e+03	1.417504e+11
2.164560e+03	1.378238e+11
2.166030e+03	1.335373e+11
2.167690e+03	1.290531e+11
2.169990e+03	1.234366e+11
2.172320e+03	1.183288e+11
2.175280e+03	1.124905e+11
2.178740e+03	1.064442e+11
2.182440e+03	1.006712e+11
2.186080e+03	9.558780e+10
2.191460e+03	8.893997e+10
2.196520e+03	8.344588e+10
2.201920e+03	7.817831e+10
2.207660e+03	7.327204e+10
2.213740e+03	6.857842e+10
2.220040e+03	6.429875e+10
2.227740e+03	5.963909e+10
2.235290e+03	5.569813e+10
2.243320e+03	5.190652e+10
2.251640e+03	4.851022e+10
2.259430e+03	4.563807e+10
2.269690e+03	4.235744e+10
2.282380e+03	3.870601e+10
2.294370e+03	3.567331e+10
2.308550e+03	3.256693e+10
2.325780e+03	2.943225e+10
2.346100e+03	2.637063e+10
2.378190e+03	2.260513e+10
2.418660e+03	1.915646e+10
2.457900e+03	1.667249e+10
2.495560e+03	1.483981e+10
2.535470e+03	1.331095e+10
2.578230e+03	1.201754e+10
2.628320e+03	1.083558e+10
2.688100e+03	9.730295e+09
2.761490e+03	8.677268e+09
2.844400e+03	7.760547e+09
2.970760e+03	6.728640e+09
3.133790e+03	5.792218e+09
3.424990e+03	4.213015e+09
3.752710e+03	3.196854e+09
4.295860e+03	2.318970e+09
4.968640e+03	1.757271e+09
5.762830e+03	1.384020e+09
7.360820e+03	9.109464e+08
8.974240e+03	6.261114e+08
1.159620e+04	3.332231e+08
1.539200e+04	1.277908e+08
2.113310e+04	2.114119e+07
2.667660e+04	1.167558e+06
3.607950e+04	5.176870e+03
4.700930e+04	6.919796e+02
6.808440e+04	1.252109e+02
