-1.000000e+02	6.664459e+06
-9.000000e+01	2.824767e+04
-8.000000e+01	2.894188e+04
-7.000000e+01	2.938712e+04
-6.000000e+01	2.961319e+04
-5.000000e+01	2.960197e+04
-4.000000e+01	2.937655e+04
-3.000000e+01	2.865757e+04
-2.000000e+01	2.793723e+04
-1.000000e+01	2.716853e+04
0.000000e+00	2.662012e+04
1.000000e+01	2.602484e+04
2.000000e+01	2.550404e+04
3.500000e+01	2.477755e+04
5.000000e+01	2.440367e+04
7.500000e+01	2.466509e+04
1.000000e+02	2.596022e+04
1.250000e+02	2.941760e+04
1.500000e+02	3.565825e+04
1.750000e+02	4.532875e+04
2.000000e+02	5.929094e+04
2.500000e+02	1.017926e+05
3.000000e+02	1.782707e+05
3.500000e+02	3.072794e+05
4.000000e+02	5.117350e+05
4.500000e+02	7.947614e+05
4.900000e+02	1.002112e+06
5.250000e+02	1.139699e+06
5.600000e+02	1.215331e+06
6.150000e+02	1.128455e+06
6.600000e+02	9.011449e+05
7.000000e+02	6.098454e+05
7.500000e+02	3.230876e+05
8.000000e+02	1.535452e+05
8.540000e+02	8.348536e+04
9.000000e+02	7.000375e+04
9.460000e+02	6.204415e+04
9.710000e+02	5.761948e+04
1.003000e+03	5.088086e+04
1.032000e+03	4.452390e+04
1.065000e+03	3.904090e+04
1.101000e+03	3.323400e+04
1.143000e+03	2.688869e+04
1.214000e+03	1.777446e+04
1.299000e+03	9.663455e+03
1.398000e+03	3.797426e+03
1.520000e+03	8.159024e+02
1.617000e+03	2.210855e+02
1.722000e+03	6.597974e+01
1.820000e+03	2.202419e+01
1.894000e+03	1.067472e+01
1.946000e+03	6.534425e+00
1.989000e+03	4.372867e+00
2.024000e+03	3.216289e+00
2.055000e+03	2.482196e+00
2.083000e+03	1.988061e+00
2.098000e+03	1.772731e+00
2.110000e+03	1.622051e+00
2.120000e+03	1.513853e+00
2.126000e+03	1.459699e+00
2.130000e+03	1.430542e+00
2.132000e+03	1.423212e+00
2.134000e+03	1.429926e+00
2.136000e+03	1.453422e+00
2.138000e+03	1.513152e+00
2.141930e+03	1.625503e+00
2.145160e+03	1.676116e+00
2.147050e+03	3.583863e+00
2.148650e+03	1.441466e+01
2.150120e+03	4.732811e+01
2.151160e+03	1.040930e+02
2.152030e+03	1.874447e+02
2.152870e+03	3.061577e+02
2.153480e+03	4.349278e+02
2.154070e+03	5.874178e+02
2.154730e+03	7.919656e+02
2.155500e+03	1.057595e+03
2.156160e+03	1.297882e+03
2.156820e+03	1.545628e+03
2.157570e+03	1.827543e+03
2.158210e+03	2.059022e+03
2.158840e+03	2.259432e+03
2.159420e+03	2.410191e+03
2.160010e+03	2.549101e+03
2.160630e+03	2.684829e+03
2.161260e+03	2.812138e+03
2.162290e+03	2.998837e+03
2.163290e+03	3.157413e+03
2.164560e+03	3.332481e+03
2.166030e+03	3.505643e+03
2.167690e+03	3.670284e+03
2.169990e+03	3.856640e+03
2.172320e+03	4.008789e+03
2.175280e+03	4.162466e+03
2.178740e+03	4.299355e+03
2.182440e+03	4.410097e+03
2.186080e+03	4.491849e+03
2.191460e+03	4.573246e+03
2.196520e+03	4.603719e+03
2.201920e+03	4.618773e+03
2.207660e+03	4.619982e+03
2.213740e+03	4.611795e+03
2.220040e+03	4.593885e+03
2.227740e+03	4.565689e+03
2.235290e+03	4.531573e+03
2.243320e+03	4.491177e+03
2.251640e+03	4.447953e+03
2.259430e+03	4.406182e+03
2.269690e+03	4.351526e+03
2.282380e+03	4.231336e+03
2.294370e+03	4.103580e+03
2.308550e+03	3.968673e+03
2.325780e+03	3.825712e+03
2.346100e+03	3.678371e+03
2.378190e+03	3.482713e+03
2.418660e+03	3.283259e+03
2.457900e+03	3.123467e+03
2.495560e+03	2.993848e+03
2.535470e+03	2.876052e+03
2.578230e+03	2.769792e+03
2.628320e+03	2.669302e+03
2.688100e+03	2.565589e+03
2.761490e+03	2.456072e+03
2.844400e+03	2.350260e+03
2.970760e+03	2.216452e+03
3.133790e+03	2.077839e+03
3.424990e+03	1.658180e+03
3.752710e+03	1.362260e+03
4.295860e+03	1.089104e+03
4.968640e+03	8.982642e+02
5.762830e+03	7.598283e+02
7.360820e+03	5.477583e+02
8.974240e+03	3.995656e+02
1.159620e+04	2.265023e+02
1.539200e+04	9.220482e+01
2.113310e+04	1.619009e+01
2.667660e+04	9.308349e-01
3.607950e+04	4.328175e-03
4.700930e+04	6.003175e-04
6.808440e+04	1.137099e-04
