-1.000000e+02	4.602143e+12
-9.000000e+01	1.759117e+11
-8.000000e+01	1.900550e+11
-7.000000e+01	2.064211e+11
-6.000000e+01	2.246523e+11
-5.000000e+01	2.447328e+11
-4.000000e+01	2.665596e+11
-3.000000e+01	2.907042e+11
-2.000000e+01	3.152089e+11
-1.000000e+01	3.410855e+11
0.000000e+00	3.669687e+11
1.000000e+01	3.943007e+11
2.000000e+01	4.224879e+11
3.500000e+01	4.669464e+11
5.000000e+01	5.122951e+11
7.500000e+01	5.890479e+11
1.000000e+02	6.704724e+11
1.250000e+02	7.558173e+11
1.500000e+02	8.445572e+11
1.750000e+02	9.321552e+11
2.000000e+02	1.019881e+12
2.500000e+02	1.189550e+12
3.000000e+02	1.342305e+12
3.500000e+02	1.454140e+12
4.000000e+02	1.498063e+12
4.500000e+02	1.459359e+12
4.900000e+02	1.397014e+12
5.250000e+02	1.328833e+12
5.600000e+02	1.251568e+12
6.150000e+02	1.128018e+12
6.600000e+02	1.010987e+12
7.000000e+02	8.885188e+11
7.500000e+02	7.093385e+11
8.000000e+02	5.358768e+11
8.540000e+02	3.809813e+11
9.000000e+02	2.830589e+11
9.460000e+02	2.112849e+11
9.710000e+02	1.802202e+11
1.003000e+03	1.478809e+11
1.032000e+03	1.238692e+11
1.065000e+03	1.013468e+11
1.101000e+03	8.148216e+10
1.143000e+03	6.330835e+10
1.214000e+03	4.143421e+10
1.299000e+03	2.487298e+10
1.398000e+03	1.361481e+10
1.520000e+03	6.401255e+09
1.617000e+03	3.547576e+09
1.722000e+03	1.886415e+09
1.820000e+03	1.061980e+09
1.894000e+03	6.934655e+08
1.946000e+03	5.184044e+08
1.989000e+03	4.100206e+08
2.024000e+03	3.405258e+08
2.055000e+03	2.900269e+08
2.083000e+03	2.519690e+08
2.098000e+03	2.340085e+08
2.110000e+03	2.208211e+08
2.120000e+03	2.105226e+08
2.126000e+03	2.041619e+08
2.130000e+03	1.996288e+08
2.132000e+03	1.968055e+08
2.134000e+03	1.927553e+08
2.136000e+03	1.870029e+08
2.138000e+03	1.766863e+08
2.141930e+03	1.493978e+08
2.145160e+03	1.136590e+08
2.147050e+03	9.060398e+07
2.148650e+03	7.623013e+07
2.150120e+03	6.393783e+07
2.151160e+03	5.560272e+07
2.152030e+03	4.918772e+07
2.152870e+03	4.363364e+07
2.153480e+03	4.007533e+07
2.154070e+03	3.702507e+07
2.154730e+03	3.392311e+07
2.155500e+03	3.089567e+07
2.156160e+03	2.872483e+07
2.156820e+03	2.686170e+07
2.157570e+03	2.510213e+07
2.158210e+03	2.384639e+07
2.158840e+03	2.277713e+07
2.159420e+03	2.190351e+07
2.160010e+03	2.113602e+07
2.160630e+03	2.040845e+07
2.161260e+03	1.974998e+07
2.162290e+03	1.882228e+07
2.163290e+03	1.804779e+07
2.164560e+03	1.721397e+07
2.166030e+03	1.639909e+07
2.167690e+03	1.562455e+07
2.169990e+03	1.473898e+07
2.172320e+03	1.399838e+07
2.175280e+03	1.321413e+07
2.178740e+03	1.246106e+07
2.182440e+03	1.179030e+07
2.186080e+03	1.123401e+07
2.191460e+03	1.054879e+07
2.196520e+03	1.001451e+07
2.201920e+03	9.526875e+06
2.207660e+03	9.090612e+06
2.213740e+03	8.687959e+06
2.220040e+03	8.330566e+06
2.227740e+03	7.948945e+06
2.235290e+03	7.628528e+06
2.243320e+03	7.322089e+06
2.251640e+03	7.047700e+06
2.259430e+03	6.815149e+06
2.269690e+03	6.547416e+06
2.282380e+03	6.259656e+06
2.294370e+03	6.022534e+06
2.308550e+03	5.774900e+06
2.325780e+03	5.517070e+06
2.346100e+03	5.255358e+06
2.378190e+03	4.914560e+06
2.418660e+03	4.575807e+06
2.457900e+03	4.310171e+06
2.495560e+03	4.098792e+06
2.535470e+03	3.909711e+06
2.578230e+03	3.740143e+06
2.628320e+03	3.578463e+06
2.688100e+03	3.415230e+06
2.761490e+03	3.246573e+06
2.844400e+03	3.086670e+06
2.970760e+03	2.888770e+06
3.133790e+03	2.687906e+06
3.424990e+03	2.424135e+06
3.752710e+03	2.210211e+06
4.295860e+03	1.961177e+06
4.968640e+03	1.748248e+06
5.762830e+03	1.568864e+06
7.360820e+03	1.327425e+06
8.974240e+03	1.163399e+06
1.159620e+04	9.806908e+05
1.539200e+04	8.063531e+05
2.113310e+04	6.370962e+05
2.667660e+04	5.277398e+05
3.607950e+04	4.026351e+05
4.700930e+04	3.081737e+05
6.808440e+04	1.991418e+05
