-1.000000e+02	2.387164e+08
-9.000000e+01	2.728933e+06
-8.000000e+01	3.107251e+06
-7.000000e+01	3.594205e+06
-6.000000e+01	4.188604e+06
-5.000000e+01	4.904122e+06
-4.000000e+01	5.750356e+06
-3.000000e+01	6.779542e+06
-2.000000e+01	7.879440e+06
-1.000000e+01	9.146657e+06
0.000000e+00	1.060427e+07
1.000000e+01	1.226170e+07
2.000000e+01	1.407533e+07
3.500000e+01	1.718763e+07
5.000000e+01	2.063724e+07
7.500000e+01	2.730558e+07
1.000000e+02	3.695070e+07
1.250000e+02	5.263396e+07
1.500000e+02	8.087539e+07
1.750000e+02	1.197417e+08
2.000000e+02	1.730035e+08
2.500000e+02	3.209529e+08
3.000000e+02	5.732856e+08
3.500000e+02	9.770117e+08
4.000000e+02	1.573895e+09
4.500000e+02	2.288818e+09
4.900000e+02	2.600980e+09
5.250000e+02	2.632820e+09
5.600000e+02	2.451694e+09
6.150000e+02	1.727721e+09
6.600000e+02	1.026228e+09
7.000000e+02	4.805368e+08
7.500000e+02	1.509106e+08
8.000000e+02	4.434892e+07
8.540000e+02	1.724842e+07
9.000000e+02	1.047768e+07
9.460000e+02	6.980490e+06
9.710000e+02	5.621246e+06
1.003000e+03	4.344741e+06
1.032000e+03	3.429113e+06
1.065000e+03	2.590305e+06
1.101000e+03	1.910158e+06
1.143000e+03	1.299842e+06
1.214000e+03	6.180219e+05
1.299000e+03	2.190729e+05
1.398000e+03	5.460254e+04
1.520000e+03	1.209290e+04
1.617000e+03	3.867318e+03
1.722000e+03	1.320495e+03
1.820000e+03	4.933144e+02
1.894000e+03	2.486061e+02
1.946000e+03	1.586432e+02
1.989000e+03	1.117566e+02
2.024000e+03	8.463149e+01
2.055000e+03	6.651964e+01
2.083000e+03	5.422710e+01
2.098000e+03	4.895349e+01
2.110000e+03	4.514549e+01
2.120000e+03	4.214198e+01
2.126000e+03	4.015818e+01
2.130000e+03	3.864011e+01
2.132000e+03	3.756358e+01
2.134000e+03	3.582830e+01
2.136000e+03	3.328888e+01
2.138000e+03	2.888641e+01
2.141930e+03	1.973201e+01
2.145160e+03	1.465217e+01
2.147050e+03	3.377868e+01
2.148650e+03	9.402770e+01
2.150120e+03	1.974100e+02
2.151160e+03	3.197975e+02
2.152030e+03	4.556207e+02
2.152870e+03	6.086477e+02
2.153480e+03	7.256401e+02
2.154070e+03	8.363916e+02
2.154730e+03	9.532864e+02
2.155500e+03	1.070696e+03
2.156160e+03	1.156886e+03
2.156820e+03	1.231722e+03
2.157570e+03	1.305250e+03
2.158210e+03	1.357518e+03
2.158840e+03	1.402105e+03
2.159420e+03	1.437515e+03
2.160010e+03	1.456201e+03
2.160630e+03	1.460611e+03
2.161260e+03	1.463775e+03
2.162290e+03	1.466826e+03
2.163290e+03	1.466806e+03
2.164560e+03	1.464733e+03
2.166030e+03	1.460009e+03
2.167690e+03	1.452632e+03
2.169990e+03	1.440420e+03
2.172320e+03	1.426755e+03
2.175280e+03	1.408201e+03
2.178740e+03	1.385941e+03
2.182440e+03	1.362212e+03
2.186080e+03	1.339507e+03
2.191460e+03	1.307305e+03
2.196520e+03	1.278812e+03
2.201920e+03	1.250115e+03
2.207660e+03	1.222017e+03
2.213740e+03	1.188965e+03
2.220040e+03	1.083059e+03
2.227740e+03	9.845272e+02
2.235290e+03	9.106944e+02
2.243320e+03	8.465210e+02
2.251640e+03	7.935451e+02
2.259430e+03	7.515573e+02
2.269690e+03	7.060654e+02
2.282380e+03	6.602489e+02
2.294370e+03	6.245169e+02
2.308550e+03	5.890108e+02
2.325780e+03	5.537236e+02
2.346100e+03	5.195164e+02
2.378190e+03	4.770950e+02
2.418660e+03	4.276135e+02
2.457900e+03	3.658765e+02
2.495560e+03	3.251457e+02
2.535470e+03	2.935051e+02
2.578230e+03	2.682964e+02
2.628320e+03	2.466749e+02
2.688100e+03	2.115799e+02
2.761490e+03	1.670436e+02
2.844400e+03	1.373902e+02
2.970760e+03	9.606549e+01
3.133790e+03	7.063670e+01
3.424990e+03	3.778229e+01
3.752710e+03	1.850219e+01
4.295860e+03	3.318706e+00
4.968640e+03	8.052361e-01
5.762830e+03	1.394472e-01
7.360820e+03	3.325356e-03
8.974240e+03	8.622373e-04
1.159620e+04	4.104564e-04
1.539200e+04	1.637997e-04
2.113310e+04	8.113931e-05
2.667660e+04	4.922541e-05
3.607950e+04	2.651256e-05
4.700930e+04	1.276439e-05
6.808440e+04	3.751774e-06
