-1.000000e+02	3.329658e+10
-9.000000e+01	1.274112e+09
-8.000000e+01	1.376538e+09
-7.000000e+01	1.495059e+09
-6.000000e+01	1.627086e+09
-5.000000e+01	1.772508e+09
-4.000000e+01	1.930579e+09
-3.000000e+01	2.105442e+09
-2.000000e+01	2.282920e+09
-1.000000e+01	2.470340e+09
0.000000e+00	2.657798e+09
1.000000e+01	2.855760e+09
2.000000e+01	3.059928e+09
3.500000e+01	3.381980e+09
5.000000e+01	3.710501e+09
7.500000e+01	4.266536e+09
1.000000e+02	4.856405e+09
1.250000e+02	5.474609e+09
1.500000e+02	6.117327e+09
1.750000e+02	6.751809e+09
2.000000e+02	7.387395e+09
2.500000e+02	8.617622e+09
3.000000e+02	9.728676e+09
3.500000e+02	1.055065e+10
4.000000e+02	1.089365e+10
4.500000e+02	1.065127e+10
4.900000e+02	1.022013e+10
5.250000e+02	9.732615e+09
5.600000e+02	9.168359e+09
6.150000e+02	8.240815e+09
6.600000e+02	7.359640e+09
7.000000e+02	6.448257e+09
7.500000e+02	5.140017e+09
8.000000e+02	3.881989e+09
8.540000e+02	2.759744e+09
9.000000e+02	2.050316e+09
9.460000e+02	1.530375e+09
9.710000e+02	1.305353e+09
1.003000e+03	1.071111e+09
1.032000e+03	8.971983e+08
1.065000e+03	7.340779e+08
1.101000e+03	5.902061e+08
1.143000e+03	4.585844e+08
1.214000e+03	3.001624e+08
1.299000e+03	1.802063e+08
1.398000e+03	9.864825e+07
1.520000e+03	4.638301e+07
1.617000e+03	2.570582e+07
1.722000e+03	1.366910e+07
1.820000e+03	7.695220e+06
1.894000e+03	5.024932e+06
1.946000e+03	3.756422e+06
1.989000e+03	2.971062e+06
2.024000e+03	2.467495e+06
2.055000e+03	2.101574e+06
2.083000e+03	1.825801e+06
2.098000e+03	1.695657e+06
2.110000e+03	1.600100e+06
2.120000e+03	1.525475e+06
2.126000e+03	1.479385e+06
2.130000e+03	1.446538e+06
2.132000e+03	1.426080e+06
2.134000e+03	1.396732e+06
2.136000e+03	1.355049e+06
2.138000e+03	1.280293e+06
2.141930e+03	1.082557e+06
2.145160e+03	8.235888e+05
2.147050e+03	6.565229e+05
2.148650e+03	5.523503e+05
2.150120e+03	4.632458e+05
2.151160e+03	4.028078e+05
2.152030e+03	3.562769e+05
2.152870e+03	3.159770e+05
2.153480e+03	2.901505e+05
2.154070e+03	2.680070e+05
2.154730e+03	2.454859e+05
2.155500e+03	2.235036e+05
2.156160e+03	2.077398e+05
2.156820e+03	1.942098e+05
2.157570e+03	1.814305e+05
2.158210e+03	1.723101e+05
2.158840e+03	1.645440e+05
2.159420e+03	1.581991e+05
2.160010e+03	1.526294e+05
2.160630e+03	1.473542e+05
2.161260e+03	1.425803e+05
2.162290e+03	1.358549e+05
2.163290e+03	1.302411e+05
2.164560e+03	1.241981e+05
2.166030e+03	1.182934e+05
2.167690e+03	1.126820e+05
2.169990e+03	1.062678e+05
2.172320e+03	1.009048e+05
2.175280e+03	9.522729e+04
2.178740e+03	8.977730e+04
2.182440e+03	8.492443e+04
2.186080e+03	8.090099e+04
2.191460e+03	7.594663e+04
2.196520e+03	7.208495e+04
2.201920e+03	6.856152e+04
2.207660e+03	6.541021e+04
2.213740e+03	6.250438e+04
2.220040e+03	5.995390e+04
2.227740e+03	5.722522e+04
2.235290e+03	5.493092e+04
2.243320e+03	5.273436e+04
2.251640e+03	5.076589e+04
2.259430e+03	4.909650e+04
2.269690e+03	4.717352e+04
2.282380e+03	4.510556e+04
2.294370e+03	4.340077e+04
2.308550e+03	4.161975e+04
2.325780e+03	3.976478e+04
2.346100e+03	3.788130e+04
2.378190e+03	3.542788e+04
2.418660e+03	3.299202e+04
2.457900e+03	3.109077e+04
2.495560e+03	2.957467e+04
2.535470e+03	2.821669e+04
2.578230e+03	2.699764e+04
2.628320e+03	2.583438e+04
2.688100e+03	2.466509e+04
2.761490e+03	2.346018e+04
2.844400e+03	2.231298e+04
2.970760e+03	2.089500e+04
3.133790e+03	1.944940e+04
3.424990e+03	1.755088e+04
3.752710e+03	1.600829e+04
4.295860e+03	1.420970e+04
4.968640e+03	1.266777e+04
5.762830e+03	1.136819e+04
7.360820e+03	9.618739e+03
8.974240e+03	8.430181e+03
1.159620e+04	7.106245e+03
1.539200e+04	5.842966e+03
2.113310e+04	4.616503e+03
2.667660e+04	3.824089e+03
3.607950e+04	2.917560e+03
4.700930e+04	2.233077e+03
6.808440e+04	1.443014e+03
