-1.000000e+02	1.523445e+08
-9.000000e+01	1.179943e+07
-8.000000e+01	6.992544e+06
-7.000000e+01	3.641877e+06
-6.000000e+01	1.754038e+06
-5.000000e+01	7.930602e+05
-4.000000e+01	3.439881e+05
-3.000000e+01	1.384203e+05
-2.000000e+01	6.084884e+04
-1.000000e+01	2.687091e+04
0.000000e+00	1.302011e+04
1.000000e+01	6.306013e+03
2.000000e+01	3.188513e+03
3.500000e+01	1.191517e+03
5.000000e+01	5.144149e+02
7.500000e+01	1.715014e+02
1.000000e+02	6.376645e+01
1.250000e+02	2.520836e+01
1.500000e+02	9.828285e+00
1.750000e+02	4.777011e+00
2.000000e+02	2.536169e+00
2.500000e+02	9.489755e-01
3.000000e+02	3.402393e-01
3.500000e+02	1.130918e-01
4.000000e+02	3.399586e-02
4.500000e+02	1.028493e-02
4.900000e+02	5.699464e-03
5.250000e+02	4.194138e-03
5.600000e+02	3.664237e-03
6.150000e+02	5.379189e-03
6.600000e+02	1.257738e-02
7.000000e+02	5.381354e-02
7.500000e+02	4.488059e-01
8.000000e+02	4.514482e+00
8.540000e+02	4.381010e+01
9.000000e+02	1.836206e+02
9.460000e+02	5.070040e+02
9.710000e+02	8.257542e+02
1.003000e+03	1.233349e+03
1.032000e+03	1.595147e+03
1.065000e+03	1.994708e+03
1.101000e+03	2.342371e+03
1.143000e+03	2.590764e+03
1.214000e+03	2.769600e+03
1.299000e+03	3.057577e+03
1.398000e+03	3.843135e+03
1.520000e+03	4.026356e+03
1.617000e+03	4.013555e+03
1.722000e+03	3.449424e+03
1.820000e+03	3.025528e+03
1.894000e+03	2.636790e+03
1.946000e+03	2.369571e+03
1.989000e+03	2.159165e+03
2.024000e+03	2.010445e+03
2.055000e+03	1.896750e+03
2.083000e+03	1.808342e+03
2.098000e+03	1.766048e+03
2.110000e+03	1.742980e+03
2.120000e+03	1.772815e+03
2.126000e+03	1.894666e+03
2.130000e+03	2.081837e+03
2.132000e+03	2.332529e+03
2.134000e+03	2.998738e+03
2.136000e+03	4.605643e+03
2.138000e+03	1.084131e+04
2.141930e+03	8.351522e+04
2.145160e+03	9.038070e+05
2.147050e+03	5.151944e+06
2.148650e+03	1.498559e+07
2.150120e+03	3.163053e+07
2.151160e+03	4.562396e+07
2.152030e+03	5.448412e+07
2.152870e+03	5.870417e+07
2.153480e+03	5.933557e+07
2.154070e+03	5.856640e+07
2.154730e+03	5.669710e+07
2.155500e+03	5.397526e+07
2.156160e+03	5.151986e+07
2.156820e+03	4.913026e+07
2.157570e+03	4.667824e+07
2.158210e+03	4.481659e+07
2.158840e+03	4.316728e+07
2.159420e+03	4.177671e+07
2.160010e+03	4.054630e+07
2.160630e+03	3.936886e+07
2.161260e+03	3.827841e+07
2.162290e+03	3.670561e+07
2.163290e+03	3.536082e+07
2.164560e+03	3.388534e+07
2.166030e+03	3.241769e+07
2.167690e+03	3.100131e+07
2.169990e+03	2.935893e+07
2.172320e+03	2.796839e+07
2.175280e+03	2.648042e+07
2.178740e+03	2.503793e+07
2.182440e+03	2.374289e+07
2.186080e+03	2.266217e+07
2.191460e+03	2.132313e+07
2.196520e+03	2.027353e+07
2.201920e+03	1.931166e+07
2.207660e+03	1.844807e+07
2.213740e+03	1.764917e+07
2.220040e+03	1.694268e+07
2.227740e+03	1.618347e+07
2.235290e+03	1.554278e+07
2.243320e+03	1.492790e+07
2.251640e+03	1.437580e+07
2.259430e+03	1.390692e+07
2.269690e+03	1.336615e+07
2.282380e+03	1.278395e+07
2.294370e+03	1.230349e+07
2.308550e+03	1.180116e+07
2.325780e+03	1.127756e+07
2.346100e+03	1.074555e+07
2.378190e+03	1.005205e+07
2.418660e+03	9.361585e+06
2.457900e+03	8.818466e+06
2.495560e+03	8.386201e+06
2.535470e+03	7.999490e+06
2.578230e+03	7.652676e+06
2.628320e+03	7.322013e+06
2.688100e+03	6.987165e+06
2.761490e+03	6.640404e+06
2.844400e+03	6.312266e+06
2.970760e+03	5.905590e+06
3.133790e+03	5.493805e+06
3.424990e+03	4.952861e+06
3.752710e+03	4.514572e+06
4.295860e+03	4.004833e+06
4.968640e+03	3.569839e+06
5.762830e+03	3.203495e+06
7.360820e+03	2.710487e+06
8.974240e+03	2.375560e+06
1.159620e+04	2.002485e+06
1.539200e+04	1.646503e+06
2.113310e+04	1.300895e+06
2.667660e+04	1.077599e+06
3.607950e+04	8.221458e+05
4.700930e+04	6.292638e+05
6.808440e+04	4.066302e+05
