-1.000000e+02	6.089601e+13
-9.000000e+01	2.225497e+12
-8.000000e+01	2.444272e+12
-7.000000e+01	2.694336e+12
-6.000000e+01	2.966102e+12
-5.000000e+01	3.258288e+12
-4.000000e+01	3.569389e+12
-3.000000e+01	3.908465e+12
-2.000000e+01	4.248157e+12
-1.000000e+01	4.604547e+12
0.000000e+00	4.959564e+12
1.000000e+01	5.333625e+12
2.000000e+01	5.718791e+12
3.500000e+01	6.325876e+12
5.000000e+01	6.944921e+12
7.500000e+01	7.993443e+12
1.000000e+02	9.110171e+12
1.250000e+02	1.029073e+13
1.500000e+02	1.154021e+13
1.750000e+02	1.279404e+13
2.000000e+02	1.407668e+13
2.500000e+02	1.664279e+13
3.000000e+02	1.918133e+13
3.500000e+02	2.146349e+13
4.000000e+02	2.321349e+13
4.500000e+02	2.409333e+13
4.900000e+02	2.387181e+13
5.250000e+02	2.302338e+13
5.600000e+02	2.163554e+13
6.150000e+02	1.856056e+13
6.600000e+02	1.561376e+13
7.000000e+02	1.290081e+13
7.500000e+02	9.851207e+12
8.000000e+02	7.310321e+12
8.540000e+02	5.169944e+12
9.000000e+02	3.835998e+12
9.460000e+02	2.860980e+12
9.710000e+02	2.439235e+12
1.003000e+03	2.000547e+12
1.032000e+03	1.674943e+12
1.065000e+03	1.369607e+12
1.101000e+03	1.100472e+12
1.143000e+03	8.543147e+11
1.214000e+03	5.581363e+11
1.299000e+03	3.339492e+11
1.398000e+03	1.813586e+11
1.520000e+03	8.395650e+10
1.617000e+03	4.554959e+10
1.722000e+03	2.355445e+10
1.820000e+03	1.275640e+10
1.894000e+03	8.053435e+09
1.946000e+03	5.869305e+09
1.989000e+03	4.543157e+09
2.024000e+03	3.702092e+09
2.055000e+03	3.096488e+09
2.083000e+03	2.646271e+09
2.098000e+03	2.436753e+09
2.110000e+03	2.282196e+09
2.120000e+03	2.155081e+09
2.126000e+03	2.063195e+09
2.130000e+03	1.986498e+09
2.132000e+03	1.925075e+09
2.134000e+03	1.813944e+09
2.136000e+03	1.634797e+09
2.138000e+03	1.288635e+09
2.141930e+03	5.725443e+08
2.145160e+03	1.670406e+08
2.147050e+03	1.039141e+08
2.148650e+03	9.560355e+07
2.150120e+03	8.278903e+07
2.151160e+03	7.366840e+07
2.152030e+03	6.636772e+07
2.152870e+03	5.983602e+07
2.153480e+03	5.554367e+07
2.154070e+03	5.179467e+07
2.154730e+03	4.774354e+07
2.155500e+03	4.358426e+07
2.156160e+03	4.059296e+07
2.156820e+03	3.801963e+07
2.157570e+03	3.558432e+07
2.158210e+03	3.384317e+07
2.158840e+03	3.235853e+07
2.159420e+03	3.114400e+07
2.160010e+03	2.985718e+07
2.160630e+03	2.844522e+07
2.161260e+03	2.719975e+07
2.162290e+03	2.549504e+07
2.163290e+03	2.411464e+07
2.164560e+03	2.267017e+07
2.166030e+03	2.129844e+07
2.167690e+03	2.002967e+07
2.169990e+03	1.861911e+07
2.172320e+03	1.747096e+07
2.175280e+03	1.628514e+07
2.178740e+03	1.517442e+07
2.182440e+03	1.420729e+07
2.186080e+03	1.342059e+07
2.191460e+03	1.247008e+07
2.196520e+03	1.174275e+07
2.201920e+03	1.108920e+07
2.207660e+03	1.051259e+07
2.213740e+03	9.945169e+06
2.220040e+03	8.875541e+06
2.227740e+03	7.887549e+06
2.235290e+03	7.158006e+06
2.243320e+03	6.531443e+06
2.251640e+03	6.021032e+06
2.259430e+03	5.621268e+06
2.269690e+03	5.194103e+06
2.282380e+03	4.770127e+06
2.294370e+03	4.445188e+06
2.308550e+03	4.127045e+06
2.325780e+03	3.816659e+06
2.346100e+03	3.521333e+06
2.378190e+03	3.163571e+06
2.418660e+03	2.776190e+06
2.457900e+03	2.340774e+06
2.495560e+03	2.055049e+06
2.535470e+03	1.834508e+06
2.578230e+03	1.659626e+06
2.628320e+03	1.509795e+06
2.688100e+03	1.283035e+06
2.761490e+03	1.004410e+06
2.844400e+03	8.188181e+05
2.970760e+03	5.668221e+05
3.133790e+03	4.121037e+05
3.424990e+03	2.173589e+05
3.752710e+03	1.052285e+05
4.295860e+03	1.862383e+04
4.968640e+03	4.463853e+03
5.762830e+03	7.652298e+02
7.360820e+03	1.800943e+01
8.974240e+03	4.629603e+00
1.159620e+04	2.183599e+00
1.539200e+04	8.640347e-01
2.113310e+04	4.245892e-01
2.667660e+04	2.562764e-01
3.607950e+04	1.372208e-01
4.700930e+04	6.576395e-02
6.808440e+04	1.922088e-02
