-1.000000e+02	1.543848e+12
-9.000000e+01	1.518709e+11
-8.000000e+01	1.245090e+11
-7.000000e+01	9.602681e+10
-6.000000e+01	7.119181e+10
-5.000000e+01	5.110156e+10
-4.000000e+01	3.589007e+10
-3.000000e+01	2.431041e+10
-2.000000e+01	1.711509e+10
-1.000000e+01	1.204500e+10
0.000000e+00	8.772713e+09
1.000000e+01	6.386630e+09
2.000000e+01	4.741553e+09
3.500000e+01	3.084434e+09
5.000000e+01	2.139551e+09
7.500000e+01	1.323181e+09
1.000000e+02	8.380339e+08
1.250000e+02	5.241887e+08
1.500000e+02	3.094894e+08
1.750000e+02	2.027528e+08
2.000000e+02	1.386931e+08
2.500000e+02	7.634736e+07
3.000000e+02	4.077937e+07
3.500000e+02	2.080387e+07
4.000000e+02	1.000427e+07
4.500000e+02	4.842494e+06
4.900000e+02	3.382931e+06
5.250000e+02	2.800612e+06
5.600000e+02	2.565765e+06
6.150000e+02	3.192831e+06
6.600000e+02	5.284435e+06
7.000000e+02	1.275567e+07
7.500000e+02	4.682617e+07
8.000000e+02	1.849006e+08
8.540000e+02	5.775531e+08
9.000000e+02	1.023849e+09
9.460000e+02	1.443379e+09
9.710000e+02	1.687189e+09
1.003000e+03	1.860223e+09
1.032000e+03	1.947877e+09
1.065000e+03	2.006079e+09
1.101000e+03	1.997570e+09
1.143000e+03	1.950403e+09
1.214000e+03	1.891061e+09
1.299000e+03	1.987318e+09
1.398000e+03	2.417635e+09
1.520000e+03	2.427213e+09
1.617000e+03	2.319643e+09
1.722000e+03	1.898716e+09
1.820000e+03	1.572363e+09
1.894000e+03	1.303021e+09
1.946000e+03	1.125128e+09
1.989000e+03	9.889135e+08
2.024000e+03	8.923299e+08
2.055000e+03	8.165871e+08
2.083000e+03	7.533160e+08
2.098000e+03	7.205074e+08
2.110000e+03	6.971361e+08
2.120000e+03	6.853022e+08
2.126000e+03	6.913679e+08
2.130000e+03	7.069031e+08
2.132000e+03	7.302333e+08
2.134000e+03	7.867175e+08
2.136000e+03	8.882494e+08
2.138000e+03	1.095216e+09
2.141930e+03	1.443121e+09
2.145160e+03	1.366439e+09
2.147050e+03	1.118538e+09
2.148650e+03	9.330005e+08
2.150120e+03	7.801026e+08
2.151160e+03	6.769207e+08
2.152030e+03	5.978378e+08
2.152870e+03	5.296194e+08
2.153480e+03	4.860428e+08
2.154070e+03	4.487688e+08
2.154730e+03	4.111051e+08
2.155500e+03	3.745538e+08
2.156160e+03	3.483548e+08
2.156820e+03	3.258758e+08
2.157570e+03	3.046539e+08
2.158210e+03	2.895112e+08
2.158840e+03	2.766190e+08
2.159420e+03	2.660858e+08
2.160010e+03	2.570370e+08
2.160630e+03	2.486352e+08
2.161260e+03	2.409979e+08
2.162290e+03	2.301862e+08
2.163290e+03	2.211143e+08
2.164560e+03	2.113033e+08
2.166030e+03	2.016721e+08
2.167690e+03	1.924793e+08
2.169990e+03	1.819243e+08
2.172320e+03	1.730616e+08
2.175280e+03	1.636419e+08
2.178740e+03	1.545637e+08
2.182440e+03	1.464511e+08
2.186080e+03	1.397042e+08
2.191460e+03	1.313701e+08
2.196520e+03	1.248543e+08
2.201920e+03	1.188941e+08
2.207660e+03	1.135509e+08
2.213740e+03	1.086464e+08
2.220040e+03	1.047701e+08
2.227740e+03	1.004940e+08
2.235290e+03	9.681430e+07
2.243320e+03	9.323157e+07
2.251640e+03	8.997822e+07
2.259430e+03	8.719155e+07
2.269690e+03	8.395359e+07
2.282380e+03	8.044190e+07
2.294370e+03	7.752614e+07
2.308550e+03	7.446206e+07
2.325780e+03	7.125295e+07
2.346100e+03	6.797770e+07
2.378190e+03	6.368842e+07
2.418660e+03	5.944832e+07
2.457900e+03	5.622881e+07
2.495560e+03	5.361585e+07
2.535470e+03	5.124903e+07
2.578230e+03	4.910722e+07
2.628320e+03	4.705090e+07
2.688100e+03	4.503519e+07
2.761490e+03	4.298746e+07
2.844400e+03	4.098184e+07
2.970760e+03	3.851675e+07
3.133790e+03	3.593253e+07
3.424990e+03	3.253123e+07
3.752710e+03	2.973529e+07
4.295860e+03	2.644481e+07
4.968640e+03	2.358334e+07
5.762830e+03	2.116608e+07
7.360820e+03	1.790926e+07
8.974240e+03	1.569627e+07
1.159620e+04	1.323122e+07
1.539200e+04	1.087910e+07
2.113310e+04	8.595534e+06
2.667660e+04	7.120126e+06
3.607950e+04	5.432247e+06
4.700930e+04	4.157798e+06
6.808440e+04	2.686769e+06
