-1.000000e+02	2.059000e+05
-9.000000e+01	2.013968e+05
-8.000000e+01	2.010494e+05
-7.000000e+01	2.006730e+05
-6.000000e+01	2.002638e+05
-5.000000e+01	1.998181e+05
-4.000000e+01	1.993324e+05
-3.000000e+01	1.988031e+05
-2.000000e+01	1.982273e+05
-1.000000e+01	1.976035e+05
0.000000e+00	1.969304e+05
1.000000e+01	1.962064e+05
2.000000e+01	1.954295e+05
3.500000e+01	1.941597e+05
5.000000e+01	1.927609e+05
7.500000e+01	1.901364e+05
1.000000e+02	1.871316e+05
1.250000e+02	1.837231e+05
1.500000e+02	1.798877e+05
1.750000e+02	1.756124e+05
2.000000e+02	1.708912e+05
2.500000e+02	1.600675e+05
3.000000e+02	1.474379e+05
3.500000e+02	1.331006e+05
4.000000e+02	1.173330e+05
4.500000e+02	1.006333e+05
4.900000e+02	8.711758e+04
5.250000e+02	7.556728e+04
5.600000e+02	6.457226e+04
6.150000e+02	4.901437e+04
6.600000e+02	3.821955e+04
7.000000e+02	3.022592e+04
7.500000e+02	2.227718e+04
8.000000e+02	1.629317e+04
8.540000e+02	1.160787e+04
9.000000e+02	8.720308e+03
9.460000e+02	6.572003e+03
9.710000e+02	5.642975e+03
1.003000e+03	4.647784e+03
1.032000e+03	3.900467e+03
1.065000e+03	3.196389e+03
1.101000e+03	2.573409e+03
1.143000e+03	1.998746e+03
1.214000e+03	1.302924e+03
1.299000e+03	7.793938e+02
1.398000e+03	4.287416e+02
1.520000e+03	2.080867e+02
1.617000e+03	1.193339e+02
1.722000e+03	6.712361e+01
1.820000e+03	4.054194e+01
1.894000e+03	2.843693e+01
1.946000e+03	2.251283e+01
1.989000e+03	1.874961e+01
2.024000e+03	1.626866e+01
2.055000e+03	1.442106e+01
2.083000e+03	1.298583e+01
2.098000e+03	1.229550e+01
2.110000e+03	1.177854e+01
2.120000e+03	1.136993e+01
2.126000e+03	1.113421e+01
2.130000e+03	1.098118e+01
2.132000e+03	1.090606e+01
2.134000e+03	1.083225e+01
2.136000e+03	1.076029e+01
2.138000e+03	1.069137e+01
2.141930e+03	1.057001e+01
2.145160e+03	1.048955e+01
2.147050e+03	1.045298e+01
2.148650e+03	1.042769e+01
2.150120e+03	1.040816e+01
2.151160e+03	1.039638e+01
2.152030e+03	1.038773e+01
2.152870e+03	1.038034e+01
2.153480e+03	1.037549e+01
2.154070e+03	1.037118e+01
2.154730e+03	1.036673e+01
2.155500e+03	1.036199e+01
2.156160e+03	1.035825e+01
2.156820e+03	1.035476e+01
2.157570e+03	1.035105e+01
2.158210e+03	1.034807e+01
2.158840e+03	1.034527e+01
2.159420e+03	1.034280e+01
2.160010e+03	1.034038e+01
2.160630e+03	1.033792e+01
2.161260e+03	1.033551e+01
2.162290e+03	1.033172e+01
2.163290e+03	1.032820e+01
2.164560e+03	1.032393e+01
2.166030e+03	1.031921e+01
2.167690e+03	1.031414e+01
2.169990e+03	1.030747e+01
2.172320e+03	1.030107e+01
2.175280e+03	1.029337e+01
2.178740e+03	1.028487e+01
2.182440e+03	1.027629e+01
2.186080e+03	1.026827e+01
2.191460e+03	1.025705e+01
2.196520e+03	1.024708e+01
2.201920e+03	1.023697e+01
2.207660e+03	1.022673e+01
2.213740e+03	1.021637e+01
2.220040e+03	1.020610e+01
2.227740e+03	1.019409e+01
2.235290e+03	1.018283e+01
2.243320e+03	1.017134e+01
2.251640e+03	1.015991e+01
2.259430e+03	1.014958e+01
2.269690e+03	1.013647e+01
2.282380e+03	1.012093e+01
2.294370e+03	1.010685e+01
2.308550e+03	1.009086e+01
2.325780e+03	1.007227e+01
2.346100e+03	1.005136e+01
2.378190e+03	1.002018e+01
2.418660e+03	9.983500e+00
2.457900e+03	9.950215e+00
2.495560e+03	9.920004e+00
2.535470e+03	9.889524e+00
2.578230e+03	9.858341e+00
2.628320e+03	9.823403e+00
2.688100e+03	9.783574e+00
2.761490e+03	9.737033e+00
2.844400e+03	9.687084e+00
2.970760e+03	9.615319e+00
3.133790e+03	9.528976e+00
3.424990e+03	9.387733e+00
3.752710e+03	9.243736e+00
4.295860e+03	9.029109e+00
4.968640e+03	8.792789e+00
5.762830e+03	8.543343e+00
7.360820e+03	8.105595e+00
8.974240e+03	7.725292e+00
1.159620e+04	7.193825e+00
1.539200e+04	6.553134e+00
2.113310e+04	5.771719e+00
2.667660e+04	5.161858e+00
3.607950e+04	4.338532e+00
4.700930e+04	3.607319e+00
6.808440e+04	2.612085e+00
