-1.000000e+02	4.277320e+12
-9.000000e+01	4.222809e+12
-8.000000e+01	4.165366e+12
-7.000000e+01	4.118924e+12
-6.000000e+01	4.068765e+12
-5.000000e+01	4.010689e+12
-4.000000e+01	3.942966e+12
-3.000000e+01	3.876812e+12
-2.000000e+01	3.783574e+12
-1.000000e+01	3.676253e+12
0.000000e+00	3.547791e+12
1.000000e+01	3.410290e+12
2.000000e+01	3.265133e+12
3.500000e+01	3.038680e+12
5.000000e+01	2.800629e+12
7.500000e+01	2.399546e+12
1.000000e+02	2.016505e+12
1.250000e+02	1.668603e+12
1.500000e+02	1.361464e+12
1.750000e+02	1.110990e+12
2.000000e+02	9.062119e+11
2.500000e+02	6.071679e+11
3.000000e+02	4.004571e+11
3.500000e+02	2.603787e+11
4.000000e+02	1.662783e+11
4.500000e+02	1.051465e+11
4.900000e+02	7.455227e+10
5.250000e+02	5.573025e+10
5.600000e+02	4.183854e+10
6.150000e+02	2.663607e+10
6.600000e+02	1.803087e+10
7.000000e+02	1.245578e+10
7.500000e+02	7.748641e+09
8.000000e+02	4.839706e+09
8.540000e+02	2.947931e+09
9.000000e+02	1.977499e+09
9.460000e+02	1.360185e+09
9.710000e+02	1.117571e+09
1.003000e+03	8.796260e+08
1.032000e+03	7.132233e+08
1.065000e+03	5.652628e+08
1.101000e+03	4.413229e+08
1.143000e+03	3.333781e+08
1.214000e+03	2.104257e+08
1.299000e+03	1.225678e+08
1.398000e+03	6.554495e+07
1.520000e+03	3.090204e+07
1.617000e+03	1.747624e+07
1.722000e+03	9.636381e+06
1.820000e+03	5.723969e+06
1.894000e+03	3.888846e+06
1.946000e+03	3.012958e+06
1.989000e+03	2.463986e+06
2.024000e+03	2.105846e+06
2.055000e+03	1.841580e+06
2.083000e+03	1.618647e+06
2.098000e+03	1.507548e+06
2.110000e+03	1.426295e+06
2.120000e+03	1.360832e+06
2.126000e+03	1.321211e+06
2.130000e+03	1.294392e+06
2.132000e+03	1.277817e+06
2.134000e+03	1.255243e+06
2.136000e+03	1.224904e+06
2.138000e+03	1.175520e+06
2.141930e+03	1.063286e+06
2.145160e+03	9.083750e+05
2.147050e+03	7.094073e+05
2.148650e+03	5.554641e+05
2.150120e+03	4.243003e+05
2.151160e+03	3.518458e+05
2.152030e+03	3.051023e+05
2.152870e+03	2.682989e+05
2.153480e+03	2.434864e+05
2.154070e+03	2.222182e+05
2.154730e+03	2.027935e+05
2.155500e+03	1.849881e+05
2.156160e+03	1.724092e+05
2.156820e+03	1.616215e+05
2.157570e+03	1.514046e+05
2.158210e+03	1.440845e+05
2.158840e+03	1.378292e+05
2.159420e+03	1.327031e+05
2.160010e+03	1.281896e+05
2.160630e+03	1.239011e+05
2.161260e+03	1.200089e+05
2.162290e+03	1.145076e+05
2.163290e+03	1.099011e+05
2.164560e+03	1.049275e+05
2.166030e+03	1.000550e+05
2.167690e+03	9.541342e+04
2.169990e+03	9.009567e+04
2.172320e+03	8.564154e+04
2.175280e+03	8.092076e+04
2.178740e+03	7.638620e+04
2.182440e+03	7.234795e+04
2.186080e+03	6.900090e+04
2.191460e+03	6.488228e+04
2.196520e+03	6.167497e+04
2.201920e+03	5.875106e+04
2.207660e+03	5.613781e+04
2.213740e+03	5.372686e+04
2.220040e+03	5.158087e+04
2.227740e+03	4.929706e+04
2.235290e+03	4.738277e+04
2.243320e+03	4.555257e+04
2.251640e+03	4.391252e+04
2.259430e+03	4.252056e+04
2.269690e+03	4.091461e+04
2.282380e+03	3.918340e+04
2.294370e+03	3.775189e+04
2.308550e+03	3.625172e+04
2.325780e+03	3.468353e+04
2.346100e+03	3.308505e+04
2.378190e+03	3.099323e+04
2.418660e+03	2.890303e+04
2.457900e+03	2.725661e+04
2.495560e+03	2.594041e+04
2.535470e+03	2.475909e+04
2.578230e+03	2.369698e+04
2.628320e+03	2.268230e+04
2.688100e+03	2.165463e+04
2.761490e+03	2.058928e+04
2.844400e+03	1.957800e+04
2.970760e+03	1.832308e+04
3.133790e+03	1.704918e+04
3.424990e+03	1.537365e+04
3.752710e+03	1.401446e+04
4.295860e+03	1.243261e+04
4.968640e+03	1.108226e+04
5.762830e+03	9.944975e+03
7.360820e+03	8.414473e+03
8.974240e+03	7.374721e+03
1.159620e+04	6.216542e+03
1.539200e+04	5.111425e+03
2.113310e+04	4.038516e+03
2.667660e+04	3.345312e+03
3.607950e+04	2.552280e+03
4.700930e+04	1.953495e+03
6.808440e+04	1.262348e+03
