-1.000000e+02	2.578787e+09
-9.000000e+01	2.518018e+09
-8.000000e+01	2.453273e+09
-7.000000e+01	2.395131e+09
-6.000000e+01	2.331477e+09
-5.000000e+01	2.259365e+09
-4.000000e+01	2.178570e+09
-3.000000e+01	2.098603e+09
-2.000000e+01	2.000733e+09
-1.000000e+01	1.895409e+09
0.000000e+00	1.780514e+09
1.000000e+01	1.665342e+09
2.000000e+01	1.553471e+09
3.500000e+01	1.401097e+09
5.000000e+01	1.268662e+09
7.500000e+01	1.083358e+09
1.000000e+02	9.520804e+08
1.250000e+02	8.452292e+08
1.500000e+02	7.560960e+08
1.750000e+02	6.363849e+08
2.000000e+02	5.197636e+08
2.500000e+02	3.149754e+08
3.000000e+02	1.915954e+08
3.500000e+02	1.165061e+08
4.000000e+02	7.204447e+07
4.500000e+02	4.358884e+07
4.900000e+02	2.573403e+07
5.250000e+02	1.512292e+07
5.600000e+02	8.319622e+06
6.150000e+02	2.682918e+06
6.600000e+02	8.931351e+05
7.000000e+02	2.957789e+05
7.500000e+02	8.802393e+04
8.000000e+02	3.247096e+04
8.540000e+02	1.344822e+04
9.000000e+02	7.097723e+03
9.460000e+02	3.849193e+03
9.710000e+02	2.815265e+03
1.003000e+03	1.934946e+03
1.032000e+03	1.399102e+03
1.065000e+03	9.795754e+02
1.101000e+03	6.829604e+02
1.143000e+03	4.527998e+02
1.214000e+03	2.348504e+02
1.299000e+03	1.144376e+02
1.398000e+03	5.497645e+01
1.520000e+03	1.883931e+01
1.617000e+03	7.792828e+00
1.722000e+03	2.968161e+00
1.820000e+03	1.056740e+00
1.894000e+03	4.821987e-01
1.946000e+03	2.459491e-01
1.989000e+03	1.227348e-01
2.024000e+03	5.802495e-02
2.055000e+03	1.959988e-02
2.083000e+03	6.724620e-03
2.098000e+03	4.034036e-03
2.110000e+03	2.071425e-03
2.120000e+03	1.550915e-03
2.126000e+03	1.174439e-03
2.130000e+03	6.343813e-04
2.132000e+03	5.235588e-04
2.134000e+03	4.327066e-04
2.136000e+03	3.569914e-04
2.138000e+03	2.823925e-04
2.141930e+03	1.937281e-04
2.145160e+03	1.400380e-04
2.147050e+03	6.794325e-05
2.148650e+03	3.455846e-05
2.150120e+03	2.049234e-05
2.151160e+03	1.561964e-05
2.152030e+03	1.506889e-05
2.152870e+03	1.449945e-05
2.153480e+03	1.414101e-05
2.154070e+03	1.420522e-05
2.154730e+03	1.479760e-05
2.155500e+03	1.572113e-05
2.156160e+03	1.647913e-05
2.156820e+03	1.683820e-05
2.157570e+03	1.559723e-05
2.158210e+03	1.495249e-05
2.158840e+03	1.452007e-05
2.159420e+03	1.421774e-05
2.160010e+03	1.398587e-05
2.160630e+03	1.378306e-05
2.161260e+03	1.361519e-05
2.162290e+03	1.339978e-05
2.163290e+03	1.322222e-05
2.164560e+03	1.303774e-05
2.166030e+03	1.076298e-05
2.167690e+03	8.898502e-06
2.169990e+03	7.470491e-06
2.172320e+03	6.605615e-06
2.175280e+03	5.890646e-06
2.178740e+03	5.334091e-06
2.182440e+03	4.913883e-06
2.186080e+03	4.605322e-06
2.191460e+03	4.262242e-06
2.196520e+03	4.016865e-06
2.201920e+03	3.806234e-06
2.207660e+03	3.625889e-06
2.213740e+03	3.466026e-06
2.220040e+03	3.326577e-06
2.227740e+03	3.181989e-06
2.235290e+03	3.061719e-06
2.243320e+03	2.948126e-06
2.251640e+03	2.847103e-06
2.259430e+03	2.761963e-06
2.269690e+03	2.664025e-06
2.282380e+03	2.559083e-06
2.294370e+03	2.472227e-06
2.308550e+03	2.381441e-06
2.325780e+03	2.286301e-06
2.346100e+03	2.189233e-06
2.378190e+03	2.098035e-06
2.418660e+03	2.013967e-06
2.457900e+03	1.942703e-06
2.495560e+03	1.882399e-06
2.535470e+03	1.825707e-06
2.578230e+03	1.773116e-06
2.628320e+03	1.722201e-06
2.688100e+03	1.668287e-06
2.761490e+03	1.609912e-06
2.844400e+03	1.552164e-06
2.970760e+03	1.477317e-06
3.133790e+03	1.397737e-06
3.424990e+03	1.287523e-06
3.752710e+03	1.193533e-06
4.295860e+03	1.078960e-06
4.968640e+03	9.768044e-07
5.762830e+03	8.877046e-07
7.360820e+03	7.634090e-07
8.974240e+03	6.762285e-07
1.159620e+04	5.765575e-07
1.539200e+04	4.790523e-07
2.113310e+04	3.822558e-07
2.667660e+04	3.186429e-07
3.607950e+04	2.448733e-07
4.700930e+04	1.884808e-07
6.808440e+04	1.226469e-07
