-1.000000e+02	2.059000e+05
-9.000000e+01	2.052055e+05
-8.000000e+01	2.044715e+05
-7.000000e+01	2.036913e+05
-6.000000e+01	2.028591e+05
-5.000000e+01	2.019703e+05
-4.000000e+01	2.010207e+05
-3.000000e+01	2.000056e+05
-2.000000e+01	1.989231e+05
-1.000000e+01	1.977733e+05
0.000000e+00	1.965569e+05
1.000000e+01	1.952745e+05
2.000000e+01	1.939254e+05
3.500000e+01	1.917762e+05
5.000000e+01	1.894792e+05
7.500000e+01	1.853433e+05
1.000000e+02	1.808409e+05
1.250000e+02	1.759841e+05
1.500000e+02	1.707849e+05
1.750000e+02	1.652681e+05
2.000000e+02	1.594642e+05
2.500000e+02	1.470895e+05
3.000000e+02	1.338629e+05
3.500000e+02	1.199860e+05
4.000000e+02	1.057168e+05
4.500000e+02	9.138168e+04
4.900000e+02	8.015992e+04
5.250000e+02	7.072748e+04
5.600000e+02	6.179882e+04
6.150000e+02	4.907221e+04
6.600000e+02	4.002472e+04
7.000000e+02	3.309637e+04
7.500000e+02	2.588485e+04
8.000000e+02	2.012271e+04
8.540000e+02	1.529485e+04
9.000000e+02	1.210992e+04
9.460000e+02	9.588653e+03
9.710000e+02	8.444926e+03
1.003000e+03	7.174203e+03
1.032000e+03	6.182730e+03
1.065000e+03	5.213136e+03
1.101000e+03	4.320464e+03
1.143000e+03	3.461554e+03
1.214000e+03	2.363637e+03
1.299000e+03	1.481177e+03
1.398000e+03	8.507952e+02
1.520000e+03	4.290525e+02
1.617000e+03	2.510946e+02
1.722000e+03	1.432958e+02
1.820000e+03	8.726007e+01
1.894000e+03	6.143306e+01
1.946000e+03	4.871148e+01
1.989000e+03	4.060043e+01
2.024000e+03	3.524034e+01
2.055000e+03	3.124224e+01
2.083000e+03	2.813276e+01
2.098000e+03	2.663591e+01
2.110000e+03	2.551439e+01
2.120000e+03	2.462760e+01
2.126000e+03	2.411579e+01
2.130000e+03	2.378340e+01
2.132000e+03	2.362014e+01
2.134000e+03	2.345960e+01
2.136000e+03	2.330287e+01
2.138000e+03	2.315223e+01
2.141930e+03	2.288383e+01
2.145160e+03	2.270351e+01
2.147050e+03	2.262260e+01
2.148650e+03	2.256791e+01
2.150120e+03	2.252577e+01
2.151160e+03	2.250036e+01
2.152030e+03	2.248172e+01
2.152870e+03	2.246578e+01
2.153480e+03	2.245533e+01
2.154070e+03	2.244603e+01
2.154730e+03	2.243644e+01
2.155500e+03	2.242622e+01
2.156160e+03	2.241815e+01
2.156820e+03	2.241063e+01
2.157570e+03	2.240263e+01
2.158210e+03	2.239620e+01
2.158840e+03	2.239016e+01
2.159420e+03	2.238484e+01
2.160010e+03	2.237961e+01
2.160630e+03	2.237431e+01
2.161260e+03	2.236911e+01
2.162290e+03	2.236093e+01
2.163290e+03	2.235333e+01
2.164560e+03	2.234411e+01
2.166030e+03	2.233392e+01
2.167690e+03	2.232296e+01
2.169990e+03	2.230855e+01
2.172320e+03	2.229473e+01
2.175280e+03	2.227810e+01
2.178740e+03	2.225974e+01
2.182440e+03	2.224119e+01
2.186080e+03	2.222386e+01
2.191460e+03	2.219962e+01
2.196520e+03	2.217808e+01
2.201920e+03	2.215622e+01
2.207660e+03	2.213408e+01
2.213740e+03	2.211168e+01
2.220040e+03	2.208945e+01
2.227740e+03	2.206346e+01
2.235290e+03	2.203907e+01
2.243320e+03	2.201416e+01
2.251640e+03	2.198935e+01
2.259430e+03	2.196692e+01
2.269690e+03	2.193845e+01
2.282380e+03	2.190469e+01
2.294370e+03	2.187408e+01
2.308550e+03	2.183931e+01
2.325780e+03	2.179887e+01
2.346100e+03	2.175336e+01
2.378190e+03	2.168551e+01
2.418660e+03	2.160566e+01
2.457900e+03	2.153318e+01
2.495560e+03	2.146736e+01
2.535470e+03	2.140095e+01
2.578230e+03	2.133305e+01
2.628320e+03	2.125702e+01
2.688100e+03	2.117037e+01
2.761490e+03	2.106912e+01
2.844400e+03	2.096047e+01
2.970760e+03	2.080436e+01
3.133790e+03	2.061656e+01
3.424990e+03	2.030944e+01
3.752710e+03	1.999641e+01
4.295860e+03	1.953012e+01
4.968640e+03	1.901717e+01
5.762830e+03	1.847617e+01
7.360820e+03	1.752778e+01
8.974240e+03	1.670465e+01
1.159620e+04	1.555496e+01
1.539200e+04	1.416948e+01
2.113310e+04	1.247985e+01
2.667660e+04	1.116119e+01
3.607950e+04	9.380957e+00
4.700930e+04	7.799898e+00
6.808440e+04	5.647960e+00
