-1.000000e+02	1.000000e+00
-9.000000e+01	9.900280e-01
-8.000000e+01	9.906137e-01
-7.000000e+01	9.912891e-01
-6.000000e+01	9.920374e-01
-5.000000e+01	9.928562e-01
-4.000000e+01	9.937399e-01
-3.000000e+01	9.947122e-01
-2.000000e+01	9.956870e-01
-1.000000e+01	9.967060e-01
0.000000e+00	9.977106e-01
1.000000e+01	9.987587e-01
2.000000e+01	9.998246e-01
3.500000e+01	1.000000e+00
5.000000e+01	1.000000e+00
7.500000e+01	1.000000e+00
1.000000e+02	1.000000e+00
1.250000e+02	1.000000e+00
1.500000e+02	1.000000e+00
1.750000e+02	1.000000e+00
2.000000e+02	1.000000e+00
2.500000e+02	1.000000e+00
3.000000e+02	1.000000e+00
3.500000e+02	1.000000e+00
4.000000e+02	1.000000e+00
4.500000e+02	1.000000e+00
4.900000e+02	1.000000e+00
5.250000e+02	1.000000e+00
5.600000e+02	1.000000e+00
6.150000e+02	1.000000e+00
6.600000e+02	9.971378e-01
7.000000e+02	9.936441e-01
7.500000e+02	9.902670e-01
8.000000e+02	9.746890e-01
8.540000e+02	9.618386e-01
9.000000e+02	9.455915e-01
9.460000e+02	9.277216e-01
9.710000e+02	9.199138e-01
1.003000e+03	9.105642e-01
1.032000e+03	9.064741e-01
1.065000e+03	9.141790e-01
1.101000e+03	9.208079e-01
1.143000e+03	9.732897e-01
1.214000e+03	1.092872e+00
1.299000e+03	1.326030e+00
1.398000e+03	1.687991e+00
1.520000e+03	2.043127e+00
1.617000e+03	2.316380e+00
1.722000e+03	2.514324e+00
1.820000e+03	2.662038e+00
1.894000e+03	2.743594e+00
1.946000e+03	2.794665e+00
1.989000e+03	2.830868e+00
2.024000e+03	2.866106e+00
2.055000e+03	2.891680e+00
2.083000e+03	2.910927e+00
2.098000e+03	2.919999e+00
2.110000e+03	2.934554e+00
2.120000e+03	2.945986e+00
2.126000e+03	2.953177e+00
2.130000e+03	2.958411e+00
2.132000e+03	2.961808e+00
2.134000e+03	2.966921e+00
2.136000e+03	2.974443e+00
2.138000e+03	2.988365e+00
2.141930e+03	3.022468e+00
2.145160e+03	3.054271e+00
2.147050e+03	3.099374e+00
2.148650e+03	3.137532e+00
2.150120e+03	3.171189e+00
2.151160e+03	3.239115e+00
2.152030e+03	3.291413e+00
2.152870e+03	3.336735e+00
2.153480e+03	3.365793e+00
2.154070e+03	3.390704e+00
2.154730e+03	3.416013e+00
2.155500e+03	3.440671e+00
2.156160e+03	3.458325e+00
2.156820e+03	3.473457e+00
2.157570e+03	3.523161e+00
2.158210e+03	3.579755e+00
2.158840e+03	3.627742e+00
2.159420e+03	3.666838e+00
2.160010e+03	3.701102e+00
2.160630e+03	3.733541e+00
2.161260e+03	3.762888e+00
2.162290e+03	3.804229e+00
2.163290e+03	3.838754e+00
2.164560e+03	3.875943e+00
2.166030e+03	3.912320e+00
2.167690e+03	3.946937e+00
2.169990e+03	3.986579e+00
2.172320e+03	4.019796e+00
2.175280e+03	4.096074e+00
2.178740e+03	4.185617e+00
2.182440e+03	4.265663e+00
2.186080e+03	4.332280e+00
2.191460e+03	4.414599e+00
2.196520e+03	4.548290e+00
2.201920e+03	4.711128e+00
2.207660e+03	4.863097e+00
2.213740e+03	5.055589e+00
2.220040e+03	5.223253e+00
2.227740e+03	5.398422e+00
2.235290e+03	5.618170e+00
2.243320e+03	5.873617e+00
2.251640e+03	6.108859e+00
2.259430e+03	6.410100e+00
2.269690e+03	6.773367e+00
2.282380e+03	7.202442e+00
2.294370e+03	7.866163e+00
2.308550e+03	8.623410e+00
2.325780e+03	9.411529e+00
2.346100e+03	9.548987e+00
2.378190e+03	4.486950e+00
2.418660e+03	1.400000e+00
2.457900e+03	1.400000e+00
2.495560e+03	1.400000e+00
2.535470e+03	1.400000e+00
2.578230e+03	1.400000e+00
2.628320e+03	1.400000e+00
2.688100e+03	1.400000e+00
2.761490e+03	1.400000e+00
2.844400e+03	1.400000e+00
2.970760e+03	1.400000e+00
3.133790e+03	1.400000e+00
3.424990e+03	1.400000e+00
3.752710e+03	1.400000e+00
4.295860e+03	1.400000e+00
4.968640e+03	1.400000e+00
5.762830e+03	1.400000e+00
7.360820e+03	1.400000e+00
8.974240e+03	1.400000e+00
1.159620e+04	1.400000e+00
1.539200e+04	1.400000e+00
2.113310e+04	1.400000e+00
2.667660e+04	1.400000e+00
3.607950e+04	1.400000e+00
4.700930e+04	1.400000e+00
6.808440e+04	1.400000e+00
