-1.000000e+02	3.176886e+08
-9.000000e+01	7.148579e+06
-8.000000e+01	8.019947e+06
-7.000000e+01	9.085526e+06
-6.000000e+01	1.032643e+07
-5.000000e+01	1.174987e+07
-4.000000e+01	1.335363e+07
-3.000000e+01	1.520099e+07
-2.000000e+01	1.709982e+07
-1.000000e+01	1.914944e+07
0.000000e+00	2.120455e+07
1.000000e+01	2.342178e+07
2.000000e+01	2.575078e+07
3.500000e+01	3.049636e+07
5.000000e+01	3.595661e+07
7.500000e+01	4.706639e+07
1.000000e+02	6.393943e+07
1.250000e+02	9.088182e+07
1.500000e+02	1.339177e+08
1.750000e+02	1.862788e+08
2.000000e+02	2.500261e+08
2.500000e+02	3.931904e+08
3.000000e+02	5.818763e+08
3.500000e+02	8.097659e+08
4.000000e+02	1.058986e+09
4.500000e+02	1.253838e+09
4.900000e+02	1.207407e+09
5.250000e+02	1.052184e+09
5.600000e+02	8.389939e+08
6.150000e+02	4.572181e+08
6.600000e+02	2.202698e+08
7.000000e+02	8.740372e+07
7.500000e+02	2.454948e+07
8.000000e+02	8.676383e+06
8.540000e+02	4.565686e+06
9.000000e+02	2.898118e+06
9.460000e+02	1.835927e+06
9.710000e+02	1.413315e+06
1.003000e+03	9.797213e+05
1.032000e+03	7.014463e+05
1.065000e+03	4.575841e+05
1.101000e+03	2.992011e+05
1.143000e+03	1.557168e+05
1.214000e+03	5.745696e+04
1.299000e+03	1.897327e+04
1.398000e+03	5.729695e+03
1.520000e+03	1.516456e+03
1.617000e+03	5.492104e+02
1.722000e+03	1.987328e+02
1.820000e+03	8.398356e+01
1.894000e+03	4.537917e+01
1.946000e+03	3.035593e+01
1.989000e+03	2.219089e+01
2.024000e+03	1.804606e+01
2.055000e+03	1.505676e+01
2.083000e+03	1.281995e+01
2.098000e+03	1.177023e+01
2.110000e+03	1.085931e+01
2.120000e+03	1.014961e+01
2.126000e+03	9.696239e+00
2.130000e+03	9.359595e+00
2.132000e+03	9.131505e+00
2.134000e+03	8.775388e+00
2.136000e+03	8.252976e+00
2.138000e+03	7.328300e+00
2.141930e+03	5.544088e+00
2.145160e+03	6.827437e+00
2.147050e+03	2.164850e+01
2.148650e+03	6.142810e+01
2.150120e+03	1.370880e+02
2.151160e+03	2.178882e+02
2.152030e+03	3.062801e+02
2.152870e+03	4.045701e+02
2.153480e+03	4.789258e+02
2.154070e+03	5.486217e+02
2.154730e+03	6.238139e+02
2.155500e+03	7.022299e+02
2.156160e+03	7.601882e+02
2.156820e+03	8.108890e+02
2.157570e+03	8.079030e+02
2.158210e+03	7.793807e+02
2.158840e+03	7.593778e+02
2.159420e+03	7.448052e+02
2.160010e+03	7.332134e+02
2.160630e+03	7.227289e+02
2.161260e+03	7.137604e+02
2.162290e+03	7.017941e+02
2.163290e+03	6.916171e+02
2.164560e+03	6.806995e+02
2.166030e+03	6.696777e+02
2.167690e+03	6.586298e+02
2.169990e+03	6.451136e+02
2.172320e+03	6.328828e+02
2.175280e+03	5.814151e+02
2.178740e+03	5.263136e+02
2.182440e+03	4.837784e+02
2.186080e+03	4.519993e+02
2.191460e+03	4.161548e+02
2.196520e+03	3.476550e+02
2.201920e+03	2.845629e+02
2.207660e+03	2.395199e+02
2.213740e+03	1.874812e+02
2.220040e+03	1.566584e+02
2.227740e+03	1.328905e+02
2.235290e+03	1.037625e+02
2.243320e+03	8.024323e+01
2.251640e+03	6.517958e+01
2.259430e+03	4.814454e+01
2.269690e+03	3.523967e+01
2.282380e+03	2.547746e+01
2.294370e+03	1.081325e+01
2.308550e+03	6.232844e+00
2.325780e+03	4.260058e+00
2.346100e+03	2.446006e+00
2.378190e+03	7.023948e-01
2.418660e+03	2.048755e-01
2.457900e+03	9.199674e-02
2.495560e+03	4.309540e-02
2.535470e+03	7.357863e-03
2.578230e+03	4.099441e-03
2.628320e+03	2.826783e-03
2.688100e+03	2.115120e-03
2.761490e+03	1.650578e-03
2.844400e+03	1.346189e-03
2.970760e+03	1.075118e-03
3.133790e+03	8.085505e-04
3.424990e+03	4.773427e-04
3.752710e+03	3.433612e-04
4.295860e+03	2.537963e-04
4.968640e+03	1.819785e-04
5.762830e+03	1.416817e-04
7.360820e+03	9.893357e-05
8.974240e+03	7.079465e-05
1.159620e+04	4.409022e-05
1.539200e+04	2.395288e-05
2.113310e+04	1.305436e-05
2.667660e+04	9.029617e-06
3.607950e+04	4.199283e-06
4.700930e+04	1.959960e-06
6.808440e+04	4.625705e-07
