-1.000000e+02	3.815647e+12
-9.000000e+01	3.166864e+11
-8.000000e+01	3.407551e+11
-7.000000e+01	3.684648e+11
-6.000000e+01	3.990905e+11
-5.000000e+01	4.325199e+11
-4.000000e+01	4.684932e+11
-3.000000e+01	5.079566e+11
-2.000000e+01	5.473753e+11
-1.000000e+01	5.884181e+11
0.000000e+00	6.287053e+11
1.000000e+01	6.704877e+11
2.000000e+01	7.126884e+11
3.500000e+01	7.775715e+11
5.000000e+01	8.412348e+11
7.500000e+01	9.425318e+11
1.000000e+02	1.041057e+12
1.250000e+02	1.133198e+12
1.500000e+02	1.215630e+12
1.750000e+02	1.282961e+12
2.000000e+02	1.336425e+12
2.500000e+02	1.399384e+12
3.000000e+02	1.393003e+12
3.500000e+02	1.309683e+12
4.000000e+02	1.155612e+12
4.500000e+02	9.613404e+11
4.900000e+02	8.256664e+11
5.250000e+02	7.226588e+11
5.600000e+02	6.318440e+11
6.150000e+02	5.159259e+11
6.600000e+02	4.280986e+11
7.000000e+02	3.503483e+11
7.500000e+02	2.544869e+11
8.000000e+02	1.762866e+11
8.540000e+02	1.162580e+11
9.000000e+02	8.214385e+10
9.460000e+02	5.885043e+10
9.710000e+02	4.926831e+10
1.003000e+03	3.958428e+10
1.032000e+03	3.262876e+10
1.065000e+03	2.627399e+10
1.101000e+03	2.083298e+10
1.143000e+03	1.597464e+10
1.214000e+03	1.027031e+10
1.299000e+03	6.059535e+09
1.398000e+03	3.269040e+09
1.520000e+03	1.522292e+09
1.617000e+03	8.406185e+08
1.722000e+03	4.463874e+08
1.820000e+03	2.511440e+08
1.894000e+03	1.640157e+08
1.946000e+03	1.226791e+08
1.989000e+03	9.696393e+07
2.024000e+03	8.047761e+07
2.055000e+03	6.851313e+07
2.083000e+03	5.954476e+07
2.098000e+03	5.533236e+07
2.110000e+03	5.223620e+07
2.120000e+03	4.980255e+07
2.126000e+03	4.826795e+07
2.130000e+03	4.714772e+07
2.132000e+03	4.641702e+07
2.134000e+03	4.531096e+07
2.136000e+03	4.367917e+07
2.138000e+03	4.065735e+07
2.141930e+03	3.337689e+07
2.145160e+03	2.679025e+07
2.147050e+03	2.202532e+07
2.148650e+03	1.855396e+07
2.150120e+03	1.556213e+07
2.151160e+03	1.353193e+07
2.152030e+03	1.196790e+07
2.152870e+03	1.061199e+07
2.153480e+03	9.742548e+06
2.154070e+03	8.997257e+06
2.154730e+03	8.240203e+06
2.155500e+03	7.502748e+06
2.156160e+03	6.971561e+06
2.156820e+03	6.516372e+06
2.157570e+03	6.088883e+06
2.158210e+03	5.785034e+06
2.158840e+03	5.526955e+06
2.159420e+03	5.316428e+06
2.160010e+03	5.131742e+06
2.160630e+03	4.956767e+06
2.161260e+03	4.798374e+06
2.162290e+03	4.575107e+06
2.163290e+03	4.388559e+06
2.164560e+03	4.187528e+06
2.166030e+03	3.990823e+06
2.167690e+03	3.803742e+06
2.169990e+03	3.589704e+06
2.172320e+03	3.410160e+06
2.175280e+03	3.219320e+06
2.178740e+03	3.035231e+06
2.182440e+03	2.870302e+06
2.186080e+03	2.731571e+06
2.191460e+03	2.559261e+06
2.196520e+03	2.422184e+06
2.201920e+03	2.298019e+06
2.207660e+03	2.188469e+06
2.213740e+03	2.085983e+06
2.220040e+03	1.997116e+06
2.227740e+03	1.903452e+06
2.235290e+03	1.826535e+06
2.243320e+03	1.754059e+06
2.251640e+03	1.688964e+06
2.259430e+03	1.634746e+06
2.269690e+03	1.572702e+06
2.282380e+03	1.506005e+06
2.294370e+03	1.450843e+06
2.308550e+03	1.393136e+06
2.325780e+03	1.332858e+06
2.346100e+03	1.271419e+06
2.378190e+03	1.191035e+06
2.418660e+03	1.110715e+06
2.457900e+03	1.047449e+06
2.495560e+03	9.968714e+05
2.535470e+03	9.514765e+05
2.578230e+03	9.106623e+05
2.628320e+03	8.716705e+05
2.688100e+03	8.321792e+05
2.761490e+03	7.912395e+05
2.844400e+03	7.523776e+05
2.970760e+03	7.041523e+05
3.133790e+03	6.551969e+05
3.424990e+03	5.908069e+05
3.752710e+03	5.385736e+05
4.295860e+03	4.777834e+05
4.968640e+03	4.258896e+05
5.762830e+03	3.821839e+05
7.360820e+03	3.233670e+05
8.974240e+03	2.834094e+05
1.159620e+04	2.389008e+05
1.539200e+04	1.964313e+05
2.113310e+04	1.551996e+05
2.667660e+04	1.285598e+05
3.607950e+04	9.808377e+04
4.700930e+04	7.507253e+04
6.808440e+04	4.851186e+04
