-1.000000e+02	1.366000e+16
-9.000000e+01	1.001592e+15
-8.000000e+01	1.078729e+15
-7.000000e+01	1.167691e+15
-6.000000e+01	1.266240e+15
-5.000000e+01	1.374093e+15
-4.000000e+01	1.490488e+15
-3.000000e+01	1.618539e+15
-2.000000e+01	1.746939e+15
-1.000000e+01	1.881144e+15
0.000000e+00	2.013458e+15
1.000000e+01	2.151514e+15
2.000000e+01	2.291895e+15
3.500000e+01	2.509420e+15
5.000000e+01	2.725275e+15
7.500000e+01	3.075341e+15
1.000000e+02	3.428142e+15
1.250000e+02	3.777775e+15
1.500000e+02	4.121615e+15
1.750000e+02	4.432805e+15
2.000000e+02	4.717559e+15
2.500000e+02	5.171612e+15
3.000000e+02	5.459547e+15
3.500000e+02	5.529739e+15
4.000000e+02	5.356705e+15
4.500000e+02	4.938406e+15
4.900000e+02	4.433577e+15
5.250000e+02	3.919139e+15
5.600000e+02	3.378134e+15
6.150000e+02	2.543645e+15
6.600000e+02	1.938019e+15
7.000000e+02	1.477867e+15
7.500000e+02	1.033061e+15
8.000000e+02	7.112972e+14
8.540000e+02	4.707530e+14
9.000000e+02	3.336520e+14
9.460000e+02	2.396861e+14
9.710000e+02	2.008381e+14
1.003000e+03	1.615696e+14
1.032000e+03	1.332567e+14
1.065000e+03	1.074181e+14
1.101000e+03	8.518777e+13
1.143000e+03	6.539941e+13
1.214000e+03	4.209604e+13
1.299000e+03	2.487833e+13
1.398000e+03	1.343339e+13
1.520000e+03	6.259853e+12
1.617000e+03	3.457205e+12
1.722000e+03	1.836059e+12
1.820000e+03	1.032837e+12
1.894000e+03	6.745703e+11
1.946000e+03	5.044130e+11
1.989000e+03	3.990583e+11
2.024000e+03	3.311544e+11
2.055000e+03	2.818723e+11
2.083000e+03	2.447841e+11
2.098000e+03	2.273023e+11
2.110000e+03	2.145652e+11
2.120000e+03	2.045619e+11
2.126000e+03	1.982702e+11
2.130000e+03	1.936902e+11
2.132000e+03	1.907181e+11
2.134000e+03	1.862440e+11
2.136000e+03	1.796627e+11
2.138000e+03	1.674806e+11
2.141930e+03	1.376405e+11
2.145160e+03	1.098098e+11
2.147050e+03	9.011533e+10
2.148650e+03	7.576277e+10
2.150120e+03	6.299282e+10
2.151160e+03	5.354184e+10
2.152030e+03	4.529834e+10
2.152870e+03	3.713001e+10
2.153480e+03	3.137461e+10
2.154070e+03	2.625856e+10
2.154730e+03	2.110085e+10
2.155500e+03	1.631804e+10
2.156160e+03	1.319086e+10
2.156820e+03	1.076716e+10
2.157570e+03	8.342832e+09
2.158210e+03	6.690280e+09
2.158840e+03	5.494709e+09
2.159420e+03	4.654904e+09
2.160010e+03	4.008221e+09
2.160630e+03	3.468771e+09
2.161260e+03	3.034903e+09
2.162290e+03	2.502292e+09
2.163290e+03	2.123182e+09
2.164560e+03	1.771260e+09
2.166030e+03	1.477282e+09
2.167690e+03	1.237691e+09
2.169990e+03	1.004436e+09
2.172320e+03	8.379124e+08
2.175280e+03	6.445078e+08
2.178740e+03	4.862911e+08
2.182440e+03	3.750475e+08
2.186080e+03	2.992911e+08
2.191460e+03	2.227471e+08
2.196520e+03	1.503482e+08
2.201920e+03	9.685052e+07
2.207660e+03	6.381551e+07
2.213740e+03	3.686681e+07
2.220040e+03	2.329824e+07
2.227740e+03	1.455947e+07
2.235290e+03	7.975628e+06
2.243320e+03	4.230494e+06
2.251640e+03	2.464908e+06
2.259430e+03	1.214658e+06
2.269690e+03	5.705554e+05
2.282380e+03	2.564964e+05
2.294370e+03	4.115390e+04
2.308550e+03	1.193355e+04
2.325780e+03	4.831290e+03
2.346100e+03	1.379319e+03
2.378190e+03	9.457968e+01
2.418660e+03	6.731953e+00
2.457900e+03	1.185110e+00
2.495560e+03	2.341752e-01
2.535470e+03	6.231785e-03
2.578230e+03	1.782417e-03
2.628320e+03	7.810593e-04
2.688100e+03	4.038811e-04
2.761490e+03	2.274513e-04
2.844400e+03	1.416206e-04
2.970760e+03	8.344650e-05
3.133790e+03	4.386902e-05
3.424990e+03	1.382828e-05
3.752710e+03	7.152557e-06
4.295860e+03	3.576279e-06
4.968640e+03	1.668930e-06
5.762830e+03	9.536743e-07
7.360820e+03	4.768372e-07
8.974240e+03	2.384186e-07
1.159620e+04	1.192093e-07
1.539200e+04	0.000000e+00
2.113310e+04	1.192093e-07
2.667660e+04	0.000000e+00
3.607950e+04	0.000000e+00
4.700930e+04	0.000000e+00
6.808440e+04	0.000000e+00
