-1.000000e+02	1.328976e+17
-9.000000e+01	4.579004e+15
-8.000000e+01	5.038077e+15
-7.000000e+01	5.562720e+15
-6.000000e+01	6.132131e+15
-5.000000e+01	6.743390e+15
-4.000000e+01	7.393330e+15
-3.000000e+01	8.100980e+15
-2.000000e+01	8.809519e+15
-1.000000e+01	9.552769e+15
0.000000e+00	1.029335e+16
1.000000e+01	1.107423e+16
2.000000e+01	1.187876e+16
3.500000e+01	1.314795e+16
5.000000e+01	1.444403e+16
7.500000e+01	1.664451e+16
1.000000e+02	1.899527e+16
1.250000e+02	2.148916e+16
1.500000e+02	2.413913e+16
1.750000e+02	2.681239e+16
2.000000e+02	2.956233e+16
2.500000e+02	3.512187e+16
3.000000e+02	4.071592e+16
3.500000e+02	4.587417e+16
4.000000e+02	5.000813e+16
4.500000e+02	5.236630e+16
4.900000e+02	5.228531e+16
5.250000e+02	5.078298e+16
5.600000e+02	4.806664e+16
6.150000e+02	4.170443e+16
6.600000e+02	3.539938e+16
7.000000e+02	2.946933e+16
7.500000e+02	2.269655e+16
8.000000e+02	1.696919e+16
8.540000e+02	1.208306e+16
9.000000e+02	9.008770e+15
9.460000e+02	6.746042e+15
9.710000e+02	5.762454e+15
1.003000e+03	4.736249e+15
1.032000e+03	3.972116e+15
1.065000e+03	3.253507e+15
1.101000e+03	2.618296e+15
1.143000e+03	2.035499e+15
1.214000e+03	1.332233e+15
1.299000e+03	7.983588e+14
1.398000e+03	4.344201e+14
1.520000e+03	2.011676e+14
1.617000e+03	1.091112e+14
1.722000e+03	5.635251e+13
1.820000e+03	3.047766e+13
1.894000e+03	1.920442e+13
1.946000e+03	1.396227e+13
1.989000e+03	1.079738e+13
2.024000e+03	8.791271e+12
2.055000e+03	7.347501e+12
2.083000e+03	6.264614e+12
2.098000e+03	5.760573e+12
2.110000e+03	5.393791e+12
2.120000e+03	5.091550e+12
2.126000e+03	4.871979e+12
2.130000e+03	4.687999e+12
2.132000e+03	4.539973e+12
2.134000e+03	4.271578e+12
2.136000e+03	3.839681e+12
2.138000e+03	3.010335e+12
2.141930e+03	1.321765e+12
2.145160e+03	3.626118e+11
2.147050e+03	2.153833e+11
2.148650e+03	1.993627e+11
2.150120e+03	1.793807e+11
2.151160e+03	1.600020e+11
2.152030e+03	1.444180e+11
2.152870e+03	1.304184e+11
2.153480e+03	1.211879e+11
2.154070e+03	1.131051e+11
2.154730e+03	1.047196e+11
2.155500e+03	9.600427e+10
2.156160e+03	8.941058e+10
2.156820e+03	8.373133e+10
2.157570e+03	7.834949e+10
2.158210e+03	7.449707e+10
2.158840e+03	7.120866e+10
2.159420e+03	6.851618e+10
2.160010e+03	6.614739e+10
2.160630e+03	6.389795e+10
2.161260e+03	6.185758e+10
2.162290e+03	5.797195e+10
2.163290e+03	5.469446e+10
2.164560e+03	5.127763e+10
2.166030e+03	4.804503e+10
2.167690e+03	4.506563e+10
2.169990e+03	4.176517e+10
2.172320e+03	3.908803e+10
2.175280e+03	3.633215e+10
2.178740e+03	3.375946e+10
2.182440e+03	3.152642e+10
2.186080e+03	2.971502e+10
2.191460e+03	2.753291e+10
2.196520e+03	2.586815e+10
2.201920e+03	2.437613e+10
2.207660e+03	2.306309e+10
2.213740e+03	2.186864e+10
2.220040e+03	2.081941e+10
2.227740e+03	1.971721e+10
2.235290e+03	1.763477e+10
2.243320e+03	1.588941e+10
2.251640e+03	1.449848e+10
2.259430e+03	1.342792e+10
2.269690e+03	1.230195e+10
2.282380e+03	1.120236e+10
2.294370e+03	1.037165e+10
2.308550e+03	9.568229e+09
2.325780e+03	8.793807e+09
2.346100e+03	8.065472e+09
2.378190e+03	7.194168e+09
2.418660e+03	6.404288e+09
2.457900e+03	5.831692e+09
2.495560e+03	5.150792e+09
2.535470e+03	4.518319e+09
2.578230e+03	4.032414e+09
2.628320e+03	3.626486e+09
2.688100e+03	3.263122e+09
2.761490e+03	2.928543e+09
2.844400e+03	2.393758e+09
2.970760e+03	1.777599e+09
3.133790e+03	1.237641e+09
3.424990e+03	7.790246e+08
3.752710e+03	4.284025e+08
4.295860e+03	1.615288e+08
4.968640e+03	2.842404e+07
5.762830e+03	5.921794e+06
7.360820e+03	4.163546e+05
8.974240e+03	1.942810e+04
1.159620e+04	6.178867e+03
1.539200e+04	2.679871e+03
2.113310e+04	1.095390e+03
2.667660e+04	6.360776e+02
3.607950e+04	3.423742e+02
4.700930e+04	1.631304e+02
6.808440e+04	4.663544e+01
