0.000000e+00
1.473811e+01
1.401932e+01
1.333559e+01
1.268521e+01
1.206654e+01
1.147805e+01
1.091826e+01
1.038577e+01
9.879251e+00
9.397434e+00
8.939116e+00
8.503150e+00
7.888742e+00
7.318729e+00
6.458756e+00
5.699832e+00
5.030084e+00
4.439033e+00
3.917433e+00
3.457123e+00
2.692410e+00
2.096851e+00
1.633029e+00
1.271804e+00
9.904823e-01
8.109383e-01
6.807478e-01
5.714585e-01
4.340640e-01
3.466071e-01
2.837779e-01
2.210065e-01
1.721200e-01
1.313929e-01
1.043961e-01
8.294618e-02
7.319975e-02
6.237671e-02
5.395724e-02
4.575001e-02
3.821362e-02
3.097536e-02
2.171910e-02
1.419929e-02
8.655474e-03
4.702959e-03
2.895599e-03
1.712907e-03
1.049372e-03
7.248373e-04
5.588870e-04
4.507655e-04
3.783983e-04
3.240660e-04
2.817295e-04
2.613727e-04
2.461515e-04
2.341466e-04
2.272265e-04
2.227271e-04
2.205109e-04
2.183168e-04
2.161445e-04
2.139938e-04
2.098299e-04
2.064684e-04
2.045264e-04
2.028967e-04
2.014109e-04
2.003663e-04
1.994966e-04
1.986605e-04
1.980555e-04
1.974721e-04
1.968215e-04
1.960652e-04
1.954192e-04
1.947754e-04
1.940464e-04
1.934264e-04
1.928181e-04
1.922597e-04
1.916934e-04
1.911001e-04
1.904991e-04
1.895205e-04
1.885753e-04
1.873816e-04
1.860094e-04
1.844719e-04
1.823626e-04
1.802504e-04
1.776024e-04
1.745563e-04
1.713567e-04
1.682662e-04
1.638002e-04
1.597080e-04
1.554536e-04
1.510555e-04
1.465325e-04
1.419887e-04
1.366260e-04
1.315645e-04
1.263868e-04
1.212370e-04
1.166056e-04
1.107746e-04
1.039643e-04
9.791475e-05
9.121298e-05
8.368395e-05
7.559932e-05
6.439250e-05
5.259638e-05
4.322622e-05
3.580714e-05
2.932960e-05
2.368394e-05
1.843677e-05
1.367333e-05
9.473489e-06
6.258542e-06
3.327254e-06
1.472552e-06
3.433507e-07
6.669650e-08
4.412328e-09
1.526668e-10
2.878611e-12
9.754202e-16
3.059812e-19
6.196992e-25
3.545732e-33
1.210781e-45
1.110474e-57
4.240045e-78
7.827289e-102
1.347762e-147
