-1.000000e+02	2.387164e+08
-9.000000e+01	2.570785e+06
-8.000000e+01	2.928188e+06
-7.000000e+01	3.388585e+06
-6.000000e+01	3.950978e+06
-5.000000e+01	4.628380e+06
-4.000000e+01	5.429987e+06
-3.000000e+01	6.405323e+06
-2.000000e+01	7.448434e+06
-1.000000e+01	8.627597e+06
0.000000e+00	9.919617e+06
1.000000e+01	1.148003e+07
2.000000e+01	1.318912e+07
3.500000e+01	1.612371e+07
5.000000e+01	1.937544e+07
7.500000e+01	2.563949e+07
1.000000e+02	3.461086e+07
1.250000e+02	4.906977e+07
1.500000e+02	7.464356e+07
1.750000e+02	1.106979e+08
2.000000e+02	1.604357e+08
2.500000e+02	3.003587e+08
3.000000e+02	5.427919e+08
3.500000e+02	9.376580e+08
4.000000e+02	1.533125e+09
4.500000e+02	2.264469e+09
4.900000e+02	2.605854e+09
5.250000e+02	2.667498e+09
5.600000e+02	2.512758e+09
6.150000e+02	1.805141e+09
6.600000e+02	1.090640e+09
7.000000e+02	5.190866e+08
7.500000e+02	1.658802e+08
8.000000e+02	4.890565e+07
8.540000e+02	1.884565e+07
9.000000e+02	1.131105e+07
9.460000e+02	7.570781e+06
9.710000e+02	6.113546e+06
1.003000e+03	4.741950e+06
1.032000e+03	3.794083e+06
1.065000e+03	2.878011e+06
1.101000e+03	2.131369e+06
1.143000e+03	1.494462e+06
1.214000e+03	7.354932e+05
1.299000e+03	2.801478e+05
1.398000e+03	6.821805e+04
1.520000e+03	1.425927e+04
1.617000e+03	4.550684e+03
1.722000e+03	1.537931e+03
1.820000e+03	5.742100e+02
1.894000e+03	2.876957e+02
1.946000e+03	1.819128e+02
1.989000e+03	1.281796e+02
2.024000e+03	9.708139e+01
2.055000e+03	7.631156e+01
2.083000e+03	6.174923e+01
2.098000e+03	5.550141e+01
2.110000e+03	5.120985e+01
2.120000e+03	4.782299e+01
2.126000e+03	4.558548e+01
2.130000e+03	4.387322e+01
2.132000e+03	4.265934e+01
2.134000e+03	4.070345e+01
2.136000e+03	3.784201e+01
2.138000e+03	3.288257e+01
2.141930e+03	2.253455e+01
2.145160e+03	1.578756e+01
2.147050e+03	3.470285e+01
2.148650e+03	9.704337e+01
2.150120e+03	2.122213e+02
2.151160e+03	3.444719e+02
2.152030e+03	4.915593e+02
2.152870e+03	6.576006e+02
2.153480e+03	7.847470e+02
2.154070e+03	9.052751e+02
2.154730e+03	1.036822e+03
2.155500e+03	1.170164e+03
2.156160e+03	1.264558e+03
2.156820e+03	1.346541e+03
2.157570e+03	1.427105e+03
2.158210e+03	1.484389e+03
2.158840e+03	1.533262e+03
2.159420e+03	1.572085e+03
2.160010e+03	1.605536e+03
2.160630e+03	1.635875e+03
2.161260e+03	1.662517e+03
2.162290e+03	1.666879e+03
2.163290e+03	1.663330e+03
2.164560e+03	1.657329e+03
2.166030e+03	1.648561e+03
2.167690e+03	1.637111e+03
2.169990e+03	1.619941e+03
2.172320e+03	1.601852e+03
2.175280e+03	1.578272e+03
2.178740e+03	1.550812e+03
2.182440e+03	1.522129e+03
2.186080e+03	1.495066e+03
2.191460e+03	1.457143e+03
2.196520e+03	1.423911e+03
2.201920e+03	1.390671e+03
2.207660e+03	1.358309e+03
2.213740e+03	1.326531e+03
2.220040e+03	1.296163e+03
2.227740e+03	1.262149e+03
2.235290e+03	1.148967e+03
2.243320e+03	1.053506e+03
2.251640e+03	9.768108e+02
2.259430e+03	9.173132e+02
2.269690e+03	8.540979e+02
2.282380e+03	7.916824e+02
2.294370e+03	7.438594e+02
2.308550e+03	6.970446e+02
2.325780e+03	6.512028e+02
2.346100e+03	6.073877e+02
2.378190e+03	5.538731e+02
2.418660e+03	5.040505e+02
2.457900e+03	4.670283e+02
2.495560e+03	4.172534e+02
2.535470e+03	3.695498e+02
2.578230e+03	3.328873e+02
2.628320e+03	3.023182e+02
2.688100e+03	2.747515e+02
2.761490e+03	2.491475e+02
2.844400e+03	2.049447e+02
2.970760e+03	1.533109e+02
3.133790e+03	1.075099e+02
3.424990e+03	6.845474e+01
3.752710e+03	3.794017e+01
4.295860e+03	1.444646e+01
4.968640e+03	2.564531e+00
5.762830e+03	5.392871e-01
7.360820e+03	3.841080e-02
8.974240e+03	1.807836e-03
1.159620e+04	5.802909e-04
1.539200e+04	2.538260e-04
2.113310e+04	1.045849e-04
2.667660e+04	6.104176e-05
3.607950e+04	3.304968e-05
4.700930e+04	1.581903e-05
6.808440e+04	4.547898e-06
