-1.000000e+02	2.068590e+08
-9.000000e+01	4.383130e+06
-8.000000e+01	4.618019e+06
-7.000000e+01	4.843773e+06
-6.000000e+01	5.053672e+06
-5.000000e+01	5.242044e+06
-4.000000e+01	5.406316e+06
-3.000000e+01	5.538807e+06
-2.000000e+01	5.662950e+06
-1.000000e+01	5.768739e+06
0.000000e+00	5.879711e+06
1.000000e+01	5.977561e+06
2.000000e+01	6.077572e+06
3.500000e+01	6.429737e+06
5.000000e+01	6.883798e+06
7.500000e+01	7.947523e+06
1.000000e+02	9.692316e+06
1.250000e+02	1.256052e+07
1.500000e+02	1.703806e+07
1.750000e+02	2.234732e+07
2.000000e+02	2.855390e+07
2.500000e+02	4.171975e+07
3.000000e+02	5.731677e+07
3.500000e+02	7.376495e+07
4.000000e+02	8.870811e+07
4.500000e+02	9.671153e+07
4.900000e+02	8.922843e+07
5.250000e+02	7.584349e+07
5.600000e+02	5.960746e+07
6.150000e+02	3.305730e+07
6.600000e+02	1.682813e+07
7.000000e+02	7.411502e+06
7.500000e+02	2.441491e+06
8.000000e+02	1.041543e+06
8.540000e+02	6.902944e+05
9.000000e+02	5.221239e+05
9.460000e+02	3.792755e+05
9.710000e+02	3.123578e+05
1.003000e+03	2.303031e+05
1.032000e+03	1.721110e+05
1.065000e+03	1.167784e+05
1.101000e+03	7.895273e+04
1.143000e+03	4.213489e+04
1.214000e+03	1.585297e+04
1.299000e+03	5.284390e+03
1.398000e+03	1.603984e+03
1.520000e+03	4.268803e+02
1.617000e+03	1.552623e+02
1.722000e+03	5.642155e+01
1.820000e+03	2.393483e+01
1.894000e+03	1.297674e+01
1.946000e+03	8.706411e+00
1.989000e+03	6.383434e+00
2.024000e+03	5.204283e+00
2.055000e+03	4.353180e+00
2.083000e+03	3.718953e+00
2.098000e+03	3.423036e+00
2.110000e+03	3.166061e+00
2.120000e+03	2.974001e+00
2.126000e+03	2.867226e+00
2.130000e+03	2.799801e+00
2.132000e+03	2.767512e+00
2.134000e+03	2.735568e+00
2.136000e+03	2.698538e+00
2.138000e+03	2.634905e+00
2.141930e+03	2.506465e+00
2.145160e+03	4.175939e+00
2.147050e+03	1.879677e+01
2.148650e+03	7.114059e+01
2.150120e+03	2.001207e+02
2.151160e+03	3.720230e+02
2.152030e+03	5.895755e+02
2.152870e+03	8.632223e+02
2.153480e+03	1.091108e+03
2.154070e+03	1.321267e+03
2.154730e+03	1.588471e+03
2.155500e+03	1.888404e+03
2.156160e+03	2.125741e+03
2.156820e+03	2.345284e+03
2.157570e+03	2.414077e+03
2.158210e+03	2.384118e+03
2.158840e+03	2.370451e+03
2.159420e+03	2.363851e+03
2.160010e+03	2.361455e+03
2.160630e+03	2.360268e+03
2.161260e+03	2.360681e+03
2.162290e+03	2.363261e+03
2.163290e+03	2.364138e+03
2.164560e+03	2.364879e+03
2.166030e+03	2.363856e+03
2.167690e+03	2.360265e+03
2.169990e+03	2.352173e+03
2.172320e+03	2.341232e+03
2.175280e+03	2.184122e+03
2.178740e+03	2.006434e+03
2.182440e+03	1.868532e+03
2.186080e+03	1.764739e+03
2.191460e+03	1.646391e+03
2.196520e+03	1.389778e+03
2.201920e+03	1.148419e+03
2.207660e+03	9.748034e+02
2.213740e+03	7.690428e+02
2.220040e+03	6.470367e+02
2.227740e+03	5.528859e+02
2.235290e+03	4.343396e+02
2.243320e+03	3.378432e+02
2.251640e+03	2.758342e+02
2.259430e+03	2.046408e+02
2.269690e+03	1.505382e+02
2.282380e+03	1.094203e+02
2.294370e+03	4.664864e+01
2.308550e+03	2.701209e+01
2.325780e+03	1.854978e+01
2.346100e+03	1.070201e+01
2.378190e+03	3.092437e+00
2.418660e+03	9.075772e-01
2.457900e+03	4.095019e-01
2.495560e+03	1.925631e-01
2.535470e+03	3.298940e-02
2.578230e+03	1.843729e-02
2.628320e+03	1.275309e-02
2.688100e+03	9.571992e-03
2.761490e+03	7.493295e-03
2.844400e+03	6.129434e-03
2.970760e+03	4.912740e-03
3.133790e+03	3.707792e-03
3.424990e+03	2.198905e-03
3.752710e+03	1.587359e-03
4.295860e+03	1.178011e-03
4.968640e+03	8.474543e-04
5.762830e+03	6.615707e-04
7.360820e+03	4.635624e-04
8.974240e+03	3.324655e-04
1.159620e+04	2.075582e-04
1.539200e+04	1.130114e-04
2.113310e+04	6.172091e-05
2.667660e+04	4.274916e-05
3.607950e+04	1.991141e-05
4.700930e+04	9.304506e-06
6.808440e+04	2.199209e-06
