-1.000000e+02	6.089601e+13
-9.000000e+01	4.298367e+12
-8.000000e+01	4.705413e+12
-7.000000e+01	5.166793e+12
-6.000000e+01	5.663719e+12
-5.000000e+01	6.193394e+12
-4.000000e+01	6.752601e+12
-3.000000e+01	7.358137e+12
-2.000000e+01	7.957421e+12
-1.000000e+01	8.579380e+12
0.000000e+00	9.189429e+12
1.000000e+01	9.824317e+12
2.000000e+01	1.046865e+13
3.500000e+01	1.146579e+13
5.000000e+01	1.245406e+13
7.500000e+01	1.405557e+13
1.000000e+02	1.566899e+13
1.250000e+02	1.726761e+13
1.500000e+02	1.883957e+13
1.750000e+02	2.026214e+13
2.000000e+02	2.156381e+13
2.500000e+02	2.363936e+13
3.000000e+02	2.495555e+13
3.500000e+02	2.527641e+13
4.000000e+02	2.448549e+13
4.500000e+02	2.257345e+13
4.900000e+02	2.026588e+13
5.250000e+02	1.791438e+13
5.600000e+02	1.544145e+13
6.150000e+02	1.162700e+13
6.600000e+02	8.858682e+12
7.000000e+02	6.755316e+12
7.500000e+02	4.722083e+12
8.000000e+02	3.251215e+12
8.540000e+02	2.151536e+12
9.000000e+02	1.524665e+12
9.460000e+02	1.094938e+12
9.710000e+02	9.172215e+11
1.003000e+03	7.375531e+11
1.032000e+03	6.079978e+11
1.065000e+03	4.896922e+11
1.101000e+03	3.879358e+11
1.143000e+03	2.971074e+11
1.214000e+03	1.901953e+11
1.299000e+03	1.112918e+11
1.398000e+03	5.905040e+10
1.520000e+03	2.669554e+10
1.617000e+03	1.421660e+10
1.722000e+03	7.193188e+09
1.820000e+03	3.852118e+09
1.894000e+03	2.415337e+09
1.946000e+03	1.755889e+09
1.989000e+03	1.358104e+09
2.024000e+03	1.118036e+09
2.055000e+03	9.439715e+08
2.083000e+03	8.122648e+08
2.098000e+03	7.496917e+08
2.110000e+03	7.010322e+08
2.120000e+03	6.604614e+08
2.126000e+03	6.300606e+08
2.130000e+03	6.039745e+08
2.132000e+03	5.823788e+08
2.134000e+03	5.426480e+08
2.136000e+03	4.791365e+08
2.138000e+03	3.611155e+08
2.141930e+03	1.496383e+08
2.145160e+03	5.938905e+07
2.147050e+03	4.343779e+07
2.148650e+03	3.649249e+07
2.150120e+03	3.062737e+07
2.151160e+03	2.527656e+07
2.152030e+03	2.151490e+07
2.152870e+03	1.847813e+07
2.153480e+03	1.663070e+07
2.154070e+03	1.510481e+07
2.154730e+03	1.360638e+07
2.155500e+03	1.219428e+07
2.156160e+03	1.121103e+07
2.156820e+03	1.038594e+07
2.157570e+03	9.068739e+06
2.158210e+03	7.969604e+06
2.158840e+03	7.158655e+06
2.159420e+03	6.566090e+06
2.160010e+03	6.090118e+06
2.160630e+03	5.672502e+06
2.161260e+03	5.319530e+06
2.162290e+03	4.858114e+06
2.163290e+03	4.501558e+06
2.164560e+03	4.143650e+06
2.166030e+03	3.817211e+06
2.167690e+03	3.526202e+06
2.169990e+03	3.214233e+06
2.172320e+03	2.968756e+06
2.175280e+03	2.564108e+06
2.178740e+03	2.188288e+06
2.182440e+03	1.907889e+06
2.186080e+03	1.705873e+06
2.191460e+03	1.487904e+06
2.196520e+03	1.194410e+06
2.201920e+03	9.428486e+05
2.207660e+03	7.680187e+05
2.213740e+03	5.835112e+05
2.220040e+03	4.745895e+05
2.227740e+03	3.909697e+05
2.235290e+03	2.981394e+05
2.243320e+03	2.253783e+05
2.251640e+03	1.793430e+05
2.259430e+03	1.302147e+05
2.269690e+03	9.341988e+04
2.282380e+03	6.608255e+04
2.294370e+03	2.756017e+04
2.308550e+03	1.558803e+04
2.325780e+03	1.044547e+04
2.346100e+03	5.878078e+03
2.378190e+03	1.644279e+03
2.418660e+03	4.673063e+02
2.457900e+03	2.056142e+02
2.495560e+03	9.477644e+01
2.535470e+03	1.595010e+01
2.578230e+03	8.770609e+00
2.628320e+03	5.968792e+00
2.688100e+03	4.408029e+00
2.761490e+03	3.394337e+00
2.844400e+03	2.734161e+00
2.970760e+03	2.150830e+00
3.133790e+03	1.593464e+00
3.424990e+03	9.228785e-01
3.752710e+03	6.539147e-01
4.295860e+03	4.752225e-01
4.968640e+03	3.360286e-01
5.762830e+03	2.586657e-01
7.360820e+03	1.779987e-01
8.974240e+03	1.261603e-01
1.159620e+04	7.777115e-02
1.539200e+04	4.185490e-02
2.113310e+04	2.260926e-02
2.667660e+04	1.555039e-02
3.607950e+04	7.184879e-03
4.700930e+04	3.336542e-03
6.808440e+04	7.825465e-04
