-1.000000e+02	1.430560e+11
-9.000000e+01	3.443934e+09
-8.000000e+01	4.073920e+09
-7.000000e+01	4.924488e+09
-6.000000e+01	6.014619e+09
-5.000000e+01	7.395882e+09
-4.000000e+01	9.116183e+09
-3.000000e+01	1.132978e+10
-2.000000e+01	1.379710e+10
-1.000000e+01	1.670936e+10
0.000000e+00	1.980925e+10
1.000000e+01	2.341991e+10
2.000000e+01	2.744419e+10
3.500000e+01	3.556670e+10
5.000000e+01	4.521764e+10
7.500000e+01	6.500385e+10
1.000000e+02	9.491059e+10
1.250000e+02	1.415312e+11
1.500000e+02	2.134529e+11
1.750000e+02	2.961931e+11
2.000000e+02	3.906902e+11
2.500000e+02	5.802425e+11
3.000000e+02	7.871046e+11
3.500000e+02	9.764954e+11
4.000000e+02	1.110414e+12
4.500000e+02	1.143979e+12
4.900000e+02	1.059788e+12
5.250000e+02	9.381397e+11
5.600000e+02	7.926890e+11
6.150000e+02	5.316972e+11
6.600000e+02	3.240344e+11
7.000000e+02	1.587444e+11
7.500000e+02	4.894411e+10
8.000000e+02	1.596885e+10
8.540000e+02	7.057289e+09
9.000000e+02	3.893907e+09
9.460000e+02	2.209691e+09
9.710000e+02	1.611016e+09
1.003000e+03	1.063605e+09
1.032000e+03	7.362088e+08
1.065000e+03	4.658678e+08
1.101000e+03	2.967078e+08
1.143000e+03	1.516078e+08
1.214000e+03	5.516297e+07
1.299000e+03	1.809755e+07
1.398000e+03	5.446044e+06
1.520000e+03	1.435217e+06
1.617000e+03	5.180004e+05
1.722000e+03	1.867801e+05
1.820000e+03	7.867923e+04
1.894000e+03	4.239102e+04
1.946000e+03	2.828556e+04
1.989000e+03	2.062525e+04
2.024000e+03	1.673654e+04
2.055000e+03	1.393397e+04
2.083000e+03	1.182984e+04
2.098000e+03	1.083780e+04
2.110000e+03	9.977565e+03
2.120000e+03	9.285538e+03
2.126000e+03	8.801533e+03
2.130000e+03	8.412269e+03
2.132000e+03	8.115748e+03
2.134000e+03	7.613030e+03
2.136000e+03	6.872464e+03
2.138000e+03	5.625002e+03
2.141930e+03	3.496330e+03
2.145160e+03	3.322067e+03
2.147050e+03	7.797864e+03
2.148650e+03	1.727737e+04
2.150120e+03	3.159907e+04
2.151160e+03	4.389013e+04
2.152030e+03	5.564106e+04
2.152870e+03	6.725484e+04
2.153480e+03	7.523572e+04
2.154070e+03	8.214699e+04
2.154730e+03	8.900961e+04
2.155500e+03	9.557445e+04
2.156160e+03	1.000142e+05
2.156820e+03	1.036056e+05
2.157570e+03	1.003664e+05
2.158210e+03	9.489872e+04
2.158840e+03	9.087139e+04
2.159420e+03	8.786726e+04
2.160010e+03	8.541595e+04
2.160630e+03	8.319405e+04
2.161260e+03	8.127109e+04
2.162290e+03	7.867900e+04
2.163290e+03	7.654312e+04
2.164560e+03	7.428740e+04
2.166030e+03	7.208826e+04
2.167690e+03	6.997871e+04
2.169990e+03	6.752425e+04
2.172320e+03	6.541858e+04
2.175280e+03	5.932198e+04
2.178740e+03	5.303802e+04
2.182440e+03	4.821549e+04
2.186080e+03	4.463731e+04
2.191460e+03	4.063835e+04
2.196520e+03	3.366452e+04
2.201920e+03	2.734554e+04
2.207660e+03	2.286005e+04
2.213740e+03	1.778200e+04
2.220040e+03	1.477560e+04
2.227740e+03	1.245849e+04
2.235290e+03	9.680212e+03
2.243320e+03	7.451017e+03
2.251640e+03	6.026781e+03
2.259430e+03	4.435935e+03
2.269690e+03	3.233606e+03
2.282380e+03	2.327428e+03
2.294370e+03	9.842756e+02
2.308550e+03	5.651628e+02
2.325780e+03	3.847309e+02
2.346100e+03	2.200011e+02
2.378190e+03	6.284010e+01
2.418660e+03	1.823289e+01
2.457900e+03	8.153537e+00
2.495560e+03	3.806990e+00
2.535470e+03	6.480861e-01
2.578230e+03	3.601204e-01
2.628320e+03	2.476604e-01
2.688100e+03	1.848186e-01
2.761490e+03	1.438373e-01
2.844400e+03	1.170162e-01
2.970760e+03	9.316720e-02
3.133790e+03	6.985411e-02
3.424990e+03	4.107965e-02
3.752710e+03	2.945911e-02
4.295860e+03	2.170005e-02
4.968640e+03	1.551553e-02
5.762830e+03	1.205202e-02
7.360820e+03	8.390748e-03
8.974240e+03	5.992598e-03
1.159620e+04	3.724387e-03
1.539200e+04	2.019486e-03
2.113310e+04	1.098641e-03
2.667660e+04	7.590503e-04
3.607950e+04	3.525353e-04
4.700930e+04	1.643726e-04
6.808440e+04	3.874437e-05
