-1.000000e+02	1.328976e+17
-9.000000e+01	1.322904e+17
-8.000000e+01	1.314935e+17
-7.000000e+01	1.310779e+17
-6.000000e+01	1.304773e+17
-5.000000e+01	1.295634e+17
-4.000000e+01	1.282913e+17
-3.000000e+01	1.271133e+17
-2.000000e+01	1.249090e+17
-1.000000e+01	1.222120e+17
0.000000e+00	1.186577e+17
1.000000e+01	1.147853e+17
2.000000e+01	1.105934e+17
3.500000e+01	1.039851e+17
5.000000e+01	9.683856e+16
7.500000e+01	8.438807e+16
1.000000e+02	7.249789e+16
1.250000e+02	6.155531e+16
1.500000e+02	5.178626e+16
1.750000e+02	4.304246e+16
2.000000e+02	3.553626e+16
2.500000e+02	2.382832e+16
3.000000e+02	1.579267e+16
3.500000e+02	1.036094e+16
4.000000e+02	6.736463e+15
4.500000e+02	4.330452e+15
4.900000e+02	2.999497e+15
5.250000e+02	2.160128e+15
5.600000e+02	1.548356e+15
6.150000e+02	9.084625e+14
6.600000e+02	5.843777e+14
7.000000e+02	3.928056e+14
7.500000e+02	2.413054e+14
8.000000e+02	1.499753e+14
8.540000e+02	9.092221e+13
9.000000e+02	6.051803e+13
9.460000e+02	4.098250e+13
9.710000e+02	3.320304e+13
1.003000e+03	2.559694e+13
1.032000e+03	2.030761e+13
1.065000e+03	1.564452e+13
1.101000e+03	1.182794e+13
1.143000e+03	8.609714e+12
1.214000e+03	5.150202e+12
1.299000e+03	2.851285e+12
1.398000e+03	1.473509e+12
1.520000e+03	6.244686e+11
1.617000e+03	3.106751e+11
1.722000e+03	1.424394e+11
1.820000e+03	6.200464e+10
1.894000e+03	3.159963e+10
1.946000e+03	1.750930e+10
1.989000e+03	9.314297e+09
2.024000e+03	4.606849e+09
2.055000e+03	1.608117e+09
2.083000e+03	5.526951e+08
2.098000e+03	3.289757e+08
2.110000e+03	1.674885e+08
2.120000e+03	1.225892e+08
2.126000e+03	8.899003e+07
2.130000e+03	4.557463e+07
2.132000e+03	3.537701e+07
2.134000e+03	2.561316e+07
2.136000e+03	1.688138e+07
2.138000e+03	8.541830e+06
2.141930e+03	1.994069e+06
2.145160e+03	3.474819e+05
2.147050e+03	3.240821e+04
2.148650e+03	4.249934e+03
2.150120e+03	8.481474e+02
2.151160e+03	3.094547e+02
2.152030e+03	1.698972e+02
2.152870e+03	1.007759e+02
2.153480e+03	7.222629e+01
2.154070e+03	5.588698e+01
2.154730e+03	4.479649e+01
2.155500e+03	3.681923e+01
2.156160e+03	3.210677e+01
2.156820e+03	2.798514e+01
2.157570e+03	2.222000e+01
2.158210e+03	1.906193e+01
2.158840e+03	1.681750e+01
2.159420e+03	1.522258e+01
2.160010e+03	1.396843e+01
2.160630e+03	1.288790e+01
2.161260e+03	1.198885e+01
2.162290e+03	1.083316e+01
2.163290e+03	9.955711e+00
2.164560e+03	9.088421e+00
2.166030e+03	6.956621e+00
2.167690e+03	5.352322e+00
2.169990e+03	4.137906e+00
2.172320e+03	3.414740e+00
2.175280e+03	2.830833e+00
2.178740e+03	2.390545e+00
2.182440e+03	2.069845e+00
2.186080e+03	1.842971e+00
2.191460e+03	1.602020e+00
2.196520e+03	1.438192e+00
2.201920e+03	1.303939e+00
2.207660e+03	1.194453e+00
2.213740e+03	1.101172e+00
2.220040e+03	1.023722e+00
2.227740e+03	9.465067e-01
2.235290e+03	8.855598e-01
2.243320e+03	8.302445e-01
2.251640e+03	7.829564e-01
2.259430e+03	7.444048e-01
2.269690e+03	7.016256e-01
2.282380e+03	6.574295e-01
2.294370e+03	6.223001e-01
2.308550e+03	5.867846e-01
2.325780e+03	5.510041e-01
2.346100e+03	5.158707e-01
2.378190e+03	4.801106e-01
2.418660e+03	4.477205e-01
2.457900e+03	4.222085e-01
2.495560e+03	4.018145e-01
2.535470e+03	3.835107e-01
2.578230e+03	3.670546e-01
2.628320e+03	3.513337e-01
2.688100e+03	3.354118e-01
2.761490e+03	3.189067e-01
2.844400e+03	3.032397e-01
2.970760e+03	2.837988e-01
3.133790e+03	2.640644e-01
3.424990e+03	2.381092e-01
3.752710e+03	2.170551e-01
4.295860e+03	1.925528e-01
4.968640e+03	1.716369e-01
5.762830e+03	1.540217e-01
7.360820e+03	1.303167e-01
8.974240e+03	1.142129e-01
1.159620e+04	9.627527e-02
1.539200e+04	7.915980e-02
2.113310e+04	6.254335e-02
2.667660e+04	5.180767e-02
3.607950e+04	3.952605e-02
4.700930e+04	3.025279e-02
6.808440e+04	1.954926e-02
