-1.000000e+02	2.059000e+05
-9.000000e+01	2.013570e+05
-8.000000e+01	2.009271e+05
-7.000000e+01	2.004618e+05
-6.000000e+01	1.999562e+05
-5.000000e+01	1.994062e+05
-4.000000e+01	1.988075e+05
-3.000000e+01	1.981557e+05
-2.000000e+01	1.974476e+05
-1.000000e+01	1.966815e+05
0.000000e+00	1.958558e+05
1.000000e+01	1.949692e+05
2.000000e+01	1.940190e+05
3.500000e+01	1.924696e+05
5.000000e+01	1.907674e+05
7.500000e+01	1.875863e+05
1.000000e+02	1.839643e+05
1.250000e+02	1.798814e+05
1.500000e+02	1.753191e+05
1.750000e+02	1.702731e+05
2.000000e+02	1.647490e+05
2.500000e+02	1.522773e+05
3.000000e+02	1.380553e+05
3.500000e+02	1.223396e+05
4.000000e+02	1.055822e+05
4.500000e+02	8.843758e+04
4.900000e+02	7.501989e+04
5.250000e+02	6.388670e+04
5.600000e+02	5.358327e+04
6.150000e+02	3.951872e+04
6.600000e+02	3.013410e+04
7.000000e+02	2.339874e+04
7.500000e+02	1.689837e+04
8.000000e+02	1.214764e+04
8.540000e+02	8.523703e+03
9.000000e+02	6.337195e+03
9.460000e+02	4.736174e+03
9.710000e+02	4.051208e+03
1.003000e+03	3.322686e+03
1.032000e+03	2.779340e+03
1.065000e+03	2.270489e+03
1.101000e+03	1.822767e+03
1.143000e+03	1.411867e+03
1.214000e+03	9.170859e+02
1.299000e+03	5.468296e+02
1.398000e+03	3.000214e+02
1.520000e+03	1.453602e+02
1.617000e+03	8.332328e+01
1.722000e+03	4.687271e+01
1.820000e+03	2.832250e+01
1.894000e+03	1.987733e+01
1.946000e+03	1.574442e+01
1.989000e+03	1.311864e+01
2.024000e+03	1.138738e+01
2.055000e+03	1.009819e+01
2.083000e+03	9.096770e+00
2.098000e+03	8.615062e+00
2.110000e+03	8.254287e+00
2.120000e+03	7.969121e+00
2.126000e+03	7.804616e+00
2.130000e+03	7.697847e+00
2.132000e+03	7.645452e+00
2.134000e+03	7.593996e+00
2.136000e+03	7.543898e+00
2.138000e+03	7.496064e+00
2.141930e+03	7.412614e+00
2.145160e+03	7.357471e+00
2.147050e+03	7.332059e+00
2.148650e+03	7.314326e+00
2.150120e+03	7.300631e+00
2.151160e+03	7.292365e+00
2.152030e+03	7.286301e+00
2.152870e+03	7.281113e+00
2.153480e+03	7.277714e+00
2.154070e+03	7.274685e+00
2.154730e+03	7.271565e+00
2.155500e+03	7.268239e+00
2.156160e+03	7.265615e+00
2.156820e+03	7.263168e+00
2.157570e+03	7.260569e+00
2.158210e+03	7.258478e+00
2.158840e+03	7.256518e+00
2.159420e+03	7.254787e+00
2.160010e+03	7.253091e+00
2.160630e+03	7.251371e+00
2.161260e+03	7.249680e+00
2.162290e+03	7.247024e+00
2.163290e+03	7.244558e+00
2.164560e+03	7.241562e+00
2.166030e+03	7.238255e+00
2.167690e+03	7.234696e+00
2.169990e+03	7.230018e+00
2.172320e+03	7.225531e+00
2.175280e+03	7.220131e+00
2.178740e+03	7.214174e+00
2.182440e+03	7.208155e+00
2.186080e+03	7.202534e+00
2.191460e+03	7.194675e+00
2.196520e+03	7.187699e+00
2.201920e+03	7.180627e+00
2.207660e+03	7.173467e+00
2.213740e+03	7.166227e+00
2.220040e+03	7.159049e+00
2.227740e+03	7.150661e+00
2.235290e+03	7.142794e+00
2.243320e+03	7.134765e+00
2.251640e+03	7.126770e+00
2.259430e+03	7.119549e+00
2.269690e+03	7.110382e+00
2.282380e+03	7.099520e+00
2.294370e+03	7.089683e+00
2.308550e+03	7.078513e+00
2.325780e+03	7.065525e+00
2.346100e+03	7.050915e+00
2.378190e+03	7.029138e+00
2.418660e+03	7.003528e+00
2.457900e+03	6.980294e+00
2.495560e+03	6.959200e+00
2.535470e+03	6.937916e+00
2.578230e+03	6.916134e+00
2.628320e+03	6.891725e+00
2.688100e+03	6.863892e+00
2.761490e+03	6.831350e+00
2.844400e+03	6.796405e+00
2.970760e+03	6.746169e+00
3.133790e+03	6.685694e+00
3.424990e+03	6.586710e+00
3.752710e+03	6.485738e+00
4.295860e+03	6.335185e+00
4.968640e+03	6.169381e+00
5.762830e+03	5.994362e+00
7.360820e+03	5.687220e+00
8.974240e+03	5.420384e+00
1.159620e+04	5.047485e+00
1.539200e+04	4.597949e+00
2.113310e+04	4.049676e+00
2.667660e+04	3.621773e+00
3.607950e+04	3.044093e+00
4.700930e+04	2.531044e+00
6.808440e+04	1.832746e+00
