2.052055e+05
2.044715e+05
2.036913e+05
2.028591e+05
2.019703e+05
2.010207e+05
2.000056e+05
1.989231e+05
1.977733e+05
1.965569e+05
1.952745e+05
1.939254e+05
1.917762e+05
1.894792e+05
1.853433e+05
1.808409e+05
1.759841e+05
1.707849e+05
1.652681e+05
1.594642e+05
1.470895e+05
1.338629e+05
1.199860e+05
1.057168e+05
9.138168e+04
8.015992e+04
7.072748e+04
6.179882e+04
4.907221e+04
4.002472e+04
3.309637e+04
2.588485e+04
2.012271e+04
1.529485e+04
1.210992e+04
9.588653e+03
8.444926e+03
7.174203e+03
6.182730e+03
5.213136e+03
4.320464e+03
3.461554e+03
2.363637e+03
1.481177e+03
8.507952e+02
4.290525e+02
2.510946e+02
1.432958e+02
8.726007e+01
6.143306e+01
4.871148e+01
4.060043e+01
3.524034e+01
3.124224e+01
2.813276e+01
2.663591e+01
2.551439e+01
2.462760e+01
2.411579e+01
2.378340e+01
2.362014e+01
2.345960e+01
2.330287e+01
2.315223e+01
2.288383e+01
2.270351e+01
2.262260e+01
2.256791e+01
2.252577e+01
2.250036e+01
2.248172e+01
2.246578e+01
2.245533e+01
2.244603e+01
2.243644e+01
2.242622e+01
2.241815e+01
2.241063e+01
2.240263e+01
2.239620e+01
2.239016e+01
2.238484e+01
2.237961e+01
2.237431e+01
2.236911e+01
2.236093e+01
2.235333e+01
2.234411e+01
2.233392e+01
2.232296e+01
2.230855e+01
2.229473e+01
2.227810e+01
2.225974e+01
2.224119e+01
2.222386e+01
2.219962e+01
2.217808e+01
2.215622e+01
2.213408e+01
2.211168e+01
2.208945e+01
2.206346e+01
2.203907e+01
2.201416e+01
2.198935e+01
2.196692e+01
2.193845e+01
2.190469e+01
2.187408e+01
2.183931e+01
2.179887e+01
2.175336e+01
2.168551e+01
2.160566e+01
2.153318e+01
2.146736e+01
2.140095e+01
2.133305e+01
2.125702e+01
2.117037e+01
2.106912e+01
2.096047e+01
2.080436e+01
2.061656e+01
2.030944e+01
1.999641e+01
1.953012e+01
1.901717e+01
1.847617e+01
1.752778e+01
1.670465e+01
1.555496e+01
1.416948e+01
1.247985e+01
1.116119e+01
9.380957e+00
7.799898e+00
5.647960e+00
