-1.000000e+02	2.112113e+08
-9.000000e+01	9.534837e+05
-8.000000e+01	1.046802e+06
-7.000000e+01	1.156878e+06
-6.000000e+01	1.280874e+06
-5.000000e+01	1.417573e+06
-4.000000e+01	1.565319e+06
-3.000000e+01	1.714625e+06
-2.000000e+01	1.856741e+06
-1.000000e+01	2.003868e+06
0.000000e+00	2.150842e+06
1.000000e+01	2.303613e+06
2.000000e+01	2.460314e+06
3.500000e+01	2.706299e+06
5.000000e+01	2.964292e+06
7.500000e+01	3.441049e+06
1.000000e+02	4.080970e+06
1.250000e+02	5.125351e+06
1.500000e+02	6.818082e+06
1.750000e+02	9.266541e+06
2.000000e+02	1.282857e+07
2.500000e+02	2.401133e+07
3.000000e+02	4.596858e+07
3.500000e+02	8.718046e+07
4.000000e+02	1.611952e+08
4.500000e+02	2.778764e+08
4.900000e+02	3.687899e+08
5.250000e+02	4.304617e+08
5.600000e+02	4.638441e+08
6.150000e+02	4.152035e+08
6.600000e+02	3.071262e+08
7.000000e+02	1.830143e+08
7.500000e+02	8.074546e+07
8.000000e+02	3.113379e+07
8.540000e+02	1.313233e+07
9.000000e+02	9.080442e+06
9.460000e+02	6.922560e+06
9.710000e+02	5.968450e+06
1.003000e+03	4.924005e+06
1.032000e+03	4.109809e+06
1.065000e+03	3.450498e+06
1.101000e+03	2.830893e+06
1.143000e+03	2.227501e+06
1.214000e+03	1.440948e+06
1.299000e+03	7.752540e+05
1.398000e+03	3.029349e+05
1.520000e+03	6.469281e+04
1.617000e+03	1.744797e+04
1.722000e+03	5.182784e+03
1.820000e+03	1.722769e+03
1.894000e+03	8.318876e+02
1.946000e+03	5.075765e+02
1.989000e+03	3.385707e+02
2.024000e+03	2.483310e+02
2.055000e+03	1.911203e+02
2.083000e+03	1.525096e+02
2.098000e+03	1.356157e+02
2.110000e+03	1.237468e+02
2.120000e+03	1.148586e+02
2.126000e+03	1.096438e+02
2.130000e+03	1.060998e+02
2.132000e+03	1.040510e+02
2.134000e+03	1.013555e+02
2.136000e+03	9.775545e+01
2.138000e+03	9.168838e+01
2.141930e+03	7.658170e+01
2.145160e+03	5.665183e+01
2.147050e+03	8.243059e+01
2.148650e+03	2.416188e+02
2.150120e+03	6.152548e+02
2.151160e+03	1.139439e+03
2.152030e+03	1.799008e+03
2.152870e+03	2.625008e+03
2.153480e+03	3.471026e+03
2.154070e+03	4.412085e+03
2.154730e+03	5.597769e+03
2.155500e+03	7.044930e+03
2.156160e+03	8.287237e+03
2.156820e+03	9.516582e+03
2.157570e+03	1.086461e+04
2.158210e+03	1.193716e+04
2.158840e+03	1.281906e+04
2.159420e+03	1.343484e+04
2.160010e+03	1.398961e+04
2.160630e+03	1.451955e+04
2.161260e+03	1.500659e+04
2.162290e+03	1.570387e+04
2.163290e+03	1.627832e+04
2.164560e+03	1.689476e+04
2.166030e+03	1.748475e+04
2.167690e+03	1.802596e+04
2.169990e+03	1.861299e+04
2.172320e+03	1.906910e+04
2.175280e+03	1.950280e+04
2.178740e+03	1.985848e+04
2.182440e+03	2.011659e+04
2.186080e+03	2.028121e+04
2.191460e+03	2.039536e+04
2.196520e+03	2.033614e+04
2.201920e+03	2.022839e+04
2.207660e+03	2.008192e+04
2.213740e+03	1.990864e+04
2.220040e+03	1.971262e+04
2.227740e+03	1.946782e+04
2.235290e+03	1.922258e+04
2.243320e+03	1.895837e+04
2.251640e+03	1.869509e+04
2.259430e+03	1.845253e+04
2.269690e+03	1.814867e+04
2.282380e+03	1.755982e+04
2.294370e+03	1.695601e+04
2.308550e+03	1.632461e+04
2.325780e+03	1.566315e+04
2.346100e+03	1.498880e+04
2.378190e+03	1.410474e+04
2.418660e+03	1.321691e+04
2.457900e+03	1.251465e+04
2.495560e+03	1.195074e+04
2.535470e+03	1.144255e+04
2.578230e+03	1.098672e+04
2.628320e+03	1.055665e+04
2.688100e+03	1.011649e+04
2.761490e+03	9.655486e+03
2.844400e+03	9.213565e+03
2.970760e+03	8.659343e+03
3.133790e+03	8.090307e+03
3.424990e+03	6.385800e+03
3.752710e+03	5.201843e+03
4.295860e+03	4.123520e+03
4.968640e+03	3.379196e+03
5.762830e+03	2.844332e+03
7.360820e+03	2.032743e+03
8.974240e+03	1.472144e+03
1.159620e+04	8.259341e+02
1.539200e+04	3.327520e+02
2.113310e+04	5.794262e+01
2.667660e+04	3.321150e+00
3.607950e+04	1.541468e-02
4.700930e+04	2.135207e-03
6.808440e+04	4.037862e-04
