-1.000000e+02	2.387164e+08
-9.000000e+01	1.134363e+06
-8.000000e+01	1.310706e+06
-7.000000e+01	1.542223e+06
-6.000000e+01	1.830678e+06
-5.000000e+01	2.184449e+06
-4.000000e+01	2.610306e+06
-3.000000e+01	3.115099e+06
-2.000000e+01	3.645856e+06
-1.000000e+01	4.249703e+06
0.000000e+00	4.879380e+06
1.000000e+01	5.590469e+06
2.000000e+01	6.362605e+06
3.500000e+01	7.671220e+06
5.000000e+01	9.088425e+06
7.500000e+01	1.168525e+07
1.000000e+02	1.513142e+07
1.250000e+02	2.048797e+07
1.500000e+02	2.915043e+07
1.750000e+02	4.153949e+07
2.000000e+02	5.979598e+07
2.500000e+02	1.183373e+08
3.000000e+02	2.385146e+08
3.500000e+02	4.737285e+08
4.000000e+02	9.088158e+08
4.500000e+02	1.595719e+09
4.900000e+02	2.113941e+09
5.250000e+02	2.455432e+09
5.600000e+02	2.635925e+09
6.150000e+02	2.357089e+09
6.600000e+02	1.734313e+09
7.000000e+02	1.000770e+09
7.500000e+02	4.063375e+08
8.000000e+02	1.377642e+08
8.540000e+02	4.861274e+07
9.000000e+02	2.919354e+07
9.460000e+02	1.992103e+07
9.710000e+02	1.626061e+07
1.003000e+03	1.276019e+07
1.032000e+03	1.028619e+07
1.065000e+03	8.363490e+06
1.101000e+03	6.677403e+06
1.143000e+03	5.147437e+06
1.214000e+03	3.277523e+06
1.299000e+03	1.750510e+06
1.398000e+03	6.817464e+05
1.520000e+03	1.450925e+05
1.617000e+03	3.901425e+04
1.722000e+03	1.155090e+04
1.820000e+03	3.827966e+03
1.894000e+03	1.843403e+03
1.946000e+03	1.122062e+03
1.989000e+03	7.466618e+02
2.024000e+03	5.465297e+02
2.055000e+03	4.197577e+02
2.083000e+03	3.340426e+02
2.098000e+03	2.964325e+02
2.110000e+03	2.699367e+02
2.120000e+03	2.495285e+02
2.126000e+03	2.364335e+02
2.130000e+03	2.266503e+02
2.132000e+03	2.199188e+02
2.134000e+03	2.093610e+02
2.136000e+03	1.942198e+02
2.138000e+03	1.686018e+02
2.141930e+03	1.168494e+02
2.145160e+03	6.757147e+01
2.147050e+03	7.390321e+01
2.148650e+03	1.713104e+02
2.150120e+03	3.612378e+02
2.151160e+03	5.888158e+02
2.152030e+03	8.430606e+02
2.152870e+03	1.131044e+03
2.153480e+03	1.417534e+03
2.154070e+03	1.721738e+03
2.154730e+03	2.086723e+03
2.155500e+03	2.510794e+03
2.156160e+03	2.859623e+03
2.156820e+03	3.193183e+03
2.157570e+03	3.547599e+03
2.158210e+03	3.821860e+03
2.158840e+03	4.035040e+03
2.159420e+03	4.170474e+03
2.160010e+03	4.289524e+03
2.160630e+03	4.400282e+03
2.161260e+03	4.499646e+03
2.162290e+03	4.637747e+03
2.163290e+03	4.746882e+03
2.164560e+03	4.859353e+03
2.166030e+03	4.961594e+03
2.167690e+03	5.049726e+03
2.169990e+03	5.137666e+03
2.172320e+03	5.198654e+03
2.175280e+03	5.247480e+03
2.178740e+03	5.276304e+03
2.182440e+03	5.285308e+03
2.186080e+03	5.279332e+03
2.191460e+03	5.249023e+03
2.196520e+03	5.188033e+03
2.201920e+03	5.119502e+03
2.207660e+03	5.046514e+03
2.213740e+03	4.970223e+03
2.220040e+03	4.892912e+03
2.227740e+03	4.802419e+03
2.235290e+03	4.717826e+03
2.243320e+03	4.630445e+03
2.251640e+03	4.546423e+03
2.259430e+03	4.471010e+03
2.269690e+03	4.378930e+03
2.282380e+03	4.218457e+03
2.294370e+03	4.059249e+03
2.308550e+03	3.893855e+03
2.325780e+03	3.721955e+03
2.346100e+03	3.548019e+03
2.378190e+03	3.322033e+03
2.418660e+03	3.097506e+03
2.457900e+03	2.921547e+03
2.495560e+03	2.781302e+03
2.535470e+03	2.655699e+03
2.578230e+03	2.543496e+03
2.628320e+03	2.437764e+03
2.688100e+03	2.330254e+03
2.761490e+03	2.218379e+03
2.844400e+03	2.111800e+03
2.970760e+03	1.979018e+03
3.133790e+03	1.843660e+03
3.424990e+03	1.452424e+03
3.752710e+03	1.181255e+03
4.295860e+03	9.344315e+02
4.968640e+03	7.643155e+02
5.762830e+03	6.422956e+02
7.360820e+03	4.583219e+02
8.974240e+03	3.317089e+02
1.159620e+04	1.860855e+02
1.539200e+04	7.497660e+01
2.113310e+04	1.305198e+01
2.667660e+04	7.475748e-01
3.607950e+04	3.465514e-03
4.700930e+04	4.795681e-04
6.808440e+04	9.058120e-05
