-1.000000e+02	2.059000e+05
-9.000000e+01	2.014832e+05
-8.000000e+01	2.013155e+05
-7.000000e+01	2.011334e+05
-6.000000e+01	2.009351e+05
-5.000000e+01	2.007186e+05
-4.000000e+01	2.004823e+05
-3.000000e+01	2.002239e+05
-2.000000e+01	1.999422e+05
-1.000000e+01	1.996362e+05
0.000000e+00	1.993049e+05
1.000000e+01	1.989475e+05
2.000000e+01	1.985625e+05
3.500000e+01	1.979304e+05
5.000000e+01	1.972300e+05
7.500000e+01	1.959037e+05
1.000000e+02	1.943663e+05
1.250000e+02	1.925975e+05
1.500000e+02	1.905751e+05
1.750000e+02	1.882796e+05
2.000000e+02	1.856930e+05
2.500000e+02	1.795425e+05
3.000000e+02	1.719537e+05
3.500000e+02	1.627363e+05
4.000000e+02	1.517502e+05
4.500000e+02	1.389692e+05
4.900000e+02	1.275961e+05
5.250000e+02	1.169929e+05
5.600000e+02	1.059855e+05
6.150000e+02	8.847841e+04
6.600000e+02	7.461381e+04
7.000000e+02	6.313030e+04
7.500000e+02	5.034191e+04
8.000000e+02	3.951247e+04
8.540000e+02	3.005540e+04
9.000000e+02	2.366045e+04
9.460000e+02	1.854469e+04
9.710000e+02	1.621891e+04
1.003000e+03	1.364042e+04
1.032000e+03	1.163839e+04
1.065000e+03	9.695128e+03
1.101000e+03	7.924958e+03
1.143000e+03	6.245881e+03
1.214000e+03	4.148815e+03
1.299000e+03	2.520960e+03
1.398000e+03	1.404530e+03
1.520000e+03	6.884585e+02
1.617000e+03	3.963656e+02
1.722000e+03	2.233047e+02
1.820000e+03	1.348563e+02
1.894000e+03	9.451855e+01
1.946000e+03	7.476941e+01
1.989000e+03	6.222082e+01
2.024000e+03	5.394699e+01
2.055000e+03	4.778573e+01
2.083000e+03	4.299998e+01
2.098000e+03	4.069804e+01
2.110000e+03	3.897406e+01
2.120000e+03	3.761132e+01
2.126000e+03	3.682496e+01
2.130000e+03	3.631427e+01
2.132000e+03	3.606345e+01
2.134000e+03	3.581673e+01
2.136000e+03	3.557574e+01
2.138000e+03	3.534383e+01
2.141930e+03	3.492875e+01
2.145160e+03	3.464798e+01
2.147050e+03	3.452250e+01
2.148650e+03	3.443865e+01
2.150120e+03	3.437418e+01
2.151160e+03	3.433530e+01
2.152030e+03	3.430680e+01
2.152870e+03	3.428244e+01
2.153480e+03	3.426650e+01
2.154070e+03	3.425230e+01
2.154730e+03	3.423767e+01
2.155500e+03	3.422207e+01
2.156160e+03	3.420975e+01
2.156820e+03	3.419826e+01
2.157570e+03	3.418604e+01
2.158210e+03	3.417621e+01
2.158840e+03	3.416698e+01
2.159420e+03	3.415884e+01
2.160010e+03	3.415085e+01
2.160630e+03	3.414275e+01
2.161260e+03	3.413479e+01
2.162290e+03	3.412228e+01
2.163290e+03	3.411067e+01
2.164560e+03	3.409656e+01
2.166030e+03	3.408098e+01
2.167690e+03	3.406421e+01
2.169990e+03	3.404218e+01
2.172320e+03	3.402104e+01
2.175280e+03	3.399559e+01
2.178740e+03	3.396752e+01
2.182440e+03	3.393915e+01
2.186080e+03	3.391264e+01
2.191460e+03	3.387555e+01
2.196520e+03	3.384261e+01
2.201920e+03	3.380918e+01
2.207660e+03	3.377531e+01
2.213740e+03	3.374103e+01
2.220040e+03	3.370702e+01
2.227740e+03	3.366724e+01
2.235290e+03	3.362990e+01
2.243320e+03	3.359177e+01
2.251640e+03	3.355378e+01
2.259430e+03	3.351944e+01
2.269690e+03	3.347584e+01
2.282380e+03	3.342413e+01
2.294370e+03	3.337727e+01
2.308550e+03	3.332403e+01
2.325780e+03	3.326211e+01
2.346100e+03	3.319246e+01
2.378190e+03	3.308864e+01
2.418660e+03	3.296649e+01
2.457900e+03	3.285564e+01
2.495560e+03	3.275500e+01
2.535470e+03	3.265347e+01
2.578230e+03	3.254960e+01
2.628320e+03	3.243325e+01
2.688100e+03	3.230061e+01
2.761490e+03	3.214559e+01
2.844400e+03	3.197920e+01
2.970760e+03	3.174014e+01
3.133790e+03	3.145253e+01
3.424990e+03	3.098244e+01
3.752710e+03	3.050380e+01
4.295860e+03	2.979115e+01
4.968640e+03	2.900727e+01
5.762830e+03	2.818054e+01
7.360820e+03	2.673105e+01
8.974240e+03	2.547309e+01
1.159620e+04	2.371689e+01
1.539200e+04	2.160206e+01
2.113310e+04	1.902497e+01
2.667660e+04	1.701455e+01
3.607950e+04	1.430068e+01
4.700930e+04	1.189045e+01
6.808440e+04	8.609959e+00
