-1.000000e+02	2.594451e+10
-9.000000e+01	5.428777e+08
-8.000000e+01	5.809414e+08
-7.000000e+01	6.218276e+08
-6.000000e+01	6.631009e+08
-5.000000e+01	7.025179e+08
-4.000000e+01	7.373349e+08
-3.000000e+01	7.651417e+08
-2.000000e+01	7.854912e+08
-1.000000e+01	7.961842e+08
0.000000e+00	8.010399e+08
1.000000e+01	7.967497e+08
2.000000e+01	7.861625e+08
3.500000e+01	7.583080e+08
5.000000e+01	7.285302e+08
7.500000e+01	6.874290e+08
1.000000e+02	6.353016e+08
1.250000e+02	5.606920e+08
1.500000e+02	4.672200e+08
1.750000e+02	3.898844e+08
2.000000e+02	3.199971e+08
2.500000e+02	2.220024e+08
3.000000e+02	1.429492e+08
3.500000e+02	8.740191e+07
4.000000e+02	5.109502e+07
4.500000e+02	3.021541e+07
4.900000e+02	2.355820e+07
5.250000e+02	2.083801e+07
5.600000e+02	1.987663e+07
6.150000e+02	2.393015e+07
6.600000e+02	3.519515e+07
7.000000e+02	6.790029e+07
7.500000e+02	1.780089e+08
8.000000e+02	5.051229e+08
8.540000e+02	1.174045e+09
9.000000e+02	1.482804e+09
9.460000e+02	1.528012e+09
9.710000e+02	1.502419e+09
1.003000e+03	1.409923e+09
1.032000e+03	1.300745e+09
1.065000e+03	1.147977e+09
1.101000e+03	9.865203e+08
1.143000e+03	8.122365e+08
1.214000e+03	5.696196e+08
1.299000e+03	3.699335e+08
1.398000e+03	2.278430e+08
1.520000e+03	1.253226e+08
1.617000e+03	7.462744e+07
1.722000e+03	4.098210e+07
1.820000e+03	2.345131e+07
1.894000e+03	1.540354e+07
1.946000e+03	1.154997e+07
1.989000e+03	9.155138e+06
2.024000e+03	7.612641e+06
2.055000e+03	6.488713e+06
2.083000e+03	5.641021e+06
2.098000e+03	5.241140e+06
2.110000e+03	4.947403e+06
2.120000e+03	4.718599e+06
2.126000e+03	4.578700e+06
2.130000e+03	4.480208e+06
2.132000e+03	4.420379e+06
2.134000e+03	4.337192e+06
2.136000e+03	4.221931e+06
2.138000e+03	4.021910e+06
2.141930e+03	3.499355e+06
2.145160e+03	2.699692e+06
2.147050e+03	2.036536e+06
2.148650e+03	1.701389e+06
2.150120e+03	1.425459e+06
2.151160e+03	1.238400e+06
2.152030e+03	1.094152e+06
2.152870e+03	9.691742e+05
2.153480e+03	8.894101e+05
2.154070e+03	8.212880e+05
2.154730e+03	7.522691e+05
2.155500e+03	6.851092e+05
2.156160e+03	6.370143e+05
2.156820e+03	5.957415e+05
2.157570e+03	5.567419e+05
2.158210e+03	5.288874e+05
2.158840e+03	5.051625e+05
2.159420e+03	4.857881e+05
2.160010e+03	4.687752e+05
2.160630e+03	4.526473e+05
2.161260e+03	4.380428e+05
2.162290e+03	4.174539e+05
2.163290e+03	4.002553e+05
2.164560e+03	3.817309e+05
2.166030e+03	3.636208e+05
2.167690e+03	3.464036e+05
2.169990e+03	3.267167e+05
2.172320e+03	3.102537e+05
2.175280e+03	2.928250e+05
2.178740e+03	2.760965e+05
2.182440e+03	2.612049e+05
2.186080e+03	2.488628e+05
2.191460e+03	2.336737e+05
2.196520e+03	2.218527e+05
2.201920e+03	2.110700e+05
2.207660e+03	2.014274e+05
2.213740e+03	1.925281e+05
2.220040e+03	1.846044e+05
2.227740e+03	1.761718e+05
2.235290e+03	1.691052e+05
2.243320e+03	1.623524e+05
2.251640e+03	1.563057e+05
2.259430e+03	1.511782e+05
2.269690e+03	1.452691e+05
2.282380e+03	1.389290e+05
2.294370e+03	1.337020e+05
2.308550e+03	1.282315e+05
2.325780e+03	1.225230e+05
2.346100e+03	1.167169e+05
2.378190e+03	1.091412e+05
2.418660e+03	1.016003e+05
2.457900e+03	9.568202e+04
2.495560e+03	9.096494e+04
2.535470e+03	8.674196e+04
2.578230e+03	8.295338e+04
2.628320e+03	7.934071e+04
2.688100e+03	7.568954e+04
2.761490e+03	7.191237e+04
2.844400e+03	6.833403e+04
2.970760e+03	6.390267e+04
3.133790e+03	5.941390e+04
3.424990e+03	5.360942e+04
3.752710e+03	4.889596e+04
4.295860e+03	4.339538e+04
4.968640e+03	3.869191e+04
5.762830e+03	3.472672e+04
7.360820e+03	2.940561e+04
8.974240e+03	2.579567e+04
1.159620e+04	2.178055e+04
1.539200e+04	1.794062e+04
2.113310e+04	1.419461e+04
2.667660e+04	1.176259e+04
3.607950e+04	8.974435e+03
4.700930e+04	6.868961e+03
6.808440e+04	4.438722e+03
