-1.000000e+02	1.160761e+12
-9.000000e+01	2.940059e+10
-8.000000e+01	3.090157e+10
-7.000000e+01	3.225184e+10
-6.000000e+01	3.329255e+10
-5.000000e+01	3.387141e+10
-4.000000e+01	3.387184e+10
-3.000000e+01	3.320288e+10
-2.000000e+01	3.226048e+10
-1.000000e+01	3.088331e+10
0.000000e+00	2.952475e+10
1.000000e+01	2.791306e+10
2.000000e+01	2.628755e+10
3.500000e+01	2.379737e+10
5.000000e+01	2.175724e+10
7.500000e+01	1.938308e+10
1.000000e+02	1.712408e+10
1.250000e+02	1.453227e+10
1.500000e+02	1.171487e+10
1.750000e+02	9.560050e+09
2.000000e+02	7.721863e+09
2.500000e+02	5.266038e+09
3.000000e+02	3.366443e+09
3.500000e+02	2.057538e+09
4.000000e+02	1.207518e+09
4.500000e+02	7.182972e+08
4.900000e+02	5.618661e+08
5.250000e+02	4.978416e+08
5.600000e+02	4.752036e+08
6.150000e+02	5.706983e+08
6.600000e+02	8.352150e+08
7.000000e+02	1.599888e+09
7.500000e+02	4.174906e+09
8.000000e+02	1.205453e+10
8.540000e+02	3.032279e+10
9.000000e+02	4.151997e+10
9.460000e+02	4.603541e+10
9.710000e+02	4.717629e+10
1.003000e+03	4.623330e+10
1.032000e+03	4.413958e+10
1.065000e+03	3.996205e+10
1.101000e+03	3.514358e+10
1.143000e+03	2.951170e+10
1.214000e+03	2.120249e+10
1.299000e+03	1.433436e+10
1.398000e+03	9.645600e+09
1.520000e+03	6.220145e+09
1.617000e+03	4.055080e+09
1.722000e+03	2.325996e+09
1.820000e+03	1.363170e+09
1.894000e+03	9.037043e+08
1.946000e+03	6.809503e+08
1.989000e+03	5.416169e+08
2.024000e+03	4.513424e+08
2.055000e+03	3.853202e+08
2.083000e+03	3.354028e+08
2.098000e+03	3.118219e+08
2.110000e+03	2.944874e+08
2.120000e+03	2.809970e+08
2.126000e+03	2.727856e+08
2.130000e+03	2.670331e+08
2.132000e+03	2.635737e+08
2.134000e+03	2.588119e+08
2.136000e+03	2.522230e+08
2.138000e+03	2.407229e+08
2.141930e+03	2.100687e+08
2.145160e+03	1.623733e+08
2.147050e+03	1.225279e+08
2.148650e+03	1.022834e+08
2.150120e+03	8.558258e+07
2.151160e+03	7.424936e+07
2.152030e+03	6.550645e+07
2.152870e+03	5.793193e+07
2.153480e+03	5.307659e+07
2.154070e+03	4.892439e+07
2.154730e+03	4.471526e+07
2.155500e+03	4.061702e+07
2.156160e+03	3.768138e+07
2.156820e+03	3.516185e+07
2.157570e+03	3.278029e+07
2.158210e+03	3.107950e+07
2.158840e+03	2.963785e+07
2.159420e+03	2.846925e+07
2.160010e+03	2.744394e+07
2.160630e+03	2.647294e+07
2.161260e+03	2.559439e+07
2.162290e+03	2.435710e+07
2.163290e+03	2.332507e+07
2.164560e+03	2.221492e+07
2.166030e+03	2.113125e+07
2.167690e+03	2.010269e+07
2.169990e+03	1.892871e+07
2.172320e+03	1.794887e+07
2.175280e+03	1.691361e+07
2.178740e+03	1.592213e+07
2.182440e+03	1.504139e+07
2.186080e+03	1.431286e+07
2.191460e+03	1.341860e+07
2.196520e+03	1.272660e+07
2.201920e+03	1.209643e+07
2.207660e+03	1.153380e+07
2.213740e+03	1.101524e+07
2.220040e+03	1.055421e+07
2.227740e+03	1.006418e+07
2.235290e+03	9.654129e+06
2.243320e+03	9.262734e+06
2.251640e+03	8.912657e+06
2.259430e+03	8.616077e+06
2.269690e+03	8.274625e+06
2.282380e+03	7.914235e+06
2.294370e+03	7.619536e+06
2.308550e+03	7.310709e+06
2.325780e+03	6.988075e+06
2.346100e+03	6.659529e+06
2.378190e+03	6.230307e+06
2.418660e+03	5.802495e+06
2.457900e+03	5.466367e+06
2.495560e+03	5.198245e+06
2.535470e+03	4.958051e+06
2.578230e+03	4.742418e+06
2.628320e+03	4.536625e+06
2.688100e+03	4.328569e+06
2.761490e+03	4.113260e+06
2.844400e+03	3.909215e+06
2.970760e+03	3.656437e+06
3.133790e+03	3.400283e+06
3.424990e+03	3.088458e+06
3.752710e+03	2.830813e+06
4.295860e+03	2.523527e+06
4.968640e+03	2.256817e+06
5.762830e+03	2.029881e+06
7.360820e+03	1.727097e+06
8.974240e+03	1.521804e+06
1.159620e+04	1.293928e+06
1.539200e+04	1.073364e+06
2.113310e+04	8.537476e+05
2.667660e+04	7.084552e+05
3.607950e+04	5.405811e+05
4.700930e+04	4.137567e+05
6.808440e+04	2.673696e+05
