-1.000000e+02	2.578787e+09
-9.000000e+01	1.986402e+07
-8.000000e+01	5.328743e+07
-7.000000e+01	1.332581e+08
-6.000000e+01	3.241064e+08
-5.000000e+01	6.768066e+08
-4.000000e+01	1.137719e+09
-3.000000e+01	1.583143e+09
-2.000000e+01	1.928767e+09
-1.000000e+01	2.151544e+09
0.000000e+00	2.253216e+09
1.000000e+01	2.267698e+09
2.000000e+01	2.224995e+09
3.500000e+01	2.112797e+09
5.000000e+01	1.984086e+09
7.500000e+01	1.779168e+09
1.000000e+02	1.626093e+09
1.250000e+02	1.489467e+09
1.500000e+02	1.357365e+09
1.750000e+02	1.148148e+09
2.000000e+02	9.402585e+08
2.500000e+02	5.722467e+08
3.000000e+02	3.457360e+08
3.500000e+02	2.108898e+08
4.000000e+02	1.299715e+08
4.500000e+02	7.866207e+07
4.900000e+02	4.655981e+07
5.250000e+02	2.737431e+07
5.600000e+02	1.521884e+07
6.150000e+02	4.979557e+06
6.600000e+02	1.743899e+06
7.000000e+02	5.811100e+05
7.500000e+02	1.645370e+05
8.000000e+02	6.081401e+04
8.540000e+02	2.363622e+04
9.000000e+02	1.221982e+04
9.460000e+02	6.714565e+03
9.710000e+02	4.846317e+03
1.003000e+03	3.271596e+03
1.032000e+03	2.339396e+03
1.065000e+03	1.625002e+03
1.101000e+03	1.107868e+03
1.143000e+03	7.295071e+02
1.214000e+03	3.696266e+02
1.299000e+03	1.737558e+02
1.398000e+03	8.147332e+01
1.520000e+03	2.959927e+01
1.617000e+03	1.271086e+01
1.722000e+03	4.799746e+00
1.820000e+03	1.901585e+00
1.894000e+03	8.765601e-01
1.946000e+03	5.072439e-01
1.989000e+03	3.063127e-01
2.024000e+03	1.777781e-01
2.055000e+03	1.069185e-01
2.083000e+03	6.052011e-02
2.098000e+03	4.349530e-02
2.110000e+03	2.488683e-02
2.120000e+03	1.840389e-02
2.126000e+03	1.583731e-02
2.130000e+03	1.439940e-02
2.132000e+03	1.364159e-02
2.134000e+03	1.103568e-02
2.136000e+03	8.010763e-03
2.138000e+03	5.706004e-03
2.141930e+03	2.203238e-03
2.145160e+03	4.156982e-04
2.147050e+03	1.630595e-04
2.148650e+03	7.191725e-05
2.150120e+03	4.002763e-05
2.151160e+03	3.272303e-05
2.152030e+03	3.373728e-05
2.152870e+03	3.544079e-05
2.153480e+03	3.599896e-05
2.154070e+03	3.680715e-05
2.154730e+03	3.468311e-05
2.155500e+03	3.274428e-05
2.156160e+03	3.219844e-05
2.156820e+03	3.203410e-05
2.157570e+03	3.213190e-05
2.158210e+03	3.227388e-05
2.158840e+03	3.244360e-05
2.159420e+03	3.258439e-05
2.160010e+03	3.271480e-05
2.160630e+03	3.282484e-05
2.161260e+03	3.292197e-05
2.162290e+03	3.025316e-05
2.163290e+03	2.834659e-05
2.164560e+03	2.662287e-05
2.166030e+03	2.517630e-05
2.167690e+03	2.396197e-05
2.169990e+03	2.271703e-05
2.172320e+03	2.176266e-05
2.175280e+03	2.080905e-05
2.178740e+03	1.992875e-05
2.182440e+03	1.505660e-05
2.186080e+03	1.241176e-05
2.191460e+03	1.018438e-05
2.196520e+03	8.910859e-06
2.201920e+03	7.975593e-06
2.207660e+03	7.269081e-06
2.213740e+03	6.701606e-06
2.220040e+03	6.247586e-06
2.227740e+03	5.809967e-06
2.235290e+03	5.470363e-06
2.243320e+03	5.166741e-06
2.251640e+03	4.909478e-06
2.259430e+03	4.701049e-06
2.269690e+03	4.470175e-06
2.282380e+03	4.232197e-06
2.294370e+03	4.042246e-06
2.308550e+03	3.849722e-06
2.325780e+03	3.654240e-06
2.346100e+03	3.460768e-06
2.378190e+03	3.215126e-06
2.418660e+03	2.976611e-06
2.457900e+03	2.793095e-06
2.495560e+03	2.648730e-06
2.535470e+03	2.520755e-06
2.578230e+03	2.414526e-06
2.628320e+03	2.345193e-06
2.688100e+03	2.271774e-06
2.761490e+03	2.192282e-06
2.844400e+03	2.113643e-06
2.970760e+03	2.011721e-06
3.133790e+03	1.903354e-06
3.424990e+03	1.753270e-06
3.752710e+03	1.625279e-06
4.295860e+03	1.469261e-06
4.968640e+03	1.330151e-06
5.762830e+03	1.208821e-06
7.360820e+03	1.039563e-06
8.974240e+03	9.208458e-07
1.159620e+04	7.851198e-07
1.539200e+04	6.523434e-07
2.113310e+04	5.205320e-07
2.667660e+04	4.339079e-07
3.607950e+04	3.334531e-07
4.700930e+04	2.566613e-07
6.808440e+04	1.670129e-07
