-1.000000e+02	3.176116e+11
-9.000000e+01	1.661092e+11
-8.000000e+01	2.086609e+11
-7.000000e+01	2.434336e+11
-6.000000e+01	2.689313e+11
-5.000000e+01	2.860984e+11
-4.000000e+01	2.965999e+11
-3.000000e+01	3.030916e+11
-2.000000e+01	3.042750e+11
-1.000000e+01	3.022102e+11
0.000000e+00	2.965932e+11
1.000000e+01	2.891626e+11
2.000000e+01	2.802061e+11
3.500000e+01	2.650458e+11
5.000000e+01	2.477977e+11
7.500000e+01	2.167660e+11
1.000000e+02	1.865727e+11
1.250000e+02	1.585425e+11
1.500000e+02	1.334190e+11
1.750000e+02	1.109304e+11
2.000000e+02	9.161715e+10
2.500000e+02	6.149196e+10
3.000000e+02	4.078244e+10
3.500000e+02	2.676866e+10
4.000000e+02	1.740973e+10
4.500000e+02	1.119516e+10
4.900000e+02	7.759793e+09
5.250000e+02	5.592484e+09
5.600000e+02	4.011663e+09
6.150000e+02	2.356427e+09
6.600000e+02	1.516815e+09
7.000000e+02	1.019974e+09
7.500000e+02	6.268063e+08
8.000000e+02	3.898528e+08
8.540000e+02	2.370436e+08
9.000000e+02	1.589069e+08
9.460000e+02	1.092610e+08
9.710000e+02	8.976358e+07
1.003000e+03	7.064720e+07
1.032000e+03	5.728051e+07
1.065000e+03	4.539631e+07
1.101000e+03	3.544501e+07
1.143000e+03	2.677360e+07
1.214000e+03	1.689998e+07
1.299000e+03	9.846869e+06
1.398000e+03	5.257132e+06
1.520000e+03	2.473874e+06
1.617000e+03	1.395247e+06
1.722000e+03	7.689796e+05
1.820000e+03	4.549116e+05
1.894000e+03	3.082664e+05
1.946000e+03	2.377422e+05
1.989000e+03	1.949194e+05
2.024000e+03	1.660298e+05
2.055000e+03	1.446749e+05
2.083000e+03	1.284120e+05
2.098000e+03	1.200713e+05
2.110000e+03	1.137014e+05
2.120000e+03	1.086286e+05
2.126000e+03	1.055641e+05
2.130000e+03	1.033579e+05
2.132000e+03	1.020239e+05
2.134000e+03	1.001996e+05
2.136000e+03	9.773345e+04
2.138000e+03	9.394881e+04
2.141930e+03	8.505184e+04
2.145160e+03	7.271993e+04
2.147050e+03	5.661879e+04
2.148650e+03	4.429329e+04
2.150120e+03	3.392805e+04
2.151160e+03	2.808049e+04
2.152030e+03	2.441057e+04
2.152870e+03	2.147376e+04
2.153480e+03	1.952100e+04
2.154070e+03	1.780784e+04
2.154730e+03	1.623918e+04
2.155500e+03	1.481035e+04
2.156160e+03	1.380281e+04
2.156820e+03	1.293897e+04
2.157570e+03	1.212069e+04
2.158210e+03	1.153467e+04
2.158840e+03	1.103398e+04
2.159420e+03	1.062365e+04
2.160010e+03	1.026236e+04
2.160630e+03	9.919053e+03
2.161260e+03	9.607471e+03
2.162290e+03	9.167073e+03
2.163290e+03	8.798297e+03
2.164560e+03	8.400136e+03
2.166030e+03	8.010003e+03
2.167690e+03	7.638372e+03
2.169990e+03	7.212676e+03
2.172320e+03	6.856121e+03
2.175280e+03	6.478210e+03
2.178740e+03	6.115201e+03
2.182440e+03	5.791920e+03
2.186080e+03	5.523970e+03
2.191460e+03	5.194251e+03
2.196520e+03	4.937486e+03
2.201920e+03	4.703409e+03
2.207660e+03	4.494202e+03
2.213740e+03	4.301189e+03
2.220040e+03	4.129389e+03
2.227740e+03	3.946555e+03
2.235290e+03	3.793304e+03
2.243320e+03	3.646784e+03
2.251640e+03	3.515487e+03
2.259430e+03	3.404052e+03
2.269690e+03	3.275484e+03
2.282380e+03	3.136890e+03
2.294370e+03	3.022287e+03
2.308550e+03	2.902189e+03
2.325780e+03	2.776646e+03
2.346100e+03	2.648677e+03
2.378190e+03	2.481212e+03
2.418660e+03	2.313878e+03
2.457900e+03	2.182071e+03
2.495560e+03	2.076701e+03
2.535470e+03	1.982128e+03
2.578230e+03	1.897099e+03
2.628320e+03	1.815867e+03
2.688100e+03	1.733596e+03
2.761490e+03	1.648307e+03
2.844400e+03	1.567348e+03
2.970760e+03	1.466884e+03
3.133790e+03	1.364899e+03
3.424990e+03	1.230762e+03
3.752710e+03	1.121950e+03
4.295860e+03	9.953123e+02
4.968640e+03	8.872078e+02
5.762830e+03	7.961607e+02
7.360820e+03	6.736340e+02
8.974240e+03	5.903950e+02
1.159620e+04	4.976751e+02
1.539200e+04	4.092032e+02
2.113310e+04	3.233098e+02
2.667660e+04	2.678142e+02
3.607950e+04	2.043269e+02
4.700930e+04	1.563901e+02
6.808440e+04	1.010593e+02
