-1.000000e+02	2.029180e+11
-9.000000e+01	1.058717e+11
-8.000000e+01	1.340751e+11
-7.000000e+01	1.572375e+11
-6.000000e+01	1.742547e+11
-5.000000e+01	1.857160e+11
-4.000000e+01	1.927217e+11
-3.000000e+01	1.970381e+11
-2.000000e+01	1.978376e+11
-1.000000e+01	1.964939e+11
0.000000e+00	1.928223e+11
1.000000e+01	1.879649e+11
2.000000e+01	1.821149e+11
3.500000e+01	1.722269e+11
5.000000e+01	1.609985e+11
7.500000e+01	1.408310e+11
1.000000e+02	1.212373e+11
1.250000e+02	1.030595e+11
1.500000e+02	8.676476e+10
1.750000e+02	7.214677e+10
2.000000e+02	5.958184e+10
2.500000e+02	3.996433e+10
3.000000e+02	2.649106e+10
3.500000e+02	1.738102e+10
4.000000e+02	1.130123e+10
4.500000e+02	7.265022e+09
4.900000e+02	5.032191e+09
5.250000e+02	3.624026e+09
5.600000e+02	2.597675e+09
6.150000e+02	1.524138e+09
6.600000e+02	9.804267e+08
7.000000e+02	6.590424e+08
7.500000e+02	4.049219e+08
8.000000e+02	2.518189e+08
8.540000e+02	1.530644e+08
9.000000e+02	1.025124e+08
9.460000e+02	7.031443e+07
9.710000e+02	5.761808e+07
1.003000e+03	4.515752e+07
1.032000e+03	3.643978e+07
1.065000e+03	2.868871e+07
1.101000e+03	2.221588e+07
1.143000e+03	1.661973e+07
1.214000e+03	1.033450e+07
1.299000e+03	5.926301e+06
1.398000e+03	3.139346e+06
1.520000e+03	1.432860e+06
1.617000e+03	7.778767e+05
1.722000e+03	4.012173e+05
1.820000e+03	2.107858e+05
1.894000e+03	1.260560e+05
1.946000e+03	8.393088e+04
1.989000e+03	5.307543e+04
2.024000e+03	3.368103e+04
2.055000e+03	1.906858e+04
2.083000e+03	7.636321e+03
2.098000e+03	4.272235e+03
2.110000e+03	2.650743e+03
2.120000e+03	1.767165e+03
2.126000e+03	1.159346e+03
2.130000e+03	9.071322e+02
2.132000e+03	7.681908e+02
2.134000e+03	5.846207e+02
2.136000e+03	3.888109e+02
2.138000e+03	9.852525e+01
2.141930e+03	1.064735e+01
2.145160e+03	1.059465e+00
2.147050e+03	6.262488e-02
2.148650e+03	5.513185e-03
2.150120e+03	7.886680e-04
2.151160e+03	2.502730e-04
2.152030e+03	1.126401e-04
2.152870e+03	6.524366e-05
2.153480e+03	4.110362e-05
2.154070e+03	2.818025e-05
2.154730e+03	2.028860e-05
2.155500e+03	1.515234e-05
2.156160e+03	1.237359e-05
2.156820e+03	1.040780e-05
2.157570e+03	8.823046e-06
2.158210e+03	7.453946e-06
2.158840e+03	6.216746e-06
2.159420e+03	5.393504e-06
2.160010e+03	4.777683e-06
2.160630e+03	4.269777e-06
2.161260e+03	3.862740e-06
2.162290e+03	3.360306e-06
2.163290e+03	2.995422e-06
2.164560e+03	2.648517e-06
2.166030e+03	2.349027e-06
2.167690e+03	2.095573e-06
2.169990e+03	1.507502e-06
2.172320e+03	1.126347e-06
2.175280e+03	8.613270e-07
2.178740e+03	6.831206e-07
2.182440e+03	5.639154e-07
2.186080e+03	4.846916e-07
2.191460e+03	4.050648e-07
2.196520e+03	3.535411e-07
2.201920e+03	3.128921e-07
2.207660e+03	2.808092e-07
2.213740e+03	2.542138e-07
2.220040e+03	2.326865e-07
2.227740e+03	2.117031e-07
2.235290e+03	1.955109e-07
2.243320e+03	1.810881e-07
2.251640e+03	1.689687e-07
2.259430e+03	1.592311e-07
2.269690e+03	1.485828e-07
2.282380e+03	1.377498e-07
2.294370e+03	1.292701e-07
2.308550e+03	1.208102e-07
2.325780e+03	1.124104e-07
2.346100e+03	1.042797e-07
2.378190e+03	9.425366e-08
2.418660e+03	8.544453e-08
2.457900e+03	8.006441e-08
2.495560e+03	7.581275e-08
2.535470e+03	7.203357e-08
2.578230e+03	6.865980e-08
2.628320e+03	6.544906e-08
2.688100e+03	6.222740e-08
2.761490e+03	5.891889e-08
2.844400e+03	5.580682e-08
2.970760e+03	5.198228e-08
3.133790e+03	4.814092e-08
3.424990e+03	4.314961e-08
3.752710e+03	3.914909e-08
4.295860e+03	3.454602e-08
4.968640e+03	3.065941e-08
5.762830e+03	2.741513e-08
7.360820e+03	2.308985e-08
8.974240e+03	2.017606e-08
1.159620e+04	1.695292e-08
1.539200e+04	1.389805e-08
2.113310e+04	1.095020e-08
2.667660e+04	9.054531e-09
3.607950e+04	6.893998e-09
4.700930e+04	5.268248e-09
6.808440e+04	3.397659e-09
