-1.000000e+02	3.894413e+09
-9.000000e+01	2.035216e+09
-8.000000e+01	1.569697e+09
-7.000000e+01	1.081843e+09
-6.000000e+01	6.903169e+08
-5.000000e+01	4.149805e+08
-4.000000e+01	2.398809e+08
-3.000000e+01	1.312716e+08
-2.000000e+01	7.543212e+07
-1.000000e+01	4.333560e+07
0.000000e+00	2.649825e+07
1.000000e+01	1.612416e+07
2.000000e+01	1.002994e+07
3.500000e+01	4.979362e+06
5.000000e+01	2.659467e+06
7.500000e+01	1.097029e+06
1.000000e+02	4.754836e+05
1.250000e+02	2.171082e+05
1.500000e+02	1.028882e+05
1.750000e+02	5.844906e+04
2.000000e+02	3.568784e+04
2.500000e+02	1.645989e+04
3.000000e+02	7.302660e+03
3.500000e+02	3.049054e+03
4.000000e+02	1.171344e+03
4.500000e+02	4.487476e+02
4.900000e+02	2.741064e+02
5.250000e+02	2.094374e+02
5.600000e+02	1.839523e+02
6.150000e+02	2.400883e+02
6.600000e+02	4.526272e+02
7.000000e+02	1.234745e+03
7.500000e+02	4.389526e+03
8.000000e+02	1.447012e+04
8.540000e+02	5.347342e+04
9.000000e+02	1.317456e+05
9.460000e+02	2.607044e+05
9.710000e+02	3.627723e+05
1.003000e+03	4.752969e+05
1.032000e+03	5.590221e+05
1.065000e+03	6.337100e+05
1.101000e+03	6.787260e+05
1.143000e+03	6.738005e+05
1.214000e+03	5.814476e+05
1.299000e+03	4.339176e+05
1.398000e+03	2.563001e+05
1.520000e+03	1.650403e+05
1.617000e+03	1.233257e+05
1.722000e+03	9.547229e+04
1.820000e+03	8.304446e+04
1.894000e+03	7.305505e+04
1.946000e+03	6.962809e+04
1.989000e+03	7.282399e+04
2.024000e+03	7.355843e+04
2.055000e+03	7.437758e+04
2.083000e+03	7.530556e+04
2.098000e+03	7.328234e+04
2.110000e+03	7.078950e+04
2.120000e+03	6.839656e+04
2.126000e+03	6.702498e+04
2.130000e+03	6.585218e+04
2.132000e+03	6.512948e+04
2.134000e+03	6.413472e+04
2.136000e+03	6.273766e+04
2.138000e+03	6.058343e+04
2.141930e+03	5.492471e+04
2.145160e+03	4.696907e+04
2.147050e+03	3.657027e+04
2.148650e+03	2.860923e+04
2.150120e+03	2.191428e+04
2.151160e+03	1.813731e+04
2.152030e+03	1.576690e+04
2.152870e+03	1.387000e+04
2.153480e+03	1.260870e+04
2.154070e+03	1.150216e+04
2.154730e+03	1.048896e+04
2.155500e+03	9.566074e+03
2.156160e+03	8.915294e+03
2.156820e+03	8.357337e+03
2.157570e+03	7.828805e+03
2.158210e+03	7.450296e+03
2.158840e+03	7.126897e+03
2.159420e+03	6.861865e+03
2.160010e+03	6.628501e+03
2.160630e+03	6.406761e+03
2.161260e+03	6.205508e+03
2.162290e+03	5.921053e+03
2.163290e+03	5.682859e+03
2.164560e+03	5.425685e+03
2.166030e+03	5.173697e+03
2.167690e+03	4.933658e+03
2.169990e+03	4.658699e+03
2.172320e+03	4.428399e+03
2.175280e+03	4.184305e+03
2.178740e+03	3.949835e+03
2.182440e+03	3.741027e+03
2.186080e+03	3.567957e+03
2.191460e+03	3.354990e+03
2.196520e+03	3.189144e+03
2.201920e+03	3.037953e+03
2.207660e+03	2.902825e+03
2.213740e+03	2.778157e+03
2.220040e+03	2.667190e+03
2.227740e+03	2.549097e+03
2.235290e+03	2.450112e+03
2.243320e+03	2.355474e+03
2.251640e+03	2.270669e+03
2.259430e+03	2.198692e+03
2.269690e+03	2.115650e+03
2.282380e+03	2.026131e+03
2.294370e+03	1.952109e+03
2.308550e+03	1.874537e+03
2.325780e+03	1.793448e+03
2.346100e+03	1.710792e+03
2.378190e+03	1.602626e+03
2.418660e+03	1.494544e+03
2.457900e+03	1.409409e+03
2.495560e+03	1.341350e+03
2.535470e+03	1.280265e+03
2.578230e+03	1.225345e+03
2.628320e+03	1.172877e+03
2.688100e+03	1.119737e+03
2.761490e+03	1.064649e+03
2.844400e+03	1.012357e+03
2.970760e+03	9.474666e+02
3.133790e+03	8.815944e+02
3.424990e+03	7.949545e+02
3.752710e+03	7.246724e+02
4.295860e+03	6.428766e+02
4.968640e+03	5.730514e+02
5.762830e+03	5.142438e+02
7.360820e+03	4.351032e+02
8.974240e+03	3.813387e+02
1.159620e+04	3.214506e+02
1.539200e+04	2.643062e+02
2.113310e+04	2.088272e+02
2.667660e+04	1.729824e+02
3.607950e+04	1.319756e+02
4.700930e+04	1.010131e+02
6.808440e+04	6.527465e+01
