-1.000000e+02	2.112113e+08
-9.000000e+01	7.832675e+07
-8.000000e+01	1.111907e+08
-7.000000e+01	1.395594e+08
-6.000000e+01	1.608363e+08
-5.000000e+01	1.748090e+08
-4.000000e+01	1.824488e+08
-3.000000e+01	1.859415e+08
-2.000000e+01	1.845911e+08
-1.000000e+01	1.802802e+08
0.000000e+00	1.732675e+08
1.000000e+01	1.650773e+08
2.000000e+01	1.563359e+08
3.500000e+01	1.437418e+08
5.000000e+01	1.322732e+08
7.500000e+01	1.158979e+08
1.000000e+02	1.038045e+08
1.250000e+02	9.411136e+07
1.500000e+02	8.504365e+07
1.750000e+02	7.204051e+07
2.000000e+02	5.915632e+07
2.500000e+02	3.611463e+07
3.000000e+02	2.204572e+07
3.500000e+02	1.351194e+07
4.000000e+02	8.405744e+06
4.500000e+02	5.124882e+06
4.900000e+02	3.038865e+06
5.250000e+02	1.788041e+06
5.600000e+02	9.874415e+05
6.150000e+02	3.183619e+05
6.600000e+02	1.063024e+05
7.000000e+02	3.528123e+04
7.500000e+02	1.014648e+04
8.000000e+02	3.704727e+03
8.540000e+02	1.467118e+03
9.000000e+02	7.598216e+02
9.460000e+02	4.094615e+02
9.710000e+02	2.962617e+02
1.003000e+03	2.015784e+02
1.032000e+03	1.448669e+02
1.065000e+03	1.008871e+02
1.101000e+03	6.954891e+01
1.143000e+03	4.603225e+01
1.214000e+03	2.354144e+01
1.299000e+03	1.115517e+01
1.398000e+03	5.508187e+00
1.520000e+03	1.899272e+00
1.617000e+03	7.982939e-01
1.722000e+03	3.006747e-01
1.820000e+03	1.099087e-01
1.894000e+03	5.166387e-02
1.946000e+03	2.833024e-02
1.989000e+03	1.429302e-02
2.024000e+03	7.764749e-03
2.055000e+03	3.845783e-03
2.083000e+03	1.377407e-03
2.098000e+03	7.516130e-04
2.110000e+03	4.640363e-04
2.120000e+03	3.151490e-04
2.126000e+03	2.164849e-04
2.130000e+03	1.808012e-04
2.132000e+03	1.651705e-04
2.134000e+03	1.482473e-04
2.136000e+03	1.306142e-04
2.138000e+03	5.797618e-05
2.141930e+03	2.444732e-05
2.145160e+03	1.469263e-05
2.147050e+03	6.984170e-06
2.148650e+03	3.411558e-06
2.150120e+03	1.933404e-06
2.151160e+03	1.557091e-06
2.152030e+03	1.429169e-06
2.152870e+03	1.525903e-06
2.153480e+03	1.419055e-06
2.154070e+03	1.353190e-06
2.154730e+03	1.356873e-06
2.155500e+03	1.401755e-06
2.156160e+03	1.444541e-06
2.156820e+03	1.485452e-06
2.157570e+03	1.530150e-06
2.158210e+03	1.487610e-06
2.158840e+03	1.400655e-06
2.159420e+03	1.342120e-06
2.160010e+03	1.298120e-06
2.160630e+03	1.260909e-06
2.161260e+03	1.230685e-06
2.162290e+03	1.192684e-06
2.163290e+03	1.163198e-06
2.164560e+03	1.133770e-06
2.166030e+03	1.106368e-06
2.167690e+03	1.080954e-06
2.169990e+03	8.630022e-07
2.172320e+03	7.036133e-07
2.175280e+03	5.900574e-07
2.178740e+03	5.111478e-07
2.182440e+03	4.563508e-07
2.186080e+03	4.184876e-07
2.191460e+03	3.785854e-07
2.196520e+03	3.513615e-07
2.201920e+03	3.288051e-07
2.207660e+03	3.100668e-07
2.213740e+03	2.938532e-07
2.220040e+03	2.800248e-07
2.227740e+03	2.659554e-07
2.235290e+03	2.544730e-07
2.243320e+03	2.437896e-07
2.251640e+03	2.344145e-07
2.259430e+03	2.265997e-07
2.269690e+03	2.177062e-07
2.282380e+03	2.082807e-07
2.294370e+03	2.005618e-07
2.308550e+03	1.925655e-07
2.325780e+03	1.842623e-07
2.346100e+03	1.758676e-07
2.378190e+03	1.649546e-07
2.418660e+03	1.551120e-07
2.457900e+03	1.495657e-07
2.495560e+03	1.448786e-07
2.535470e+03	1.404769e-07
2.578230e+03	1.363965e-07
2.628320e+03	1.324468e-07
2.688100e+03	1.282685e-07
2.761490e+03	1.237490e-07
2.844400e+03	1.192818e-07
2.970760e+03	1.134972e-07
3.133790e+03	1.073529e-07
3.424990e+03	9.885184e-08
3.752710e+03	9.160931e-08
4.295860e+03	8.278880e-08
4.968640e+03	7.493065e-08
5.762830e+03	6.808102e-08
7.360820e+03	5.853212e-08
8.974240e+03	5.183836e-08
1.159620e+04	4.418928e-08
1.539200e+04	3.670954e-08
2.113310e+04	2.928715e-08
2.667660e+04	2.441072e-08
3.607950e+04	1.875702e-08
4.700930e+04	1.443604e-08
6.808440e+04	9.392593e-09
