-1.000000e+02	2.787260e+11
-9.000000e+01	1.454605e+11
-8.000000e+01	1.828390e+11
-7.000000e+01	2.133929e+11
-6.000000e+01	2.357953e+11
-5.000000e+01	2.508684e+11
-4.000000e+01	2.600735e+11
-3.000000e+01	2.657452e+11
-2.000000e+01	2.667497e+11
-1.000000e+01	2.648983e+11
0.000000e+00	2.599306e+11
1.000000e+01	2.533734e+11
2.000000e+01	2.454838e+11
3.500000e+01	2.321532e+11
5.000000e+01	2.170173e+11
7.500000e+01	1.898307e+11
1.000000e+02	1.634151e+11
1.250000e+02	1.389072e+11
1.500000e+02	1.169386e+11
1.750000e+02	9.723563e+10
2.000000e+02	8.030160e+10
2.500000e+02	5.386560e+10
3.000000e+02	3.570765e+10
3.500000e+02	2.342906e+10
4.000000e+02	1.523408e+10
4.500000e+02	9.793538e+09
4.900000e+02	6.784104e+09
5.250000e+02	4.886099e+09
5.600000e+02	3.502614e+09
6.150000e+02	2.055355e+09
6.600000e+02	1.322240e+09
7.000000e+02	8.888465e+08
7.500000e+02	5.461322e+08
8.000000e+02	3.396553e+08
8.540000e+02	2.065155e+08
9.000000e+02	1.384400e+08
9.460000e+02	9.518745e+07
9.710000e+02	7.820109e+07
1.003000e+03	6.154684e+07
1.032000e+03	4.990181e+07
1.065000e+03	3.954837e+07
1.101000e+03	3.087892e+07
1.143000e+03	2.332452e+07
1.214000e+03	1.472281e+07
1.299000e+03	8.578303e+06
1.398000e+03	4.579855e+06
1.520000e+03	2.155158e+06
1.617000e+03	1.215491e+06
1.722000e+03	6.699073e+05
1.820000e+03	3.963020e+05
1.894000e+03	2.685500e+05
1.946000e+03	2.071119e+05
1.989000e+03	1.698062e+05
2.024000e+03	1.446387e+05
2.055000e+03	1.260350e+05
2.083000e+03	1.118674e+05
2.098000e+03	1.046013e+05
2.110000e+03	9.905217e+04
2.120000e+03	9.463297e+04
2.126000e+03	9.196328e+04
2.130000e+03	9.004129e+04
2.132000e+03	8.887916e+04
2.134000e+03	8.728989e+04
2.136000e+03	8.514152e+04
2.138000e+03	8.184449e+04
2.141930e+03	7.409380e+04
2.145160e+03	6.335073e+04
2.147050e+03	4.932405e+04
2.148650e+03	3.858656e+04
2.150120e+03	2.955678e+04
2.151160e+03	2.446261e+04
2.152030e+03	2.126552e+04
2.152870e+03	1.870709e+04
2.153480e+03	1.700592e+04
2.154070e+03	1.551349e+04
2.154730e+03	1.414693e+04
2.155500e+03	1.290219e+04
2.156160e+03	1.202446e+04
2.156820e+03	1.127192e+04
2.157570e+03	1.055906e+04
2.158210e+03	1.004855e+04
2.158840e+03	9.612368e+03
2.159420e+03	9.254907e+03
2.160010e+03	8.940158e+03
2.160630e+03	8.641087e+03
2.161260e+03	8.369648e+03
2.162290e+03	7.985991e+03
2.163290e+03	7.664728e+03
2.164560e+03	7.317866e+03
2.166030e+03	6.977998e+03
2.167690e+03	6.654247e+03
2.169990e+03	6.283398e+03
2.172320e+03	5.972781e+03
2.175280e+03	5.643560e+03
2.178740e+03	5.327321e+03
2.182440e+03	5.045691e+03
2.186080e+03	4.812264e+03
2.191460e+03	4.525026e+03
2.196520e+03	4.301342e+03
2.201920e+03	4.097424e+03
2.207660e+03	3.915170e+03
2.213740e+03	3.747026e+03
2.220040e+03	3.597360e+03
2.227740e+03	3.438082e+03
2.235290e+03	3.304576e+03
2.243320e+03	3.176934e+03
2.251640e+03	3.062553e+03
2.259430e+03	2.965475e+03
2.269690e+03	2.853472e+03
2.282380e+03	2.732734e+03
2.294370e+03	2.632897e+03
2.308550e+03	2.528272e+03
2.325780e+03	2.418904e+03
2.346100e+03	2.307422e+03
2.378190e+03	2.161534e+03
2.418660e+03	2.015759e+03
2.457900e+03	1.900934e+03
2.495560e+03	1.809140e+03
2.535470e+03	1.726752e+03
2.578230e+03	1.652678e+03
2.628320e+03	1.581912e+03
2.688100e+03	1.510240e+03
2.761490e+03	1.435940e+03
2.844400e+03	1.365412e+03
2.970760e+03	1.277891e+03
3.133790e+03	1.189046e+03
3.424990e+03	1.072191e+03
3.752710e+03	9.773983e+02
4.295860e+03	8.670767e+02
4.968640e+03	7.729003e+02
5.762830e+03	6.935837e+02
7.360820e+03	5.868432e+02
8.974240e+03	5.143287e+02
1.159620e+04	4.335548e+02
1.539200e+04	3.564816e+02
2.113310e+04	2.816547e+02
2.667660e+04	2.333091e+02
3.607950e+04	1.780015e+02
4.700930e+04	1.362409e+02
6.808440e+04	8.803886e+01
