-1.000000e+02	2.033086e+13
-9.000000e+01	3.159657e+11
-8.000000e+01	9.402820e+11
-7.000000e+01	2.514619e+12
-6.000000e+01	5.879000e+12
-5.000000e+01	1.112493e+13
-4.000000e+01	1.721305e+13
-3.000000e+01	2.303944e+13
-2.000000e+01	2.758155e+13
-1.000000e+01	3.077267e+13
0.000000e+00	3.256719e+13
1.000000e+01	3.340621e+13
2.000000e+01	3.350074e+13
3.500000e+01	3.274889e+13
5.000000e+01	3.121568e+13
7.500000e+01	2.778048e+13
1.000000e+02	2.412530e+13
1.250000e+02	2.060456e+13
1.500000e+02	1.739367e+13
1.750000e+02	1.448282e+13
2.000000e+02	1.197009e+13
2.500000e+02	8.034769e+12
3.000000e+02	5.328397e+12
3.500000e+02	3.497280e+12
4.000000e+02	2.274669e+12
4.500000e+02	1.462612e+12
4.900000e+02	1.013097e+12
5.250000e+02	7.295302e+11
5.600000e+02	5.228118e+11
6.150000e+02	3.064241e+11
6.600000e+02	1.965638e+11
7.000000e+02	1.308782e+11
7.500000e+02	7.736940e+10
8.000000e+02	4.334128e+10
8.540000e+02	1.968235e+10
9.000000e+02	8.977214e+09
9.460000e+02	4.004961e+09
9.710000e+02	2.529068e+09
1.003000e+03	1.491996e+09
1.032000e+03	9.637475e+08
1.065000e+03	6.064932e+08
1.101000e+03	3.790821e+08
1.143000e+03	2.336140e+08
1.214000e+03	1.128756e+08
1.299000e+03	5.201824e+07
1.398000e+03	2.411777e+07
1.520000e+03	8.676436e+06
1.617000e+03	3.698927e+06
1.722000e+03	1.386636e+06
1.820000e+03	5.450916e+05
1.894000e+03	2.492743e+05
1.946000e+03	1.430925e+05
1.989000e+03	8.568791e+04
2.024000e+03	4.937954e+04
2.055000e+03	2.947606e+04
2.083000e+03	1.651274e+04
2.098000e+03	1.177358e+04
2.110000e+03	6.683746e+03
2.120000e+03	4.863178e+03
2.126000e+03	4.062410e+03
2.130000e+03	3.557348e+03
2.132000e+03	3.229636e+03
2.134000e+03	2.383638e+03
2.136000e+03	1.481010e+03
2.138000e+03	7.741309e+02
2.141930e+03	1.416991e+02
2.145160e+03	9.983157e+00
2.147050e+03	1.250122e+00
2.148650e+03	2.156934e-01
2.150120e+03	5.648005e-02
2.151160e+03	2.772381e-02
2.152030e+03	1.934620e-02
2.152870e+03	1.453838e-02
2.153480e+03	1.193072e-02
2.154070e+03	1.018178e-02
2.154730e+03	8.002168e-03
2.155500e+03	6.324831e-03
2.156160e+03	5.475275e-03
2.156820e+03	4.879630e-03
2.157570e+03	4.399111e-03
2.158210e+03	4.091440e-03
2.158840e+03	3.848648e-03
2.159420e+03	3.660612e-03
2.160010e+03	3.502499e-03
2.160630e+03	3.357523e-03
2.161260e+03	3.230298e-03
2.162290e+03	2.797963e-03
2.163290e+03	2.495653e-03
2.164560e+03	2.222058e-03
2.166030e+03	1.994196e-03
2.167690e+03	1.805791e-03
2.169990e+03	1.617011e-03
2.172320e+03	1.476761e-03
2.175280e+03	1.342476e-03
2.178740e+03	1.225023e-03
2.182440e+03	8.866439e-04
2.186080e+03	7.054182e-04
2.191460e+03	5.542358e-04
2.196520e+03	4.688891e-04
2.201920e+03	4.070443e-04
2.207660e+03	3.610626e-04
2.213740e+03	3.246306e-04
2.220040e+03	2.960333e-04
2.227740e+03	2.688951e-04
2.235290e+03	2.483117e-04
2.243320e+03	2.302349e-04
2.251640e+03	2.151990e-04
2.259430e+03	2.032104e-04
2.269690e+03	1.901669e-04
2.282380e+03	1.769688e-04
2.294370e+03	1.666571e-04
2.308550e+03	1.563904e-04
2.325780e+03	1.461902e-04
2.346100e+03	1.363098e-04
2.378190e+03	1.240924e-04
2.418660e+03	1.126065e-04
2.457900e+03	1.040202e-04
2.495560e+03	9.742368e-05
2.535470e+03	9.169235e-05
2.578230e+03	8.694321e-05
2.628320e+03	8.359499e-05
2.688100e+03	8.016505e-05
2.761490e+03	7.656901e-05
2.844400e+03	7.311816e-05
2.970760e+03	6.878577e-05
3.133790e+03	6.433224e-05
3.424990e+03	5.839075e-05
3.752710e+03	5.350311e-05
4.295860e+03	4.773955e-05
4.968640e+03	4.275754e-05
5.762830e+03	3.851879e-05
7.360820e+03	3.275408e-05
8.974240e+03	2.880064e-05
1.159620e+04	2.436263e-05
1.539200e+04	2.009619e-05
2.113310e+04	1.592617e-05
2.667660e+04	1.321801e-05
3.607950e+04	1.010704e-05
4.700930e+04	7.749211e-06
6.808440e+04	5.018255e-06
