-1.000000e+02	1.117386e+10
-9.000000e+01	5.853810e+09
-8.000000e+01	7.339262e+09
-7.000000e+01	8.544202e+09
-6.000000e+01	9.417434e+09
-5.000000e+01	9.993524e+09
-4.000000e+01	1.033248e+10
-3.000000e+01	1.052635e+10
-2.000000e+01	1.053726e+10
-1.000000e+01	1.043513e+10
0.000000e+00	1.021482e+10
1.000000e+01	9.932335e+09
2.000000e+01	9.599484e+09
3.500000e+01	9.041851e+09
5.000000e+01	8.417534e+09
7.500000e+01	7.310771e+09
1.000000e+02	6.235157e+09
1.250000e+02	5.239967e+09
1.500000e+02	4.354260e+09
1.750000e+02	3.593278e+09
2.000000e+02	2.953280e+09
2.500000e+02	1.982660e+09
3.000000e+02	1.313551e+09
3.500000e+02	8.596019e+08
4.000000e+02	5.555276e+08
4.500000e+02	3.551818e+08
4.900000e+02	2.487370e+08
5.250000e+02	1.820837e+08
5.600000e+02	1.330357e+08
6.150000e+02	8.062828e+07
6.600000e+02	5.288449e+07
7.000000e+02	3.591833e+07
7.500000e+02	2.217696e+07
8.000000e+02	1.381506e+07
8.540000e+02	8.405959e+06
9.000000e+02	5.636573e+06
9.460000e+02	3.876157e+06
9.710000e+02	3.184640e+06
1.003000e+03	2.506545e+06
1.032000e+03	2.032359e+06
1.065000e+03	1.610739e+06
1.101000e+03	1.257676e+06
1.143000e+03	9.500088e+05
1.214000e+03	5.996745e+05
1.299000e+03	3.494088e+05
1.398000e+03	1.865463e+05
1.520000e+03	8.778529e+04
1.617000e+03	4.951078e+04
1.722000e+03	2.728774e+04
1.820000e+03	1.614295e+04
1.894000e+03	1.093916e+04
1.946000e+03	8.436553e+03
1.989000e+03	6.916953e+03
2.024000e+03	5.891778e+03
2.055000e+03	5.133976e+03
2.083000e+03	4.556870e+03
2.098000e+03	4.260889e+03
2.110000e+03	4.034847e+03
2.120000e+03	3.854833e+03
2.126000e+03	3.746084e+03
2.130000e+03	3.667793e+03
2.132000e+03	3.620454e+03
2.134000e+03	3.555716e+03
2.136000e+03	3.468203e+03
2.138000e+03	3.333900e+03
2.141930e+03	3.018179e+03
2.145160e+03	2.580565e+03
2.147050e+03	2.009194e+03
2.148650e+03	1.571807e+03
2.150120e+03	1.203983e+03
2.151160e+03	9.964739e+02
2.152030e+03	8.662421e+02
2.152870e+03	7.620253e+02
2.153480e+03	6.927288e+02
2.154070e+03	6.319353e+02
2.154730e+03	5.762691e+02
2.155500e+03	5.255654e+02
2.156160e+03	4.898112e+02
2.156820e+03	4.591567e+02
2.157570e+03	4.301189e+02
2.158210e+03	4.093234e+02
2.158840e+03	3.915557e+02
2.159420e+03	3.769947e+02
2.160010e+03	3.641735e+02
2.160630e+03	3.519910e+02
2.161260e+03	3.409341e+02
2.162290e+03	3.253060e+02
2.163290e+03	3.122194e+02
2.164560e+03	2.980901e+02
2.166030e+03	2.842458e+02
2.167690e+03	2.710579e+02
2.169990e+03	2.559515e+02
2.172320e+03	2.432987e+02
2.175280e+03	2.298880e+02
2.178740e+03	2.170061e+02
2.182440e+03	2.055341e+02
2.186080e+03	1.960255e+02
2.191460e+03	1.843250e+02
2.196520e+03	1.752134e+02
2.201920e+03	1.669068e+02
2.207660e+03	1.594828e+02
2.213740e+03	1.526335e+02
2.220040e+03	1.465369e+02
2.227740e+03	1.400488e+02
2.235290e+03	1.346105e+02
2.243320e+03	1.294110e+02
2.251640e+03	1.247518e+02
2.259430e+03	1.207974e+02
2.269690e+03	1.162350e+02
2.282380e+03	1.113168e+02
2.294370e+03	1.072499e+02
2.308550e+03	1.029881e+02
2.325780e+03	9.853301e+01
2.346100e+03	9.399186e+01
2.378190e+03	8.804917e+01
2.418660e+03	8.211110e+01
2.457900e+03	7.743374e+01
2.495560e+03	7.369454e+01
2.535470e+03	7.033849e+01
2.578230e+03	6.732112e+01
2.628320e+03	6.443850e+01
2.688100e+03	6.151898e+01
2.761490e+03	5.849240e+01
2.844400e+03	5.561946e+01
2.970760e+03	5.205434e+01
3.133790e+03	4.843528e+01
3.424990e+03	4.367524e+01
3.752710e+03	3.981390e+01
4.295860e+03	3.532000e+01
4.968640e+03	3.148376e+01
5.762830e+03	2.825284e+01
7.360820e+03	2.390481e+01
8.974240e+03	2.095096e+01
1.159620e+04	1.766067e+01
1.539200e+04	1.452113e+01
2.113310e+04	1.147308e+01
2.667660e+04	9.503749e+00
3.607950e+04	7.250814e+00
4.700930e+04	5.549715e+00
6.808440e+04	3.586225e+00
