-1.000000e+02	3.374084e+10
-9.000000e+01	1.332092e+10
-8.000000e+01	2.018947e+10
-7.000000e+01	2.746701e+10
-6.000000e+01	3.462493e+10
-5.000000e+01	4.146729e+10
-4.000000e+01	4.791802e+10
-3.000000e+01	5.453791e+10
-2.000000e+01	5.984403e+10
-1.000000e+01	6.454273e+10
0.000000e+00	6.766104e+10
1.000000e+01	7.031353e+10
2.000000e+01	7.227084e+10
3.500000e+01	7.476677e+10
5.000000e+01	7.607950e+10
7.500000e+01	7.592606e+10
1.000000e+02	7.595225e+10
1.250000e+02	7.560559e+10
1.500000e+02	7.424030e+10
1.750000e+02	6.682420e+10
2.000000e+02	5.782428e+10
2.500000e+02	3.839907e+10
3.000000e+02	2.554774e+10
3.500000e+02	1.715819e+10
4.000000e+02	1.178035e+10
4.500000e+02	7.929638e+09
4.900000e+02	4.972695e+09
5.250000e+02	3.027280e+09
5.600000e+02	1.705923e+09
6.150000e+02	5.395435e+08
6.600000e+02	1.688164e+08
7.000000e+02	4.975270e+07
7.500000e+02	1.200746e+07
8.000000e+02	3.583269e+06
8.540000e+02	1.110479e+06
9.000000e+02	4.773955e+05
9.460000e+02	2.224303e+05
9.710000e+02	1.497893e+05
1.003000e+03	9.543870e+04
1.032000e+03	6.552550e+04
1.065000e+03	4.375745e+04
1.101000e+03	2.910914e+04
1.143000e+03	1.875509e+04
1.214000e+03	9.393170e+03
1.299000e+03	4.406195e+03
1.398000e+03	2.163775e+03
1.520000e+03	7.416864e+02
1.617000e+03	3.103312e+02
1.722000e+03	1.163576e+02
1.820000e+03	4.236101e+01
1.894000e+03	1.984069e+01
1.946000e+03	1.084562e+01
1.989000e+03	5.454624e+00
2.024000e+03	2.955302e+00
2.055000e+03	1.459805e+00
2.083000e+03	5.209826e-01
2.098000e+03	2.835277e-01
2.110000e+03	1.745805e-01
2.120000e+03	1.179371e-01
2.126000e+03	8.023249e-02
2.130000e+03	6.619162e-02
2.132000e+03	5.963575e-02
2.134000e+03	5.194833e-02
2.136000e+03	4.350692e-02
2.138000e+03	1.745933e-02
2.141930e+03	5.772965e-03
2.145160e+03	2.517104e-03
2.147050e+03	8.248561e-04
2.148650e+03	2.967815e-04
2.150120e+03	1.315624e-04
2.151160e+03	8.973357e-05
2.152030e+03	7.252791e-05
2.152870e+03	6.943196e-05
2.153480e+03	6.023591e-05
2.154070e+03	5.415615e-05
2.154730e+03	5.118677e-05
2.155500e+03	4.990559e-05
2.156160e+03	4.933774e-05
2.156820e+03	4.894831e-05
2.157570e+03	4.869854e-05
2.158210e+03	4.617311e-05
2.158840e+03	4.254363e-05
2.159420e+03	4.004929e-05
2.160010e+03	3.813351e-05
2.160630e+03	3.649395e-05
2.161260e+03	3.513989e-05
2.162290e+03	3.340506e-05
2.163290e+03	3.206072e-05
2.164560e+03	3.071086e-05
2.166030e+03	2.946216e-05
2.167690e+03	2.832212e-05
2.169990e+03	2.219505e-05
2.172320e+03	1.781620e-05
2.175280e+03	1.469693e-05
2.178740e+03	1.253259e-05
2.182440e+03	1.103368e-05
2.186080e+03	1.000197e-05
2.191460e+03	8.921226e-06
2.196520e+03	8.189447e-06
2.201920e+03	7.587812e-06
2.207660e+03	7.092473e-06
2.213740e+03	6.666894e-06
2.220040e+03	6.307666e-06
2.227740e+03	5.945010e-06
2.235290e+03	5.652495e-06
2.243320e+03	5.382681e-06
2.251640e+03	5.147995e-06
2.259430e+03	4.953828e-06
2.269690e+03	4.734698e-06
2.282380e+03	4.504371e-06
2.294370e+03	4.317546e-06
2.308550e+03	4.125475e-06
2.325780e+03	3.927933e-06
2.346100e+03	3.729991e-06
2.378190e+03	3.475507e-06
2.418660e+03	3.246856e-06
2.457900e+03	3.114808e-06
2.495560e+03	3.004989e-06
2.535470e+03	2.903165e-06
2.578230e+03	2.809549e-06
2.628320e+03	2.719200e-06
2.688100e+03	2.624776e-06
2.761490e+03	2.523830e-06
2.844400e+03	2.425139e-06
2.970760e+03	2.298788e-06
3.133790e+03	2.166165e-06
3.424990e+03	1.985059e-06
3.752710e+03	1.832674e-06
4.295860e+03	1.649185e-06
4.968640e+03	1.487428e-06
5.762830e+03	1.347611e-06
7.360820e+03	1.154352e-06
8.974240e+03	1.019890e-06
1.159620e+04	8.671650e-07
1.539200e+04	7.186845e-07
2.113310e+04	5.720940e-07
2.667660e+04	4.761605e-07
3.607950e+04	3.652808e-07
4.700930e+04	2.807758e-07
6.808440e+04	1.823960e-07
