-1.000000e+02	3.815647e+12
-9.000000e+01	1.074445e+11
-8.000000e+01	2.685998e+11
-7.000000e+01	5.731716e+11
-6.000000e+01	1.051791e+12
-5.000000e+01	1.671638e+12
-4.000000e+01	2.333092e+12
-3.000000e+01	2.933673e+12
-2.000000e+01	3.385583e+12
-1.000000e+01	3.684372e+12
0.000000e+00	3.837545e+12
1.000000e+01	3.888666e+12
2.000000e+01	3.864006e+12
3.500000e+01	3.736719e+12
5.000000e+01	3.533673e+12
7.500000e+01	3.114006e+12
1.000000e+02	2.678313e+12
1.250000e+02	2.265449e+12
1.500000e+02	1.893098e+12
1.750000e+02	1.567630e+12
2.000000e+02	1.291230e+12
2.500000e+02	8.669057e+11
3.000000e+02	5.747624e+11
3.500000e+02	3.765130e+11
4.000000e+02	2.439375e+11
4.500000e+02	1.562972e+11
4.900000e+02	1.090129e+11
5.250000e+02	7.931924e+10
5.600000e+02	5.752286e+10
6.150000e+02	3.442945e+10
6.600000e+02	2.240647e+10
7.000000e+02	1.516296e+10
7.500000e+02	9.346204e+09
8.000000e+02	5.818618e+09
8.540000e+02	3.539559e+09
9.000000e+02	2.373271e+09
9.460000e+02	1.631981e+09
9.710000e+02	1.340879e+09
1.003000e+03	1.055454e+09
1.032000e+03	8.558481e+08
1.065000e+03	6.783449e+08
1.101000e+03	5.297382e+08
1.143000e+03	4.001669e+08
1.214000e+03	2.525669e+08
1.299000e+03	1.471000e+08
1.398000e+03	7.862049e+07
1.520000e+03	3.676847e+07
1.617000e+03	2.064078e+07
1.722000e+03	1.133269e+07
1.820000e+03	6.638277e+06
1.894000e+03	4.508719e+06
1.946000e+03	3.462043e+06
1.989000e+03	2.807739e+06
2.024000e+03	2.396606e+06
2.055000e+03	2.084469e+06
2.083000e+03	1.847045e+06
2.098000e+03	1.731162e+06
2.110000e+03	1.655915e+06
2.120000e+03	1.586305e+06
2.126000e+03	1.541454e+06
2.130000e+03	1.509154e+06
2.132000e+03	1.489092e+06
2.134000e+03	1.464341e+06
2.136000e+03	1.430812e+06
2.138000e+03	1.370379e+06
2.141930e+03	1.236871e+06
2.145160e+03	1.072139e+06
2.147050e+03	8.292996e+05
2.148650e+03	6.512398e+05
2.150120e+03	5.009590e+05
2.151160e+03	4.153438e+05
2.152030e+03	3.608595e+05
2.152870e+03	3.181033e+05
2.153480e+03	2.899281e+05
2.154070e+03	2.646575e+05
2.154730e+03	2.407741e+05
2.155500e+03	2.194110e+05
2.156160e+03	2.044618e+05
2.156820e+03	1.916614e+05
2.157570e+03	1.795395e+05
2.158210e+03	1.708575e+05
2.158840e+03	1.634394e+05
2.159420e+03	1.573607e+05
2.160010e+03	1.520088e+05
2.160630e+03	1.469236e+05
2.161260e+03	1.423084e+05
2.162290e+03	1.357859e+05
2.163290e+03	1.303240e+05
2.164560e+03	1.244266e+05
2.166030e+03	1.186480e+05
2.167690e+03	1.131434e+05
2.169990e+03	1.068372e+05
2.172320e+03	1.015554e+05
2.175280e+03	9.595753e+04
2.178740e+03	9.058048e+04
2.182440e+03	8.579224e+04
2.186080e+03	8.182345e+04
2.191460e+03	7.693967e+04
2.196520e+03	7.313643e+04
2.201920e+03	6.966922e+04
2.207660e+03	6.657037e+04
2.213740e+03	6.371139e+04
2.220040e+03	6.116661e+04
2.227740e+03	5.845840e+04
2.235290e+03	5.618837e+04
2.243320e+03	5.401804e+04
2.251640e+03	5.207321e+04
2.259430e+03	5.042258e+04
2.269690e+03	4.851817e+04
2.282380e+03	4.646523e+04
2.294370e+03	4.476769e+04
2.308550e+03	4.298873e+04
2.325780e+03	4.112911e+04
2.346100e+03	3.923357e+04
2.378190e+03	3.675300e+04
2.418660e+03	3.427436e+04
2.457900e+03	3.232197e+04
2.495560e+03	3.076117e+04
2.535470e+03	2.936031e+04
2.578230e+03	2.810081e+04
2.628320e+03	2.689756e+04
2.688100e+03	2.567891e+04
2.761490e+03	2.441558e+04
2.844400e+03	2.321637e+04
2.970760e+03	2.172823e+04
3.133790e+03	2.021759e+04
3.424990e+03	1.823068e+04
3.752710e+03	1.661890e+04
4.295860e+03	1.474308e+04
4.968640e+03	1.314178e+04
5.762830e+03	1.179314e+04
7.360820e+03	9.978212e+03
8.974240e+03	8.745233e+03
1.159620e+04	7.371819e+03
1.539200e+04	6.061328e+03
2.113310e+04	4.789030e+03
2.667660e+04	3.967002e+03
3.607950e+04	3.026594e+03
4.700930e+04	2.316531e+03
6.808440e+04	1.496942e+03
