-1.000000e+02	1.479556e+11
-9.000000e+01	4.531583e+10
-8.000000e+01	5.278005e+10
-7.000000e+01	5.169598e+10
-6.000000e+01	4.508661e+10
-5.000000e+01	3.618674e+10
-4.000000e+01	2.744382e+10
-3.000000e+01	1.976193e+10
-2.000000e+01	1.431113e+10
-1.000000e+01	1.022164e+10
0.000000e+00	7.469302e+09
1.000000e+01	5.409058e+09
2.000000e+01	3.954982e+09
3.500000e+01	2.502943e+09
5.000000e+01	1.673130e+09
7.500000e+01	9.665391e+08
1.000000e+02	6.044979e+08
1.250000e+02	4.022146e+08
1.500000e+02	2.747496e+08
1.750000e+02	1.903020e+08
2.000000e+02	1.317141e+08
2.500000e+02	6.197309e+07
3.000000e+02	2.878680e+07
3.500000e+02	1.315486e+07
4.000000e+02	5.873315e+06
4.500000e+02	2.570039e+06
4.900000e+02	1.280447e+06
5.250000e+02	6.827951e+05
5.600000e+02	3.593638e+05
6.150000e+02	1.299674e+05
6.600000e+02	5.831827e+04
7.000000e+02	3.145282e+04
7.500000e+02	1.877301e+04
8.000000e+02	1.549198e+04
8.540000e+02	1.556547e+04
9.000000e+02	1.567625e+04
9.460000e+02	1.425934e+04
9.710000e+02	1.325899e+04
1.003000e+03	1.128667e+04
1.032000e+03	9.437029e+03
1.065000e+03	7.480198e+03
1.101000e+03	5.732386e+03
1.143000e+03	4.093697e+03
1.214000e+03	2.188183e+03
1.299000e+03	1.045284e+03
1.398000e+03	5.303237e+02
1.520000e+03	1.762239e+02
1.617000e+03	7.005850e+01
1.722000e+03	2.380155e+01
1.820000e+03	7.316306e+00
1.894000e+03	2.925943e+00
1.946000e+03	1.361796e+00
1.989000e+03	5.310605e-01
2.024000e+03	2.235537e-01
2.055000e+03	7.892562e-02
2.083000e+03	1.525236e-02
2.098000e+03	4.351192e-03
2.110000e+03	8.723459e-04
2.120000e+03	1.421352e-04
2.126000e+03	6.832466e-05
2.130000e+03	4.797602e-05
2.132000e+03	3.988565e-05
2.134000e+03	3.153910e-05
2.136000e+03	2.358098e-05
2.138000e+03	4.268329e-06
2.141930e+03	6.196901e-07
2.145160e+03	1.755975e-07
2.147050e+03	3.207738e-08
2.148650e+03	6.687183e-09
2.150120e+03	2.065362e-09
2.151160e+03	1.316173e-09
2.152030e+03	1.088815e-09
2.152870e+03	1.231775e-09
2.153480e+03	1.074794e-09
2.154070e+03	9.956674e-10
2.154730e+03	1.019937e-09
2.155500e+03	1.110572e-09
2.156160e+03	1.201776e-09
2.156820e+03	1.296492e-09
2.157570e+03	1.406384e-09
2.158210e+03	1.353916e-09
2.158840e+03	1.221390e-09
2.159420e+03	1.139330e-09
2.160010e+03	1.082047e-09
2.160630e+03	1.036878e-09
2.161260e+03	1.002749e-09
2.162290e+03	9.636390e-10
2.163290e+03	9.361204e-10
2.164560e+03	9.115635e-10
2.166030e+03	8.912043e-10
2.167690e+03	8.742877e-10
2.169990e+03	5.766584e-10
2.172320e+03	3.955160e-10
2.175280e+03	2.884103e-10
2.178740e+03	2.248272e-10
2.182440e+03	1.859447e-10
2.186080e+03	1.616129e-10
2.191460e+03	1.382045e-10
2.196520e+03	1.235365e-10
2.201920e+03	1.121704e-10
2.207660e+03	1.032517e-10
2.213740e+03	9.591696e-11
2.220040e+03	8.991788e-11
2.227740e+03	8.406136e-11
2.235290e+03	7.944124e-11
2.243320e+03	7.527382e-11
2.251640e+03	7.171480e-11
2.259430e+03	6.881676e-11
2.269690e+03	6.558792e-11
2.282380e+03	6.224796e-11
2.294370e+03	5.956631e-11
2.308550e+03	5.684151e-11
2.325780e+03	5.406171e-11
2.346100e+03	5.130201e-11
2.378190e+03	4.778438e-11
2.418660e+03	4.494110e-11
2.457900e+03	4.402783e-11
2.495560e+03	4.318916e-11
2.535470e+03	4.235086e-11
2.578230e+03	4.154474e-11
2.628320e+03	4.075808e-11
2.688100e+03	3.987783e-11
2.761490e+03	3.887539e-11
2.844400e+03	3.783771e-11
2.970760e+03	3.643053e-11
3.133790e+03	3.486429e-11
3.424990e+03	3.258741e-11
3.752710e+03	3.055733e-11
4.295860e+03	2.798292e-11
4.968640e+03	2.560407e-11
5.762830e+03	2.347076e-11
7.360820e+03	2.041058e-11
8.974240e+03	1.821187e-11
1.159620e+04	1.564916e-11
1.539200e+04	1.309622e-11
2.113310e+04	1.052099e-11
2.667660e+04	8.808060e-12
3.607950e+04	6.802554e-12
4.700930e+04	5.256178e-12
6.808440e+04	3.436607e-12
