-1.000000e+02	1.366000e+16
-9.000000e+01	3.363004e+15
-8.000000e+01	1.940061e+15
-7.000000e+01	9.748360e+14
-6.000000e+01	4.190489e+14
-5.000000e+01	1.492215e+14
-4.000000e+01	1.557673e+14
-3.000000e+01	1.628729e+14
-2.000000e+01	1.693035e+14
-1.000000e+01	1.751488e+14
0.000000e+00	1.818585e+14
1.000000e+01	1.867358e+14
2.000000e+01	1.930139e+14
3.500000e+01	2.012881e+14
5.000000e+01	2.084864e+14
7.500000e+01	2.242233e+15
1.000000e+02	8.588026e+15
1.250000e+02	1.464623e+16
1.500000e+02	1.600510e+16
1.750000e+02	1.463063e+16
2.000000e+02	1.253841e+16
2.500000e+02	8.614639e+15
3.000000e+02	5.744180e+15
3.500000e+02	3.775735e+15
4.000000e+02	2.456659e+15
4.500000e+02	1.579709e+15
4.900000e+02	1.094318e+15
5.250000e+02	7.881344e+14
5.600000e+02	5.649464e+14
6.150000e+02	3.314799e+14
6.600000e+02	2.132312e+14
7.000000e+02	1.433339e+14
7.500000e+02	8.806611e+13
8.000000e+02	5.477187e+13
8.540000e+02	3.330458e+13
9.000000e+02	2.232919e+13
9.460000e+02	1.535724e+13
9.710000e+02	1.261980e+13
1.003000e+03	9.934965e+12
1.032000e+03	8.057050e+12
1.065000e+03	6.387220e+12
1.101000e+03	4.989165e+12
1.143000e+03	3.770224e+12
1.214000e+03	2.379138e+12
1.299000e+03	1.384579e+12
1.398000e+03	7.404194e+11
1.520000e+03	3.432612e+11
1.617000e+03	1.894140e+11
1.722000e+03	1.018397e+11
1.820000e+03	5.850417e+10
1.894000e+03	3.907379e+10
1.946000e+03	2.966115e+10
1.989000e+03	2.387630e+10
2.024000e+03	2.015939e+10
2.055000e+03	1.737176e+10
2.083000e+03	1.522704e+10
2.098000e+03	1.420215e+10
2.110000e+03	1.346152e+10
2.120000e+03	1.288249e+10
2.126000e+03	1.250293e+10
2.130000e+03	1.221642e+10
2.132000e+03	1.201981e+10
2.134000e+03	1.170889e+10
2.136000e+03	1.124560e+10
2.138000e+03	1.041046e+10
2.141930e+03	8.811620e+09
2.145160e+03	7.287708e+09
2.147050e+03	5.803444e+09
2.148650e+03	1.106018e+09
2.150120e+03	1.787639e+07
2.151160e+03	3.795686e+05
2.152030e+03	7.966777e+04
2.152870e+03	2.478721e+04
2.153480e+03	9.435726e+03
2.154070e+03	3.413052e+03
2.154730e+03	7.962795e+02
2.155500e+03	1.250876e+02
2.156160e+03	2.615259e+01
2.156820e+03	6.804468e+00
2.157570e+03	1.883612e+00
2.158210e+03	7.453499e-01
2.158840e+03	3.358467e-01
2.159420e+03	1.750901e-01
2.160010e+03	9.535909e-02
2.160630e+03	5.345058e-02
2.161260e+03	3.164363e-02
2.162290e+03	1.489735e-02
2.163290e+03	7.226944e-03
2.164560e+03	3.363132e-03
2.166030e+03	1.612425e-03
2.167690e+03	8.094311e-04
2.169990e+03	3.714561e-04
2.172320e+03	1.860857e-04
2.175280e+03	7.688999e-05
2.178740e+03	3.445148e-05
2.182440e+03	1.728535e-05
2.186080e+03	9.775162e-06
2.191460e+03	5.125999e-06
2.196520e+03	2.980232e-06
2.201920e+03	1.907349e-06
2.207660e+03	1.311302e-06
2.213740e+03	8.344650e-07
2.220040e+03	7.152557e-07
2.227740e+03	4.172325e-07
2.235290e+03	2.384186e-07
2.243320e+03	2.384186e-07
2.251640e+03	1.788139e-07
2.259430e+03	1.192093e-07
2.269690e+03	1.192093e-07
2.282380e+03	5.960464e-08
2.294370e+03	5.960464e-08
2.308550e+03	0.000000e+00
2.325780e+03	0.000000e+00
2.346100e+03	0.000000e+00
2.378190e+03	5.960464e-08
2.418660e+03	0.000000e+00
2.457900e+03	0.000000e+00
2.495560e+03	0.000000e+00
2.535470e+03	0.000000e+00
2.578230e+03	0.000000e+00
2.628320e+03	0.000000e+00
2.688100e+03	0.000000e+00
2.761490e+03	0.000000e+00
2.844400e+03	0.000000e+00
2.970760e+03	0.000000e+00
3.133790e+03	0.000000e+00
3.424990e+03	0.000000e+00
3.752710e+03	0.000000e+00
4.295860e+03	0.000000e+00
4.968640e+03	0.000000e+00
5.762830e+03	0.000000e+00
7.360820e+03	0.000000e+00
8.974240e+03	0.000000e+00
1.159620e+04	7.450581e-09
1.539200e+04	0.000000e+00
2.113310e+04	0.000000e+00
2.667660e+04	0.000000e+00
3.607950e+04	0.000000e+00
4.700930e+04	0.000000e+00
6.808440e+04	0.000000e+00
