-1.000000e+02	1.907612e+09
-9.000000e+01	5.495373e+08
-8.000000e+01	1.979367e+08
-7.000000e+01	4.871955e+07
-6.000000e+01	8.508532e+06
-5.000000e+01	1.587644e+06
-4.000000e+01	5.393733e+05
-3.000000e+01	1.671276e+05
-2.000000e+01	5.776303e+04
-1.000000e+01	2.013244e+04
0.000000e+00	8.030640e+03
1.000000e+01	3.189322e+03
2.000000e+01	1.339768e+03
3.500000e+01	3.824287e+02
5.000000e+01	1.308326e+02
7.500000e+01	2.045953e+02
1.000000e+02	8.191266e+01
1.250000e+02	2.577036e+01
1.500000e+02	7.802445e+00
1.750000e+02	3.181344e+00
2.000000e+02	1.461519e+00
2.500000e+02	4.354073e-01
3.000000e+02	1.242852e-01
3.500000e+02	3.231382e-02
4.000000e+02	7.395740e-03
4.500000e+02	1.685269e-03
4.900000e+02	7.939747e-04
5.250000e+02	5.298242e-04
5.600000e+02	4.370216e-04
6.150000e+02	6.661026e-04
6.600000e+02	1.729100e-03
7.000000e+02	8.060411e-03
7.500000e+02	6.179083e-02
8.000000e+02	6.358965e-01
8.540000e+02	9.928452e+00
9.000000e+02	7.072502e+01
9.460000e+02	3.246229e+02
9.710000e+02	6.806655e+02
1.003000e+03	1.294156e+03
1.032000e+03	1.972652e+03
1.065000e+03	2.871692e+03
1.101000e+03	3.901406e+03
1.143000e+03	4.791020e+03
1.214000e+03	5.041446e+03
1.299000e+03	4.377516e+03
1.398000e+03	3.341680e+03
1.520000e+03	2.093747e+03
1.617000e+03	1.373199e+03
1.722000e+03	1.007059e+03
1.820000e+03	8.070256e+02
1.894000e+03	7.288775e+02
1.946000e+03	6.743600e+02
1.989000e+03	6.803092e+02
2.024000e+03	7.161713e+02
2.055000e+03	7.317321e+02
2.083000e+03	7.450285e+02
2.098000e+03	7.554753e+02
2.110000e+03	7.825221e+02
2.120000e+03	8.440113e+02
2.126000e+03	9.447687e+02
2.130000e+03	1.082350e+03
2.132000e+03	1.257954e+03
2.134000e+03	1.733187e+03
2.136000e+03	2.970803e+03
2.138000e+03	8.545991e+03
2.141930e+03	1.267194e+05
2.145160e+03	3.153329e+06
2.147050e+03	1.862139e+08
2.148650e+03	3.797339e+09
2.150120e+03	4.065415e+09
2.151160e+03	3.573736e+09
2.152030e+03	3.151833e+09
2.152870e+03	2.773283e+09
2.153480e+03	2.409925e+09
2.154070e+03	1.730595e+09
2.154730e+03	7.445663e+08
2.155500e+03	1.994421e+08
2.156160e+03	6.363512e+07
2.156820e+03	2.327834e+07
2.157570e+03	8.804524e+06
2.158210e+03	4.353519e+06
2.158840e+03	2.370696e+06
2.159420e+03	1.440696e+06
2.160010e+03	9.122597e+05
2.160630e+03	5.903289e+05
2.161260e+03	3.975074e+05
2.162290e+03	2.254455e+05
2.163290e+03	1.338577e+05
2.164560e+03	7.673726e+04
2.166030e+03	4.475728e+04
2.167690e+03	2.690361e+04
2.169990e+03	1.507130e+04
2.172320e+03	9.087356e+03
2.175280e+03	4.924191e+03
2.178740e+03	2.790413e+03
2.182440e+03	1.702827e+03
2.186080e+03	1.138098e+03
2.191460e+03	6.980214e+02
2.196520e+03	4.788898e+02
2.201920e+03	3.403732e+02
2.207660e+03	2.513647e+02
2.213740e+03	1.899511e+02
2.220040e+03	1.482933e+02
2.227740e+03	1.138424e+02
2.235290e+03	8.792864e+01
2.243320e+03	6.629420e+01
2.251640e+03	5.184288e+01
2.259430e+03	4.224980e+01
2.269690e+03	3.350901e+01
2.282380e+03	2.618895e+01
2.294370e+03	2.142446e+01
2.308550e+03	1.738535e+01
2.325780e+03	1.400351e+01
2.346100e+03	1.124457e+01
2.378190e+03	8.447142e+00
2.418660e+03	4.832610e+00
2.457900e+03	3.215252e+00
2.495560e+03	2.390279e+00
2.535470e+03	1.860020e+00
2.578230e+03	1.496033e+00
2.628320e+03	1.217938e+00
2.688100e+03	9.947715e-01
2.761490e+03	8.105116e-01
2.844400e+03	6.697465e-01
2.970760e+03	5.305660e-01
3.133790e+03	4.200263e-01
3.424990e+03	3.095333e-01
3.752710e+03	2.414974e-01
4.295860e+03	1.802933e-01
4.968640e+03	1.396655e-01
5.762830e+03	1.118881e-01
7.360820e+03	8.568167e-02
8.974240e+03	7.093661e-02
1.159620e+04	5.625732e-02
1.539200e+04	4.373340e-02
2.113310e+04	3.277210e-02
2.667660e+04	2.624617e-02
3.607950e+04	1.926228e-02
4.700930e+04	1.430579e-02
6.808440e+04	8.906088e-03
