-1.000000e+02	6.245547e-15
-9.000000e+01	6.119329e-16
-8.000000e+01	4.511529e-17
-7.000000e+01	1.894955e-18
-6.000000e+01	5.622885e-20
-5.000000e+01	1.257646e-21
-4.000000e+01	2.339005e-23
-3.000000e+01	3.105476e-25
-2.000000e+01	6.177662e-27
-1.000000e+01	1.273148e-28
0.000000e+00	4.255041e-30
1.000000e+01	1.415387e-31
2.000000e+01	5.688904e-33
3.500000e+01	5.387455e-35
5.000000e+01	9.641262e-37
7.500000e+01	4.653800e-39
1.000000e+02	4.195415e-41
1.250000e+02	6.608914e-43
1.500000e+02	1.472026e-44
1.750000e+02	9.575512e-46
2.000000e+02	9.487928e-47
2.500000e+02	2.986822e-48
3.000000e+02	8.166368e-50
3.500000e+02	1.671585e-51
4.000000e+02	2.281284e-53
4.500000e+02	3.128925e-55
4.900000e+02	4.215100e-56
5.250000e+02	1.688789e-56
5.600000e+02	1.367988e-56
6.150000e+02	1.067689e-55
6.600000e+02	4.662727e-54
7.000000e+02	1.586085e-51
7.500000e+02	4.425863e-48
8.000000e+02	2.081175e-44
8.540000e+02	4.126410e-40
9.000000e+02	6.441271e-37
9.460000e+02	2.055199e-34
9.710000e+02	3.539332e-33
1.003000e+03	4.780369e-32
1.032000e+03	2.909451e-31
1.065000e+03	1.524282e-30
1.101000e+03	6.094714e-30
1.143000e+03	1.704735e-29
1.214000e+03	3.692762e-29
1.299000e+03	4.819238e-29
1.398000e+03	3.722929e-29
1.520000e+03	4.107426e-29
1.617000e+03	4.975787e-29
1.722000e+03	7.001267e-29
1.820000e+03	1.270280e-28
1.894000e+03	2.057653e-28
1.946000e+03	3.546932e-28
1.989000e+03	8.675761e-28
2.024000e+03	2.016491e-27
2.055000e+03	6.035645e-27
2.083000e+03	3.778983e-26
2.098000e+03	1.150917e-25
2.110000e+03	2.843548e-25
2.120000e+03	6.608931e-25
2.126000e+03	1.873167e-24
2.130000e+03	4.056313e-24
2.132000e+03	8.013058e-24
2.134000e+03	3.010050e-23
2.136000e+03	2.576560e-22
2.138000e+03	5.826758e-20
2.141930e+03	3.052404e-15
2.145160e+03	1.109928e-09
2.147050e+03	2.447794e-04
2.148650e+03	1.721467e+00
2.150120e+03	1.768663e+03
2.151160e+03	1.600580e+05
2.152030e+03	4.666088e+06
2.152870e+03	6.744242e+07
2.153480e+03	2.944312e+08
2.154070e+03	5.562457e+08
2.154730e+03	6.435858e+08
2.155500e+03	6.212551e+08
2.156160e+03	5.854196e+08
2.156820e+03	5.507079e+08
2.157570e+03	5.165907e+08
2.158210e+03	4.918512e+08
2.158840e+03	4.706087e+08
2.159420e+03	4.531552e+08
2.160010e+03	4.377688e+08
2.160630e+03	4.231390e+08
2.161260e+03	4.098558e+08
2.162290e+03	3.910759e+08
2.163290e+03	3.753472e+08
2.164560e+03	3.583635e+08
2.166030e+03	3.417212e+08
2.167690e+03	3.258676e+08
2.169990e+03	3.077073e+08
2.172320e+03	2.924962e+08
2.175280e+03	2.763739e+08
2.178740e+03	2.608873e+08
2.182440e+03	2.470955e+08
2.186080e+03	2.356642e+08
2.191460e+03	2.215977e+08
2.196520e+03	2.106436e+08
2.201920e+03	2.006574e+08
2.207660e+03	1.917321e+08
2.213740e+03	1.834978e+08
2.220040e+03	1.761685e+08
2.227740e+03	1.683684e+08
2.235290e+03	1.618304e+08
2.243320e+03	1.555795e+08
2.251640e+03	1.499781e+08
2.259430e+03	1.452240e+08
2.269690e+03	1.397391e+08
2.282380e+03	1.338263e+08
2.294370e+03	1.289372e+08
2.308550e+03	1.238135e+08
2.325780e+03	1.184576e+08
2.346100e+03	1.129981e+08
2.378190e+03	1.058538e+08
2.418660e+03	9.871495e+07
2.457900e+03	9.309177e+07
2.495560e+03	8.859646e+07
2.535470e+03	8.456178e+07
2.578230e+03	8.093427e+07
2.628320e+03	7.746874e+07
2.688100e+03	7.395886e+07
2.761490e+03	7.032027e+07
2.844400e+03	6.686638e+07
2.970760e+03	6.258036e+07
3.133790e+03	5.822948e+07
3.424990e+03	5.250690e+07
3.752710e+03	4.786476e+07
4.295860e+03	4.246213e+07
4.968640e+03	3.785016e+07
5.762830e+03	3.396590e+07
7.360820e+03	2.873865e+07
8.974240e+03	2.518750e+07
1.159620e+04	2.123187e+07
1.539200e+04	1.745748e+07
2.113310e+04	1.379308e+07
2.667660e+04	1.142552e+07
3.607950e+04	8.717016e+06
4.700930e+04	6.671934e+06
6.808440e+04	4.311403e+06
