-1.000000e+02	1.328976e+17
-9.000000e+01	6.919031e+16
-8.000000e+01	8.784371e+16
-7.000000e+01	1.032318e+17
-6.000000e+01	1.145933e+17
-5.000000e+01	1.222878e+17
-4.000000e+01	1.270224e+17
-3.000000e+01	1.299606e+17
-2.000000e+01	1.305457e+17
-1.000000e+01	1.296984e+17
0.000000e+00	1.272986e+17
1.000000e+01	1.241086e+17
2.000000e+01	1.202571e+17
3.500000e+01	1.137383e+17
5.000000e+01	1.063287e+17
7.500000e+01	9.301359e+16
1.000000e+02	8.007466e+16
1.250000e+02	6.806953e+16
1.500000e+02	5.730750e+16
1.750000e+02	4.765259e+16
2.000000e+02	3.935360e+16
2.500000e+02	2.639635e+16
3.000000e+02	1.749732e+16
3.500000e+02	1.148016e+16
4.000000e+02	7.464469e+15
4.500000e+02	4.798554e+15
4.900000e+02	3.323767e+15
5.250000e+02	2.393672e+15
5.600000e+02	1.715766e+15
6.150000e+02	1.006692e+15
6.600000e+02	6.475665e+14
7.000000e+02	4.352818e+14
7.500000e+02	2.674039e+14
8.000000e+02	1.662067e+14
8.540000e+02	1.007826e+14
9.000000e+02	6.711301e+13
9.460000e+02	4.549980e+13
9.710000e+02	3.689245e+13
1.003000e+03	2.847166e+13
1.032000e+03	2.261284e+13
1.065000e+03	1.744384e+13
1.101000e+03	1.319661e+13
1.143000e+03	9.621159e+12
1.214000e+03	5.753615e+12
1.299000e+03	3.169844e+12
1.398000e+03	1.648869e+12
1.520000e+03	7.015181e+11
1.617000e+03	3.521215e+11
1.722000e+03	1.615701e+11
1.820000e+03	7.194652e+10
1.894000e+03	3.772775e+10
1.946000e+03	2.231874e+10
1.989000e+03	1.215858e+10
2.024000e+03	6.901317e+09
2.055000e+03	3.529102e+09
2.083000e+03	1.288901e+09
2.098000e+03	7.021713e+08
2.110000e+03	4.306037e+08
2.120000e+03	2.865221e+08
2.126000e+03	1.890519e+08
2.130000e+03	1.498012e+08
2.132000e+03	1.288751e+08
2.134000e+03	1.015947e+08
2.136000e+03	7.181429e+07
2.138000e+03	2.056656e+07
2.141930e+03	3.006674e+06
2.145160e+03	4.463088e+05
2.147050e+03	4.194527e+04
2.148650e+03	5.406001e+03
2.150120e+03	1.050415e+03
2.151160e+03	4.100642e+02
2.152030e+03	2.162593e+02
2.152870e+03	1.435160e+02
2.153480e+03	9.859700e+01
2.154070e+03	7.274502e+01
2.154730e+03	5.637854e+01
2.155500e+03	4.525687e+01
2.156160e+03	3.892034e+01
2.156820e+03	3.423350e+01
2.157570e+03	3.030631e+01
2.158210e+03	2.641598e+01
2.158840e+03	2.263386e+01
2.159420e+03	2.007545e+01
2.160010e+03	1.813443e+01
2.160630e+03	1.650973e+01
2.161260e+03	1.519024e+01
2.162290e+03	1.353566e+01
2.163290e+03	1.230963e+01
2.164560e+03	1.112256e+01
2.166030e+03	1.007672e+01
2.167690e+03	9.173157e+00
2.169990e+03	6.753659e+00
2.172320e+03	5.145007e+00
2.175280e+03	4.015997e+00
2.178740e+03	3.248234e+00
2.182440e+03	2.728570e+00
2.186080e+03	2.379273e+00
2.191460e+03	2.023766e+00
2.196520e+03	1.790645e+00
2.201920e+03	1.604553e+00
2.207660e+03	1.455972e+00
2.213740e+03	1.331573e+00
2.220040e+03	1.229783e+00
2.227740e+03	1.129623e+00
2.235290e+03	1.051482e+00
2.243320e+03	9.812493e-01
2.251640e+03	9.217203e-01
2.259430e+03	8.735352e-01
2.269690e+03	8.204246e-01
2.282380e+03	7.659476e-01
2.294370e+03	7.229288e-01
2.308550e+03	6.796882e-01
2.325780e+03	6.363785e-01
2.346100e+03	5.940979e-01
2.378190e+03	5.414187e-01
2.418660e+03	4.948295e-01
2.457900e+03	4.666331e-01
2.495560e+03	4.440931e-01
2.535470e+03	4.238635e-01
2.578230e+03	4.056758e-01
2.628320e+03	3.883004e-01
2.688100e+03	3.707035e-01
2.761490e+03	3.524616e-01
2.844400e+03	3.351461e-01
2.970760e+03	3.136598e-01
3.133790e+03	2.918489e-01
3.424990e+03	2.631627e-01
3.752710e+03	2.398933e-01
4.295860e+03	2.128129e-01
4.968640e+03	1.896963e-01
5.762830e+03	1.702276e-01
7.360820e+03	1.440283e-01
8.974240e+03	1.262302e-01
1.159620e+04	1.064052e-01
1.539200e+04	8.748883e-02
2.113310e+04	6.912404e-02
2.667660e+04	5.725875e-02
3.607950e+04	4.368490e-02
4.700930e+04	3.343594e-02
6.808440e+04	2.160619e-02
