-1.000000e+02	3.702292e+15
-9.000000e+01	1.540985e+15
-8.000000e+01	8.519023e+14
-7.000000e+01	3.564206e+14
-6.000000e+01	1.124191e+14
-5.000000e+01	3.933256e+13
-4.000000e+01	2.608379e+13
-3.000000e+01	1.663397e+13
-2.000000e+01	1.103729e+13
-1.000000e+01	7.333002e+12
0.000000e+00	5.141364e+12
1.000000e+01	3.588722e+12
2.000000e+01	2.564979e+12
3.500000e+01	1.576467e+12
5.000000e+01	1.039343e+12
7.500000e+01	3.821429e+12
1.000000e+02	3.196715e+12
1.250000e+02	1.897310e+12
1.500000e+02	1.019914e+12
1.750000e+02	6.284744e+11
2.000000e+02	4.099641e+11
2.500000e+02	2.083443e+11
3.000000e+02	1.032280e+11
3.500000e+02	4.854678e+10
4.000000e+02	2.128312e+10
4.500000e+02	9.291593e+09
4.900000e+02	6.030975e+09
5.250000e+02	4.736701e+09
5.600000e+02	4.172318e+09
6.150000e+02	5.059663e+09
6.600000e+02	8.143606e+09
7.000000e+02	1.719638e+10
7.500000e+02	4.236096e+10
8.000000e+02	1.195530e+11
8.540000e+02	3.887055e+11
9.000000e+02	8.400161e+11
9.460000e+02	1.512489e+12
9.710000e+02	1.992761e+12
1.003000e+03	2.467512e+12
1.032000e+03	2.781278e+12
1.065000e+03	3.054072e+12
1.101000e+03	3.244622e+12
1.143000e+03	3.276839e+12
1.214000e+03	2.901256e+12
1.299000e+03	2.252027e+12
1.398000e+03	1.563671e+12
1.520000e+03	8.869023e+11
1.617000e+03	5.433455e+11
1.722000e+03	3.540871e+11
1.820000e+03	2.457849e+11
1.894000e+03	1.911182e+11
1.946000e+03	1.582461e+11
1.989000e+03	1.394793e+11
2.024000e+03	1.275274e+11
2.055000e+03	1.159435e+11
2.083000e+03	1.058266e+11
2.098000e+03	1.006809e+11
2.110000e+03	9.739222e+10
2.120000e+03	9.536778e+10
2.126000e+03	9.446090e+10
2.130000e+03	9.408366e+10
2.132000e+03	9.419297e+10
2.134000e+03	9.471050e+10
2.136000e+03	9.505926e+10
2.138000e+03	9.360826e+10
2.141930e+03	8.553041e+10
2.145160e+03	7.234404e+10
2.147050e+03	5.982886e+10
2.148650e+03	4.902992e+10
2.150120e+03	4.083270e+10
2.151160e+03	3.574158e+10
2.152030e+03	3.153369e+10
2.152870e+03	2.797373e+10
2.153480e+03	2.569240e+10
2.154070e+03	2.361060e+10
2.154730e+03	2.138856e+10
2.155500e+03	1.937428e+10
2.156160e+03	1.802118e+10
2.156820e+03	1.688355e+10
2.157570e+03	1.581270e+10
2.158210e+03	1.504727e+10
2.158840e+03	1.439370e+10
2.159420e+03	1.385829e+10
2.160010e+03	1.338695e+10
2.160630e+03	1.293913e+10
2.161260e+03	1.253271e+10
2.162290e+03	1.195828e+10
2.163290e+03	1.147728e+10
2.164560e+03	1.095794e+10
2.166030e+03	1.044906e+10
2.167690e+03	9.964300e+09
2.169990e+03	9.408956e+09
2.172320e+03	8.943817e+09
2.175280e+03	8.450841e+09
2.178740e+03	7.977308e+09
2.182440e+03	7.555599e+09
2.186080e+03	7.206068e+09
2.191460e+03	6.775959e+09
2.196520e+03	6.441016e+09
2.201920e+03	6.135666e+09
2.207660e+03	5.862758e+09
2.213740e+03	5.610975e+09
2.220040e+03	5.386862e+09
2.227740e+03	5.148355e+09
2.235290e+03	4.948439e+09
2.243320e+03	4.757304e+09
2.251640e+03	4.586027e+09
2.259430e+03	4.440659e+09
2.269690e+03	4.272942e+09
2.282380e+03	4.092143e+09
2.294370e+03	3.942643e+09
2.308550e+03	3.785973e+09
2.325780e+03	3.622199e+09
2.346100e+03	3.455261e+09
2.378190e+03	3.236801e+09
2.418660e+03	3.018512e+09
2.457900e+03	2.846566e+09
2.495560e+03	2.709109e+09
2.535470e+03	2.585737e+09
2.578230e+03	2.474814e+09
2.628320e+03	2.368845e+09
2.688100e+03	2.261520e+09
2.761490e+03	2.150259e+09
2.844400e+03	2.044646e+09
2.970760e+03	1.913587e+09
3.133790e+03	1.780546e+09
3.424990e+03	1.605560e+09
3.752710e+03	1.463612e+09
4.295860e+03	1.298410e+09
4.968640e+03	1.157385e+09
5.762830e+03	1.038612e+09
7.360820e+03	8.787725e+08
8.974240e+03	7.701851e+08
1.159620e+04	6.492297e+08
1.539200e+04	5.338159e+08
2.113310e+04	4.217657e+08
2.667660e+04	3.493704e+08
3.607950e+04	2.665495e+08
4.700930e+04	2.040149e+08
6.808440e+04	1.318344e+08
