-1.000000e+02	6.664459e+06
-9.000000e+01	6.863906e+05
-8.000000e+01	2.888411e+05
-7.000000e+01	1.129555e+05
-6.000000e+01	4.092279e+04
-5.000000e+01	8.730558e+03
-4.000000e+01	8.304029e+03
-3.000000e+01	7.834474e+03
-2.000000e+01	7.405626e+03
-1.000000e+01	6.948878e+03
0.000000e+00	6.653108e+03
1.000000e+01	6.252641e+03
2.000000e+01	5.973235e+03
3.500000e+01	5.536541e+03
5.000000e+01	5.179928e+03
7.500000e+01	7.921192e+04
1.000000e+02	7.457348e+05
1.250000e+02	2.138108e+06
1.500000e+02	2.925017e+06
1.750000e+02	2.798767e+06
2.000000e+02	2.343638e+06
2.500000e+02	1.386724e+06
3.000000e+02	7.811384e+05
3.500000e+02	4.350757e+05
4.000000e+02	2.426676e+05
4.500000e+02	1.327344e+05
4.900000e+02	7.487069e+04
5.250000e+02	4.309098e+04
5.600000e+02	2.377995e+04
6.150000e+02	8.188807e+03
6.600000e+02	3.152151e+03
7.000000e+02	1.316428e+03
7.500000e+02	5.261430e+02
8.000000e+02	2.149498e+02
8.540000e+02	9.180006e+01
9.000000e+02	5.203237e+01
9.460000e+02	2.978680e+01
9.710000e+02	2.235215e+01
1.003000e+03	1.579878e+01
1.032000e+03	1.167758e+01
1.065000e+03	8.265827e+00
1.101000e+03	5.649389e+00
1.143000e+03	3.606841e+00
1.214000e+03	1.746198e+00
1.299000e+03	7.673463e-01
1.398000e+03	3.066688e-01
1.520000e+03	1.128043e-01
1.617000e+03	5.525031e-02
1.722000e+03	2.297187e-02
1.820000e+03	9.924312e-03
1.894000e+03	5.114101e-03
1.946000e+03	3.305479e-03
1.989000e+03	2.203137e-03
2.024000e+03	1.539906e-03
2.055000e+03	1.155072e-03
2.083000e+03	9.090412e-04
2.098000e+03	8.047736e-04
2.110000e+03	7.202993e-04
2.120000e+03	6.511355e-04
2.126000e+03	6.142281e-04
2.130000e+03	5.913279e-04
2.132000e+03	5.800119e-04
2.134000e+03	5.681916e-04
2.136000e+03	5.555703e-04
2.138000e+03	5.427884e-04
2.141930e+03	4.599586e-04
2.145160e+03	5.541741e-04
2.147050e+03	4.907811e-04
2.148650e+03	1.375969e-04
2.150120e+03	3.122877e-05
2.151160e+03	4.674879e-06
2.152030e+03	4.389032e-06
2.152870e+03	4.978009e-06
2.153480e+03	4.540501e-06
2.154070e+03	4.204732e-06
2.154730e+03	4.143810e-06
2.155500e+03	4.353249e-06
2.156160e+03	4.326603e-06
2.156820e+03	4.397983e-06
2.157570e+03	4.540192e-06
2.158210e+03	4.644441e-06
2.158840e+03	4.743270e-06
2.159420e+03	4.827590e-06
2.160010e+03	4.824940e-06
2.160630e+03	4.812525e-06
2.161260e+03	4.807179e-06
2.162290e+03	4.777520e-06
2.163290e+03	4.525577e-06
2.164560e+03	4.304734e-06
2.166030e+03	4.124530e-06
2.167690e+03	3.976684e-06
2.169990e+03	3.828007e-06
2.172320e+03	3.632712e-06
2.175280e+03	3.179104e-06
2.178740e+03	2.849464e-06
2.182440e+03	2.612854e-06
2.186080e+03	2.445149e-06
2.191460e+03	2.263863e-06
2.196520e+03	2.137049e-06
2.201920e+03	2.029738e-06
2.207660e+03	1.938663e-06
2.213740e+03	1.858548e-06
2.220040e+03	1.788780e-06
2.227740e+03	1.716670e-06
2.235290e+03	1.593932e-06
2.243320e+03	1.432056e-06
2.251640e+03	1.309180e-06
2.259430e+03	1.217769e-06
2.269690e+03	1.123947e-06
2.282380e+03	1.034331e-06
2.294370e+03	9.673959e-07
2.308550e+03	9.032068e-07
2.325780e+03	8.414245e-07
2.346100e+03	7.832708e-07
2.378190e+03	7.132369e-07
2.418660e+03	4.935135e-07
2.457900e+03	3.810031e-07
2.495560e+03	3.187429e-07
2.535470e+03	2.755975e-07
2.578230e+03	2.440224e-07
2.628320e+03	2.187135e-07
2.688100e+03	1.965807e-07
2.761490e+03	1.765713e-07
2.844400e+03	1.597962e-07
2.970760e+03	1.413916e-07
3.133790e+03	1.249107e-07
3.424990e+03	1.058951e-07
3.752710e+03	9.224351e-08
4.295860e+03	7.794878e-08
4.968640e+03	6.686514e-08
5.762830e+03	5.820407e-08
7.360820e+03	4.960246e-08
8.974240e+03	4.403918e-08
1.159620e+04	3.764083e-08
1.539200e+04	3.134613e-08
2.113310e+04	2.506596e-08
2.667660e+04	2.092313e-08
3.607950e+04	1.610442e-08
4.700930e+04	1.241079e-08
6.808440e+04	8.088039e-09
