-1.000000e+02	3.732433e+15
-9.000000e+01	2.098902e+15
-8.000000e+01	1.768445e+15
-7.000000e+01	1.357782e+15
-6.000000e+01	9.775149e+14
-5.000000e+01	6.707033e+14
-4.000000e+01	4.468810e+14
-3.000000e+01	2.870581e+14
-2.000000e+01	1.923088e+14
-1.000000e+01	1.300573e+14
0.000000e+00	9.283853e+13
1.000000e+01	6.695078e+13
2.000000e+01	4.972963e+13
3.500000e+01	3.314221e+13
5.000000e+01	2.382025e+13
7.500000e+01	1.563634e+13
1.000000e+02	1.104199e+13
1.250000e+02	8.218380e+12
1.500000e+02	6.316993e+12
1.750000e+02	5.023211e+12
2.000000e+02	4.034168e+12
2.500000e+02	2.648111e+12
3.000000e+02	1.721498e+12
3.500000e+02	1.108413e+12
4.000000e+02	7.066166e+11
4.500000e+02	4.475244e+11
4.900000e+02	3.125883e+11
5.250000e+02	2.289402e+11
5.600000e+02	1.679702e+11
6.150000e+02	1.046654e+11
6.600000e+02	7.431131e+10
7.000000e+02	6.489511e+10
7.500000e+02	8.347537e+10
8.000000e+02	1.552731e+11
8.540000e+02	3.737226e+11
9.000000e+02	7.018094e+11
9.460000e+02	1.129718e+12
9.710000e+02	1.416729e+12
1.003000e+03	1.679534e+12
1.032000e+03	1.833965e+12
1.065000e+03	1.931176e+12
1.101000e+03	1.931446e+12
1.143000e+03	1.806089e+12
1.214000e+03	1.459627e+12
1.299000e+03	1.033080e+12
1.398000e+03	5.950461e+11
1.520000e+03	3.544487e+11
1.617000e+03	2.434582e+11
1.722000e+03	1.666958e+11
1.820000e+03	1.222610e+11
1.894000e+03	9.388108e+10
1.946000e+03	7.918481e+10
1.989000e+03	7.106531e+10
2.024000e+03	6.398968e+10
2.055000e+03	5.824524e+10
2.083000e+03	5.354248e+10
2.098000e+03	5.056805e+10
2.110000e+03	4.811984e+10
2.120000e+03	4.609794e+10
2.126000e+03	4.488692e+10
2.130000e+03	4.398414e+10
2.132000e+03	4.343547e+10
2.134000e+03	4.268380e+10
2.136000e+03	4.166064e+10
2.138000e+03	4.009660e+10
2.141930e+03	3.633458e+10
2.145160e+03	3.164293e+10
2.147050e+03	2.648320e+10
2.148650e+03	2.080215e+10
2.150120e+03	1.593569e+10
2.151160e+03	1.318936e+10
2.152030e+03	1.147014e+10
2.152870e+03	1.015352e+10
2.153480e+03	9.463311e+09
2.154070e+03	8.920469e+09
2.154730e+03	8.271018e+09
2.155500e+03	7.577579e+09
2.156160e+03	7.068505e+09
2.156820e+03	6.628054e+09
2.157570e+03	6.209595e+09
2.158210e+03	5.909609e+09
2.158840e+03	5.653195e+09
2.159420e+03	5.443014e+09
2.160010e+03	5.257928e+09
2.160630e+03	5.082051e+09
2.161260e+03	4.922420e+09
2.162290e+03	4.696788e+09
2.163290e+03	4.507848e+09
2.164560e+03	4.303851e+09
2.166030e+03	4.103966e+09
2.167690e+03	3.913559e+09
2.169990e+03	3.695452e+09
2.172320e+03	3.512770e+09
2.175280e+03	3.319145e+09
2.178740e+03	3.133156e+09
2.182440e+03	2.967521e+09
2.186080e+03	2.830236e+09
2.191460e+03	2.661302e+09
2.196520e+03	2.529748e+09
2.201920e+03	2.409817e+09
2.207660e+03	2.302628e+09
2.213740e+03	2.203737e+09
2.220040e+03	2.115714e+09
2.227740e+03	2.022039e+09
2.235290e+03	1.943520e+09
2.243320e+03	1.868449e+09
2.251640e+03	1.801179e+09
2.259430e+03	1.744084e+09
2.269690e+03	1.678212e+09
2.282380e+03	1.607202e+09
2.294370e+03	1.548485e+09
2.308550e+03	1.486952e+09
2.325780e+03	1.422629e+09
2.346100e+03	1.357064e+09
2.378190e+03	1.271262e+09
2.418660e+03	1.185528e+09
2.457900e+03	1.117996e+09
2.495560e+03	1.064009e+09
2.535470e+03	1.015554e+09
2.578230e+03	9.719890e+08
2.628320e+03	9.303694e+08
2.688100e+03	8.882170e+08
2.761490e+03	8.445190e+08
2.844400e+03	8.030392e+08
2.970760e+03	7.515657e+08
3.133790e+03	6.993134e+08
3.424990e+03	6.305874e+08
3.752710e+03	5.748370e+08
4.295860e+03	5.099536e+08
4.968640e+03	4.545657e+08
5.762830e+03	4.079172e+08
7.360820e+03	3.451400e+08
8.974240e+03	3.024920e+08
1.159620e+04	2.549865e+08
1.539200e+04	2.096575e+08
2.113310e+04	1.656495e+08
2.667660e+04	1.372161e+08
3.607950e+04	1.046880e+08
4.700930e+04	8.012733e+07
6.808440e+04	5.177827e+07
