-1.000000e+02	9.449836e+12
-9.000000e+01	2.326478e+12
-8.000000e+01	1.342114e+12
-7.000000e+01	6.743859e+11
-6.000000e+01	2.898969e+11
-5.000000e+01	1.032312e+11
-4.000000e+01	1.077597e+11
-3.000000e+01	1.126754e+11
-2.000000e+01	1.171241e+11
-1.000000e+01	1.211680e+11
0.000000e+00	1.258097e+11
1.000000e+01	1.291838e+11
2.000000e+01	1.335270e+11
3.500000e+01	1.392511e+11
5.000000e+01	1.442309e+11
7.500000e+01	1.551177e+12
1.000000e+02	5.941196e+12
1.250000e+02	1.013226e+13
1.500000e+02	1.107233e+13
1.750000e+02	1.012147e+13
2.000000e+02	8.674070e+12
2.500000e+02	5.959607e+12
3.000000e+02	3.973824e+12
3.500000e+02	2.612054e+12
4.000000e+02	1.699516e+12
4.500000e+02	1.092843e+12
4.900000e+02	7.570491e+11
5.250000e+02	5.452314e+11
5.600000e+02	3.908299e+11
6.150000e+02	2.293178e+11
6.600000e+02	1.475133e+11
7.000000e+02	9.915839e+10
7.500000e+02	6.092413e+10
8.000000e+02	3.789118e+10
8.540000e+02	2.304011e+10
9.000000e+02	1.544734e+10
9.460000e+02	1.062414e+10
9.710000e+02	8.730375e+09
1.003000e+03	6.873008e+09
1.032000e+03	5.573866e+09
1.065000e+03	4.418678e+09
1.101000e+03	3.451503e+09
1.143000e+03	2.608239e+09
1.214000e+03	1.645886e+09
1.299000e+03	9.578502e+08
1.398000e+03	5.122209e+08
1.520000e+03	2.374673e+08
1.617000e+03	1.310361e+08
1.722000e+03	7.045230e+07
1.820000e+03	4.047288e+07
1.894000e+03	2.703098e+07
1.946000e+03	2.051933e+07
1.989000e+03	1.651737e+07
2.024000e+03	1.394601e+07
2.055000e+03	1.201752e+07
2.083000e+03	1.053380e+07
2.098000e+03	9.824779e+06
2.110000e+03	9.312401e+06
2.120000e+03	8.911811e+06
2.126000e+03	8.649196e+06
2.130000e+03	8.450951e+06
2.132000e+03	8.314888e+06
2.134000e+03	8.099666e+06
2.136000e+03	7.778854e+06
2.138000e+03	7.199900e+06
2.141930e+03	6.076124e+06
2.145160e+03	4.777599e+06
2.147050e+03	1.319105e+06
2.148650e+03	2.522631e+04
2.150120e+03	4.931414e+02
2.151160e+03	1.398789e+01
2.152030e+03	3.677102e+00
2.152870e+03	1.398792e+00
2.153480e+03	6.363289e-01
2.154070e+03	3.268497e-01
2.154730e+03	1.782412e-01
2.155500e+03	1.048872e-01
2.156160e+03	6.879615e-02
2.156820e+03	4.884143e-02
2.157570e+03	3.560068e-02
2.158210e+03	2.833847e-02
2.158840e+03	2.330475e-02
2.159420e+03	1.986161e-02
2.160010e+03	1.696601e-02
2.160630e+03	1.458239e-02
2.161260e+03	1.271883e-02
2.162290e+03	1.042293e-02
2.163290e+03	8.408290e-03
2.164560e+03	6.720048e-03
2.166030e+03	5.428593e-03
2.167690e+03	4.449260e-03
2.169990e+03	3.555583e-03
2.172320e+03	2.887043e-03
2.175280e+03	2.142689e-03
2.178740e+03	1.640446e-03
2.182440e+03	1.307724e-03
2.186080e+03	1.090064e-03
2.191460e+03	8.760106e-04
2.196520e+03	7.410141e-04
2.201920e+03	6.370418e-04
2.207660e+03	5.569617e-04
2.213740e+03	4.920083e-04
2.220040e+03	4.406612e-04
2.227740e+03	3.916571e-04
2.235290e+03	3.413511e-04
2.243320e+03	2.887449e-04
2.251640e+03	2.501706e-04
2.259430e+03	2.223611e-04
2.269690e+03	1.948065e-04
2.282380e+03	1.694820e-04
2.294370e+03	1.513827e-04
2.308550e+03	1.346852e-04
2.325780e+03	1.193520e-04
2.346100e+03	1.055987e-04
2.378190e+03	9.000281e-05
2.418660e+03	5.833473e-05
2.457900e+03	4.279075e-05
2.495560e+03	3.437424e-05
2.535470e+03	2.866387e-05
2.578230e+03	2.455516e-05
2.628320e+03	2.129274e-05
2.688100e+03	1.851856e-05
2.761490e+03	1.608531e-05
2.844400e+03	1.410907e-05
2.970760e+03	1.201834e-05
3.133790e+03	1.022451e-05
3.424990e+03	8.260409e-06
3.752710e+03	6.928036e-06
4.295860e+03	5.610302e-06
4.968640e+03	4.646790e-06
5.762830e+03	3.931069e-06
7.360820e+03	3.229194e-06
8.974240e+03	2.798944e-06
1.159620e+04	2.331515e-06
1.539200e+04	1.896209e-06
2.113310e+04	1.482822e-06
2.667660e+04	1.220251e-06
3.607950e+04	9.239739e-07
4.700930e+04	7.030685e-07
6.808440e+04	4.510348e-07
