-1.000000e+02	9.308111e+12
-9.000000e+01	4.848334e+12
-8.000000e+01	6.181886e+12
-7.000000e+01	7.284769e+12
-6.000000e+01	8.099480e+12
-5.000000e+01	8.650968e+12
-4.000000e+01	8.989940e+12
-3.000000e+01	9.199849e+12
-2.000000e+01	9.241953e+12
-1.000000e+01	9.182160e+12
0.000000e+00	9.012255e+12
1.000000e+01	8.786331e+12
2.000000e+01	8.513567e+12
3.500000e+01	8.051934e+12
5.000000e+01	7.527289e+12
7.500000e+01	6.584589e+12
1.000000e+02	5.668572e+12
1.250000e+02	4.818690e+12
1.500000e+02	4.056826e+12
1.750000e+02	3.373345e+12
2.000000e+02	2.785853e+12
2.500000e+02	1.868604e+12
3.000000e+02	1.238638e+12
3.500000e+02	8.126822e+11
4.000000e+02	5.284105e+11
4.500000e+02	3.396900e+11
4.900000e+02	2.352897e+11
5.250000e+02	1.694482e+11
5.600000e+02	1.214592e+11
6.150000e+02	7.126390e+10
6.600000e+02	4.584155e+10
7.000000e+02	3.081431e+10
7.500000e+02	1.893140e+10
8.000000e+02	1.177007e+10
8.540000e+02	7.144169e+09
9.000000e+02	4.766733e+09
9.460000e+02	3.242196e+09
9.710000e+02	2.635345e+09
1.003000e+03	2.040190e+09
1.032000e+03	1.624917e+09
1.065000e+03	1.257427e+09
1.101000e+03	9.542259e+08
1.143000e+03	6.978944e+08
1.214000e+03	4.194299e+08
1.299000e+03	2.322908e+08
1.398000e+03	1.210835e+08
1.520000e+03	5.198247e+07
1.617000e+03	2.633689e+07
1.722000e+03	1.223865e+07
1.820000e+03	5.535761e+06
1.894000e+03	2.932991e+06
1.946000e+03	1.748955e+06
1.989000e+03	9.611676e+05
2.024000e+03	5.485242e+05
2.055000e+03	2.816613e+05
2.083000e+03	1.031458e+05
2.098000e+03	5.618650e+04
2.110000e+03	3.442930e+04
2.120000e+03	2.285226e+04
2.126000e+03	1.500407e+04
2.130000e+03	1.181237e+04
2.132000e+03	1.008751e+04
2.134000e+03	7.826188e+03
2.136000e+03	5.384001e+03
2.138000e+03	1.460718e+03
2.141930e+03	1.873874e+02
2.145160e+03	2.340941e+01
2.147050e+03	1.801462e+00
2.148650e+03	1.969977e-01
2.150120e+03	3.354424e-02
2.151160e+03	1.197639e-02
2.152030e+03	5.898925e-03
2.152870e+03	3.691740e-03
2.153480e+03	2.443303e-03
2.154070e+03	1.746534e-03
2.154730e+03	1.311270e-03
2.155500e+03	1.020357e-03
2.156160e+03	8.581351e-04
2.156820e+03	7.403939e-04
2.157570e+03	6.433259e-04
2.158210e+03	5.532441e-04
2.158840e+03	4.685532e-04
2.159420e+03	4.116498e-04
2.160010e+03	3.687278e-04
2.160630e+03	3.330218e-04
2.161260e+03	3.041836e-04
2.162290e+03	2.682588e-04
2.163290e+03	2.418662e-04
2.164560e+03	2.165093e-04
2.166030e+03	1.943626e-04
2.167690e+03	1.753983e-04
2.169990e+03	1.278518e-04
2.172320e+03	9.658706e-05
2.175280e+03	7.472822e-05
2.178740e+03	5.993273e-05
2.182440e+03	4.996755e-05
2.186080e+03	4.330120e-05
2.191460e+03	3.655234e-05
2.196520e+03	3.215193e-05
2.201920e+03	2.865682e-05
2.207660e+03	2.588009e-05
2.213740e+03	2.356520e-05
2.220040e+03	2.167987e-05
2.227740e+03	1.983230e-05
2.235290e+03	1.839778e-05
2.243320e+03	1.711346e-05
2.251640e+03	1.602898e-05
2.259430e+03	1.515402e-05
2.269690e+03	1.419288e-05
2.282380e+03	1.321058e-05
2.294370e+03	1.243784e-05
2.308550e+03	1.166368e-05
2.325780e+03	1.089119e-05
2.346100e+03	1.013991e-05
2.378190e+03	9.208030e-06
2.418660e+03	8.386181e-06
2.457900e+03	7.886658e-06
2.495560e+03	7.489369e-06
2.535470e+03	7.134309e-06
2.578230e+03	6.816081e-06
2.628320e+03	6.512593e-06
2.688100e+03	6.206472e-06
2.761490e+03	5.890455e-06
2.844400e+03	5.591675e-06
2.970760e+03	5.222530e-06
3.133790e+03	4.849542e-06
3.424990e+03	4.361580e-06
3.752710e+03	3.967842e-06
4.295860e+03	3.511897e-06
4.968640e+03	3.124540e-06
5.762830e+03	2.799570e-06
7.360820e+03	2.364024e-06
8.974240e+03	2.069224e-06
1.159620e+04	1.741835e-06
1.539200e+04	1.430360e-06
2.113310e+04	1.128759e-06
2.667660e+04	9.342912e-07
3.607950e+04	7.121807e-07
4.700930e+04	5.447228e-07
6.808440e+04	3.517016e-07
