-1.000000e+02	3.618032e+11
-9.000000e+01	2.572760e+10
-8.000000e+01	4.443239e+10
-7.000000e+01	5.549739e+10
-6.000000e+01	5.000494e+10
-5.000000e+01	3.761769e+10
-4.000000e+01	2.633491e+10
-3.000000e+01	1.726685e+10
-2.000000e+01	1.145472e+10
-1.000000e+01	7.408996e+09
0.000000e+00	4.972821e+09
1.000000e+01	3.285678e+09
2.000000e+01	2.194989e+09
3.500000e+01	1.197054e+09
5.000000e+01	6.880390e+08
7.500000e+01	3.092995e+08
1.000000e+02	1.428552e+08
1.250000e+02	6.909507e+07
1.500000e+02	3.444838e+07
1.750000e+02	2.044634e+07
2.000000e+02	1.297322e+07
2.500000e+02	6.338494e+06
3.000000e+02	3.003967e+06
3.500000e+02	1.337385e+06
4.000000e+02	5.533695e+05
4.500000e+02	2.278758e+05
4.900000e+02	1.440579e+05
5.250000e+02	1.120420e+05
5.600000e+02	9.847077e+04
6.150000e+02	1.239518e+05
6.600000e+02	2.126260e+05
7.000000e+02	5.342847e+05
7.500000e+02	1.723996e+06
8.000000e+02	4.937257e+06
8.540000e+02	1.589420e+07
9.000000e+02	3.475264e+07
9.460000e+02	6.109118e+07
9.710000e+02	8.089157e+07
1.003000e+03	1.014146e+08
1.032000e+03	1.151696e+08
1.065000e+03	1.255944e+08
1.101000e+03	1.305875e+08
1.143000e+03	1.255256e+08
1.214000e+03	1.045122e+08
1.299000e+03	7.553733e+07
1.398000e+03	4.569089e+07
1.520000e+03	2.634384e+07
1.617000e+03	1.803944e+07
1.722000e+03	1.259452e+07
1.820000e+03	9.085539e+06
1.894000e+03	7.274737e+06
1.946000e+03	6.154043e+06
1.989000e+03	5.413468e+06
2.024000e+03	5.003578e+06
2.055000e+03	4.598651e+06
2.083000e+03	4.268449e+06
2.098000e+03	4.080121e+06
2.110000e+03	4.004124e+06
2.120000e+03	3.871755e+06
2.126000e+03	3.779035e+06
2.130000e+03	3.711121e+06
2.132000e+03	3.669829e+06
2.134000e+03	3.628838e+06
2.136000e+03	3.566100e+06
2.138000e+03	3.430265e+06
2.141930e+03	3.105687e+06
2.145160e+03	2.693228e+06
2.147050e+03	2.083251e+06
2.148650e+03	1.635957e+06
2.150120e+03	1.258442e+06
2.151160e+03	1.043371e+06
2.152030e+03	9.065026e+05
2.152870e+03	7.990963e+05
2.153480e+03	7.283182e+05
2.154070e+03	6.648368e+05
2.154730e+03	6.048404e+05
2.155500e+03	5.511748e+05
2.156160e+03	5.136214e+05
2.156820e+03	4.814660e+05
2.157570e+03	4.510150e+05
2.158210e+03	4.292052e+05
2.158840e+03	4.105704e+05
2.159420e+03	3.953005e+05
2.160010e+03	3.818560e+05
2.160630e+03	3.690817e+05
2.161260e+03	3.574879e+05
2.162290e+03	3.411031e+05
2.163290e+03	3.273823e+05
2.164560e+03	3.125677e+05
2.166030e+03	2.980515e+05
2.167690e+03	2.842235e+05
2.169990e+03	2.683821e+05
2.172320e+03	2.551139e+05
2.175280e+03	2.410516e+05
2.178740e+03	2.275441e+05
2.182440e+03	2.155157e+05
2.186080e+03	2.055458e+05
2.191460e+03	1.932775e+05
2.196520e+03	1.837235e+05
2.201920e+03	1.750136e+05
2.207660e+03	1.672291e+05
2.213740e+03	1.600472e+05
2.220040e+03	1.536545e+05
2.227740e+03	1.468513e+05
2.235290e+03	1.411489e+05
2.243320e+03	1.356969e+05
2.251640e+03	1.308113e+05
2.259430e+03	1.266648e+05
2.269690e+03	1.218808e+05
2.282380e+03	1.167237e+05
2.294370e+03	1.124594e+05
2.308550e+03	1.079905e+05
2.325780e+03	1.033190e+05
2.346100e+03	9.855728e+04
2.378190e+03	9.232594e+04
2.418660e+03	8.609944e+04
2.457900e+03	8.119489e+04
2.495560e+03	7.727407e+04
2.535470e+03	7.375501e+04
2.578230e+03	7.059108e+04
2.628320e+03	6.756844e+04
2.688100e+03	6.450710e+04
2.761490e+03	6.133352e+04
2.844400e+03	5.832103e+04
2.970760e+03	5.458274e+04
3.133790e+03	5.078790e+04
3.424990e+03	4.579665e+04
3.752710e+03	4.174776e+04
4.295860e+03	3.703557e+04
4.968640e+03	3.301300e+04
5.762830e+03	2.962514e+04
7.360820e+03	2.506592e+04
8.974240e+03	2.196860e+04
1.159620e+04	1.851849e+04
1.539200e+04	1.522645e+04
2.113310e+04	1.203036e+04
2.667660e+04	9.965368e+03
3.607950e+04	7.603003e+03
4.700930e+04	5.819277e+03
6.808440e+04	3.760417e+03
