-1.000000e+02	1.543848e+12
-9.000000e+01	1.155102e+11
-8.000000e+01	2.043797e+11
-7.000000e+01	2.641636e+11
-6.000000e+01	2.483896e+11
-5.000000e+01	1.964212e+11
-4.000000e+01	1.451574e+11
-3.000000e+01	1.010055e+11
-2.000000e+01	7.073537e+10
-1.000000e+01	4.827965e+10
0.000000e+00	3.396751e+10
1.000000e+01	2.352680e+10
2.000000e+01	1.643164e+10
3.500000e+01	9.555259e+09
5.000000e+01	5.802254e+09
7.500000e+01	2.801894e+09
1.000000e+02	1.376479e+09
1.250000e+02	7.021176e+08
1.500000e+02	3.672941e+08
1.750000e+02	2.256743e+08
2.000000e+02	1.474577e+08
2.500000e+02	7.534125e+07
3.000000e+02	3.739391e+07
3.500000e+02	1.749527e+07
4.000000e+02	7.644027e+06
4.500000e+02	3.323956e+06
4.900000e+02	2.158487e+06
5.250000e+02	1.701845e+06
5.600000e+02	1.503960e+06
6.150000e+02	1.857226e+06
6.600000e+02	3.060842e+06
7.000000e+02	7.197604e+06
7.500000e+02	2.111719e+07
8.000000e+02	5.425724e+07
8.540000e+02	1.530706e+08
9.000000e+02	3.025815e+08
9.460000e+02	4.912371e+08
9.710000e+02	6.252272e+08
1.003000e+03	7.558067e+08
1.032000e+03	8.367867e+08
1.065000e+03	8.915350e+08
1.101000e+03	9.089408e+08
1.143000e+03	8.608894e+08
1.214000e+03	7.081748e+08
1.299000e+03	5.084732e+08
1.398000e+03	3.064384e+08
1.520000e+03	1.758113e+08
1.617000e+03	1.198499e+08
1.722000e+03	8.321574e+07
1.820000e+03	5.971764e+07
1.894000e+03	4.760078e+07
1.946000e+03	4.015060e+07
1.989000e+03	3.523042e+07
2.024000e+03	3.248531e+07
2.055000e+03	2.980585e+07
2.083000e+03	2.762592e+07
2.098000e+03	2.639079e+07
2.110000e+03	2.588047e+07
2.120000e+03	2.501703e+07
2.126000e+03	2.441247e+07
2.130000e+03	2.396918e+07
2.132000e+03	2.369857e+07
2.134000e+03	2.342821e+07
2.136000e+03	2.301965e+07
2.138000e+03	2.214204e+07
2.141930e+03	2.005154e+07
2.145160e+03	1.739034e+07
2.147050e+03	1.345180e+07
2.148650e+03	1.056358e+07
2.150120e+03	8.125917e+06
2.151160e+03	6.737176e+06
2.152030e+03	5.853402e+06
2.152870e+03	5.159866e+06
2.153480e+03	4.702843e+06
2.154070e+03	4.292936e+06
2.154730e+03	3.905531e+06
2.155500e+03	3.559005e+06
2.156160e+03	3.316519e+06
2.156820e+03	3.108887e+06
2.157570e+03	2.912261e+06
2.158210e+03	2.771432e+06
2.158840e+03	2.651105e+06
2.159420e+03	2.552505e+06
2.160010e+03	2.465693e+06
2.160630e+03	2.383207e+06
2.161260e+03	2.308345e+06
2.162290e+03	2.202546e+06
2.163290e+03	2.113949e+06
2.164560e+03	2.018289e+06
2.166030e+03	1.924556e+06
2.167690e+03	1.835267e+06
2.169990e+03	1.732977e+06
2.172320e+03	1.647303e+06
2.175280e+03	1.556501e+06
2.178740e+03	1.469281e+06
2.182440e+03	1.391612e+06
2.186080e+03	1.327236e+06
2.191460e+03	1.248017e+06
2.196520e+03	1.186326e+06
2.201920e+03	1.130085e+06
2.207660e+03	1.079820e+06
2.213740e+03	1.033445e+06
2.220040e+03	9.921667e+05
2.227740e+03	9.482375e+05
2.235290e+03	9.114160e+05
2.243320e+03	8.762118e+05
2.251640e+03	8.446652e+05
2.259430e+03	8.178907e+05
2.269690e+03	7.869998e+05
2.282380e+03	7.536997e+05
2.294370e+03	7.261643e+05
2.308550e+03	6.973083e+05
2.325780e+03	6.671440e+05
2.346100e+03	6.363969e+05
2.378190e+03	5.961603e+05
2.418660e+03	5.559550e+05
2.457900e+03	5.242857e+05
2.495560e+03	4.989685e+05
2.535470e+03	4.762455e+05
2.578230e+03	4.558155e+05
2.628320e+03	4.362980e+05
2.688100e+03	4.165305e+05
2.761490e+03	3.960383e+05
2.844400e+03	3.765863e+05
2.970760e+03	3.524477e+05
3.133790e+03	3.279439e+05
3.424990e+03	2.957148e+05
3.752710e+03	2.695706e+05
4.295860e+03	2.391434e+05
4.968640e+03	2.131691e+05
5.762830e+03	1.912933e+05
7.360820e+03	1.618538e+05
8.974240e+03	1.418540e+05
1.159620e+04	1.195762e+05
1.539200e+04	9.831913e+04
2.113310e+04	7.768154e+04
2.667660e+04	6.434764e+04
3.607950e+04	4.909355e+04
4.700930e+04	3.757581e+04
6.808440e+04	2.428149e+04
