-1.000000e+02	2.059000e+05
-9.000000e+01	2.025899e+05
-8.000000e+01	1.974180e+05
-7.000000e+01	1.911765e+05
-6.000000e+01	1.841023e+05
-5.000000e+01	1.764395e+05
-4.000000e+01	1.683956e+05
-3.000000e+01	1.601183e+05
-2.000000e+01	1.517373e+05
-1.000000e+01	1.433705e+05
0.000000e+00	1.351122e+05
1.000000e+01	1.270359e+05
2.000000e+01	1.191876e+05
3.500000e+01	1.079151e+05
5.000000e+01	9.731684e+04
7.500000e+01	8.132832e+04
1.000000e+02	6.745357e+04
1.250000e+02	5.558384e+04
1.500000e+02	4.554180e+04
1.750000e+02	3.713946e+04
2.000000e+02	3.017629e+04
2.500000e+02	1.975195e+04
3.000000e+02	1.279862e+04
3.500000e+02	8.211391e+03
4.000000e+02	5.214063e+03
4.500000e+02	3.275448e+03
4.900000e+02	2.243738e+03
5.250000e+02	1.606994e+03
5.600000e+02	1.149492e+03
6.150000e+02	6.800825e+02
6.600000e+02	4.450631e+02
7.000000e+02	3.079341e+02
7.500000e+02	1.974786e+02
8.000000e+02	1.292431e+02
8.540000e+02	8.390369e+01
9.000000e+02	5.931858e+01
9.460000e+02	4.263705e+01
9.710000e+02	3.584675e+01
1.003000e+03	2.885288e+01
1.032000e+03	2.379200e+01
1.065000e+03	1.917381e+01
1.101000e+03	1.520957e+01
1.143000e+03	1.165524e+01
1.214000e+03	7.484644e+00
1.299000e+03	4.447212e+00
1.398000e+03	2.467598e+00
1.520000e+03	1.237889e+00
1.617000e+03	7.385999e-01
1.722000e+03	4.370955e-01
1.820000e+03	2.768654e-01
1.894000e+03	2.005952e-01
1.946000e+03	1.619551e-01
1.989000e+03	1.365692e-01
2.024000e+03	1.193096e-01
2.055000e+03	1.061423e-01
2.083000e+03	9.568448e-02
2.098000e+03	9.058235e-02
2.110000e+03	8.674174e-02
2.120000e+03	8.369764e-02
2.126000e+03	8.193782e-02
2.130000e+03	8.079344e-02
2.132000e+03	8.023093e-02
2.134000e+03	7.967707e-02
2.136000e+03	7.913497e-02
2.138000e+03	7.861001e-02
2.141930e+03	7.764691e-02
2.145160e+03	7.694927e-02
2.147050e+03	7.661460e-02
2.148650e+03	7.639353e-02
2.150120e+03	7.623608e-02
2.151160e+03	7.614777e-02
2.152030e+03	7.608524e-02
2.152870e+03	7.603245e-02
2.153480e+03	7.599821e-02
2.154070e+03	7.596805e-02
2.154730e+03	7.593728e-02
2.155500e+03	7.590454e-02
2.156160e+03	7.587867e-02
2.156820e+03	7.585450e-02
2.157570e+03	7.582877e-02
2.158210e+03	7.580803e-02
2.158840e+03	7.578856e-02
2.159420e+03	7.577136e-02
2.160010e+03	7.575448e-02
2.160630e+03	7.573735e-02
2.161260e+03	7.572050e-02
2.162290e+03	7.569402e-02
2.163290e+03	7.566942e-02
2.164560e+03	7.563951e-02
2.166030e+03	7.560647e-02
2.167690e+03	7.557090e-02
2.169990e+03	7.552412e-02
2.172320e+03	7.547923e-02
2.175280e+03	7.542518e-02
2.178740e+03	7.536551e-02
2.182440e+03	7.530518e-02
2.186080e+03	7.524877e-02
2.191460e+03	7.516980e-02
2.196520e+03	7.509960e-02
2.201920e+03	7.502830e-02
2.207660e+03	7.495601e-02
2.213740e+03	7.488277e-02
2.220040e+03	7.481004e-02
2.227740e+03	7.472488e-02
2.235290e+03	7.464486e-02
2.243320e+03	7.456304e-02
2.251640e+03	7.448144e-02
2.259430e+03	7.440762e-02
2.269690e+03	7.431377e-02
2.282380e+03	7.420234e-02
2.294370e+03	7.410121e-02
2.308550e+03	7.398616e-02
2.325780e+03	7.385217e-02
2.346100e+03	7.370120e-02
2.378190e+03	7.347578e-02
2.418660e+03	7.321004e-02
2.457900e+03	7.296845e-02
2.495560e+03	7.274882e-02
2.535470e+03	7.252700e-02
2.578230e+03	7.229985e-02
2.628320e+03	7.204516e-02
2.688100e+03	7.175460e-02
2.761490e+03	7.141472e-02
2.844400e+03	7.104963e-02
2.970760e+03	7.052464e-02
3.133790e+03	6.989251e-02
3.424990e+03	6.885776e-02
3.752710e+03	6.780221e-02
4.295860e+03	6.622832e-02
4.968640e+03	6.449500e-02
5.762830e+03	6.266534e-02
7.360820e+03	5.945447e-02
8.974240e+03	5.666495e-02
1.159620e+04	5.276664e-02
1.539200e+04	4.806718e-02
2.113310e+04	4.233551e-02
2.667660e+04	3.786218e-02
3.607950e+04	3.182309e-02
4.700930e+04	2.645965e-02
6.808440e+04	1.915962e-02
