-1.000000e+02	1.160761e+12
-9.000000e+01	3.508634e+11
-8.000000e+01	2.063617e+11
-7.000000e+01	1.028318e+11
-6.000000e+01	4.260928e+10
-5.000000e+01	1.581699e+10
-4.000000e+01	1.541158e+10
-3.000000e+01	1.471795e+10
-2.000000e+01	1.387449e+10
-1.000000e+01	1.284087e+10
0.000000e+00	1.190849e+10
1.000000e+01	1.082759e+10
2.000000e+01	9.842755e+09
3.500000e+01	8.397226e+09
5.000000e+01	7.217528e+09
7.500000e+01	3.975818e+10
1.000000e+02	4.564080e+10
1.250000e+02	3.344170e+10
1.500000e+02	2.145905e+10
1.750000e+02	1.497943e+10
2.000000e+02	1.085385e+10
2.500000e+02	6.467394e+09
3.000000e+02	3.775926e+09
3.500000e+02	2.118264e+09
4.000000e+02	1.126792e+09
4.500000e+02	5.968222e+08
4.900000e+02	4.259435e+08
5.250000e+02	3.509435e+08
5.600000e+02	3.149492e+08
6.150000e+02	3.555693e+08
6.600000e+02	4.922182e+08
7.000000e+02	8.020435e+08
7.500000e+02	1.312119e+09
8.000000e+02	2.058934e+09
8.540000e+02	2.561396e+09
9.000000e+02	2.282925e+09
9.460000e+02	1.803791e+09
9.710000e+02	1.549091e+09
1.003000e+03	1.259415e+09
1.032000e+03	1.040269e+09
1.065000e+03	8.370227e+08
1.101000e+03	6.613995e+08
1.143000e+03	5.043964e+08
1.214000e+03	3.211059e+08
1.299000e+03	1.879933e+08
1.398000e+03	1.009657e+08
1.520000e+03	4.693217e+07
1.617000e+03	2.592780e+07
1.722000e+03	1.396722e+07
1.820000e+03	8.036610e+06
1.894000e+03	5.373353e+06
1.946000e+03	4.081194e+06
1.989000e+03	3.286985e+06
2.024000e+03	2.776493e+06
2.055000e+03	2.393213e+06
2.083000e+03	2.098152e+06
2.098000e+03	1.957108e+06
2.110000e+03	1.855217e+06
2.120000e+03	1.775589e+06
2.126000e+03	1.723402e+06
2.130000e+03	1.684020e+06
2.132000e+03	1.657009e+06
2.134000e+03	1.614305e+06
2.136000e+03	1.550647e+06
2.138000e+03	1.435789e+06
2.141930e+03	1.215711e+06
2.145160e+03	1.006017e+06
2.147050e+03	8.265436e+05
2.148650e+03	6.766605e+05
2.150120e+03	5.634940e+05
2.151160e+03	4.932339e+05
2.152030e+03	4.351650e+05
2.152870e+03	3.860376e+05
2.153480e+03	3.545552e+05
2.154070e+03	3.258263e+05
2.154730e+03	2.951621e+05
2.155500e+03	2.673651e+05
2.156160e+03	2.486922e+05
2.156820e+03	2.329930e+05
2.157570e+03	2.182153e+05
2.158210e+03	2.076523e+05
2.158840e+03	1.986330e+05
2.159420e+03	1.912444e+05
2.160010e+03	1.847400e+05
2.160630e+03	1.785601e+05
2.161260e+03	1.729514e+05
2.162290e+03	1.650242e+05
2.163290e+03	1.583864e+05
2.164560e+03	1.512195e+05
2.166030e+03	1.441970e+05
2.167690e+03	1.375073e+05
2.169990e+03	1.298436e+05
2.172320e+03	1.234247e+05
2.175280e+03	1.166216e+05
2.178740e+03	1.100868e+05
2.182440e+03	1.042673e+05
2.186080e+03	9.944374e+04
2.191460e+03	9.350824e+04
2.196520e+03	8.888602e+04
2.201920e+03	8.467219e+04
2.207660e+03	8.090605e+04
2.213740e+03	7.743145e+04
2.220040e+03	7.433869e+04
2.227740e+03	7.104730e+04
2.235290e+03	6.828846e+04
2.243320e+03	6.565080e+04
2.251640e+03	6.328717e+04
2.259430e+03	6.128109e+04
2.269690e+03	5.896659e+04
2.282380e+03	5.647158e+04
2.294370e+03	5.440848e+04
2.308550e+03	5.224643e+04
2.325780e+03	4.998635e+04
2.346100e+03	4.768261e+04
2.378190e+03	4.466786e+04
2.418660e+03	4.165546e+04
2.457900e+03	3.928262e+04
2.495560e+03	3.738571e+04
2.535470e+03	3.568317e+04
2.578230e+03	3.415244e+04
2.628320e+03	3.269007e+04
2.688100e+03	3.120898e+04
2.761490e+03	2.967358e+04
2.844400e+03	2.821611e+04
2.970760e+03	2.640750e+04
3.133790e+03	2.457153e+04
3.424990e+03	2.215673e+04
3.752710e+03	2.019785e+04
4.295860e+03	1.791806e+04
4.968640e+03	1.597191e+04
5.762830e+03	1.433284e+04
7.360820e+03	1.212706e+04
8.974240e+03	1.062855e+04
1.159620e+04	8.959370e+03
1.539200e+04	7.366659e+03
2.113310e+04	5.820367e+03
2.667660e+04	4.821311e+03
3.607950e+04	3.678383e+03
4.700930e+04	2.815405e+03
6.808440e+04	1.819315e+03
