-1.000000e+02	4.277320e+12
-9.000000e+01	2.248948e+12
-8.000000e+01	2.811475e+12
-7.000000e+01	3.263160e+12
-6.000000e+01	3.585136e+12
-5.000000e+01	3.791248e+12
-4.000000e+01	3.905065e+12
-3.000000e+01	3.960936e+12
-2.000000e+01	3.948441e+12
-1.000000e+01	3.892948e+12
0.000000e+00	3.795594e+12
1.000000e+01	3.675023e+12
2.000000e+01	3.536764e+12
3.500000e+01	3.308060e+12
5.000000e+01	3.057670e+12
7.500000e+01	2.623749e+12
1.000000e+02	2.204100e+12
1.250000e+02	1.819249e+12
1.500000e+02	1.481518e+12
1.750000e+02	1.207636e+12
2.000000e+02	9.842502e+11
2.500000e+02	6.594319e+11
3.000000e+02	4.351157e+11
3.500000e+02	2.826817e+11
4.000000e+02	1.803728e+11
4.500000e+02	1.139303e+11
4.900000e+02	8.088609e+10
5.250000e+02	6.062616e+10
5.600000e+02	4.564006e+10
6.150000e+02	2.924244e+10
6.600000e+02	1.987897e+10
7.000000e+02	1.376851e+10
7.500000e+02	8.579763e+09
8.000000e+02	5.360990e+09
8.540000e+02	3.266295e+09
9.000000e+02	2.191231e+09
9.460000e+02	1.507251e+09
9.710000e+02	1.238469e+09
1.003000e+03	9.748423e+08
1.032000e+03	7.904618e+08
1.065000e+03	6.265044e+08
1.101000e+03	4.891948e+08
1.143000e+03	3.695324e+08
1.214000e+03	2.332675e+08
1.299000e+03	1.359197e+08
1.398000e+03	7.256691e+07
1.520000e+03	3.414948e+07
1.617000e+03	1.926057e+07
1.722000e+03	1.061557e+07
1.820000e+03	6.280065e+06
1.894000e+03	4.255667e+06
1.946000e+03	3.282090e+06
1.989000e+03	2.690927e+06
2.024000e+03	2.292104e+06
2.055000e+03	1.997296e+06
2.083000e+03	1.772784e+06
2.098000e+03	1.657638e+06
2.110000e+03	1.569699e+06
2.120000e+03	1.499668e+06
2.126000e+03	1.457361e+06
2.130000e+03	1.426903e+06
2.132000e+03	1.408486e+06
2.134000e+03	1.383301e+06
2.136000e+03	1.349255e+06
2.138000e+03	1.297007e+06
2.141930e+03	1.174180e+06
2.145160e+03	1.003932e+06
2.147050e+03	7.816485e+05
2.148650e+03	6.114893e+05
2.150120e+03	4.683924e+05
2.151160e+03	3.876640e+05
2.152030e+03	3.369992e+05
2.152870e+03	2.964552e+05
2.153480e+03	2.694963e+05
2.154070e+03	2.458455e+05
2.154730e+03	2.241893e+05
2.155500e+03	2.044638e+05
2.156160e+03	1.905541e+05
2.156820e+03	1.786284e+05
2.157570e+03	1.673317e+05
2.158210e+03	1.592415e+05
2.158840e+03	1.523292e+05
2.159420e+03	1.466644e+05
2.160010e+03	1.416766e+05
2.160630e+03	1.369371e+05
2.161260e+03	1.326356e+05
2.162290e+03	1.265557e+05
2.163290e+03	1.214645e+05
2.164560e+03	1.159677e+05
2.166030e+03	1.105818e+05
2.167690e+03	1.054512e+05
2.169990e+03	9.957431e+04
2.172320e+03	9.465190e+04
2.175280e+03	8.943467e+04
2.178740e+03	8.442316e+04
2.182440e+03	7.996012e+04
2.186080e+03	7.626095e+04
2.191460e+03	7.170903e+04
2.196520e+03	6.816427e+04
2.201920e+03	6.493273e+04
2.207660e+03	6.204452e+04
2.213740e+03	5.937990e+04
2.220040e+03	5.700811e+04
2.227740e+03	5.448401e+04
2.235290e+03	5.236831e+04
2.243320e+03	5.034553e+04
2.251640e+03	4.853292e+04
2.259430e+03	4.699450e+04
2.269690e+03	4.521957e+04
2.282380e+03	4.330621e+04
2.294370e+03	4.172407e+04
2.308550e+03	4.006606e+04
2.325780e+03	3.833287e+04
2.346100e+03	3.656620e+04
2.378190e+03	3.425428e+04
2.418660e+03	3.194416e+04
2.457900e+03	3.012450e+04
2.495560e+03	2.866982e+04
2.535470e+03	2.736419e+04
2.578230e+03	2.619033e+04
2.628320e+03	2.506889e+04
2.688100e+03	2.393309e+04
2.761490e+03	2.275564e+04
2.844400e+03	2.163796e+04
2.970760e+03	2.025100e+04
3.133790e+03	1.884306e+04
3.424990e+03	1.699123e+04
3.752710e+03	1.548903e+04
4.295860e+03	1.374074e+04
4.968640e+03	1.224831e+04
5.762830e+03	1.099137e+04
7.360820e+03	9.299827e+03
8.974240e+03	8.150674e+03
1.159620e+04	6.870634e+03
1.539200e+04	5.649239e+03
2.113310e+04	4.463440e+03
2.667660e+04	3.697299e+03
3.607950e+04	2.820826e+03
4.700930e+04	2.159038e+03
6.808440e+04	1.395170e+03
