-1.000000e+02	2.029180e+11
-9.000000e+01	2.524073e+10
-8.000000e+01	2.623169e+10
-7.000000e+01	2.734597e+10
-6.000000e+01	2.847872e+10
-5.000000e+01	2.961634e+10
-4.000000e+01	3.074426e+10
-3.000000e+01	3.193220e+10
-2.000000e+01	3.295388e+10
-1.000000e+01	3.393386e+10
0.000000e+00	3.474323e+10
1.000000e+01	3.552962e+10
2.000000e+01	3.624090e+10
3.500000e+01	3.722393e+10
5.000000e+01	3.798133e+10
7.500000e+01	3.877577e+10
1.000000e+02	3.931238e+10
1.250000e+02	3.963371e+10
1.500000e+02	3.981792e+10
1.750000e+02	3.971519e+10
2.000000e+02	3.949885e+10
2.500000e+02	3.878650e+10
3.000000e+02	3.807628e+10
3.500000e+02	3.739296e+10
4.000000e+02	3.674752e+10
4.500000e+02	3.605186e+10
4.900000e+02	3.521787e+10
5.250000e+02	3.434572e+10
5.600000e+02	3.337153e+10
6.150000e+02	3.152476e+10
6.600000e+02	2.978887e+10
7.000000e+02	2.796675e+10
7.500000e+02	2.571514e+10
8.000000e+02	2.350348e+10
8.540000e+02	2.117138e+10
9.000000e+02	1.947373e+10
9.460000e+02	1.811169e+10
9.710000e+02	1.744599e+10
1.003000e+03	1.675955e+10
1.032000e+03	1.622684e+10
1.065000e+03	1.568629e+10
1.101000e+03	1.515979e+10
1.143000e+03	1.462688e+10
1.214000e+03	1.384703e+10
1.299000e+03	1.296683e+10
1.398000e+03	1.192698e+10
1.520000e+03	1.057885e+10
1.617000e+03	9.497646e+09
1.722000e+03	8.316104e+09
1.820000e+03	7.226592e+09
1.894000e+03	6.413057e+09
1.946000e+03	5.860180e+09
1.989000e+03	5.418444e+09
2.024000e+03	5.072969e+09
2.055000e+03	4.778179e+09
2.083000e+03	4.523521e+09
2.098000e+03	4.391072e+09
2.110000e+03	4.287950e+09
2.120000e+03	4.201907e+09
2.126000e+03	4.142549e+09
2.130000e+03	4.095785e+09
2.132000e+03	4.061965e+09
2.134000e+03	4.006268e+09
2.136000e+03	3.921616e+09
2.138000e+03	3.764347e+09
2.141930e+03	3.362534e+09
2.145160e+03	2.667147e+09
2.147050e+03	1.521290e+09
2.148650e+03	8.743259e+08
2.150120e+03	5.600451e+08
2.151160e+03	4.023679e+08
2.152030e+03	2.749596e+08
2.152870e+03	1.801629e+08
2.153480e+03	1.380857e+08
2.154070e+03	1.101000e+08
2.154730e+03	8.743033e+07
2.155500e+03	6.951828e+07
2.156160e+03	5.322161e+07
2.156820e+03	4.181068e+07
2.157570e+03	3.350001e+07
2.158210e+03	2.868641e+07
2.158840e+03	2.515529e+07
2.159420e+03	2.260921e+07
2.160010e+03	2.058633e+07
2.160630e+03	1.883844e+07
2.161260e+03	1.737864e+07
2.162290e+03	1.549769e+07
2.163290e+03	1.393567e+07
2.164560e+03	1.235679e+07
2.166030e+03	1.098705e+07
2.167690e+03	9.823313e+06
2.169990e+03	8.635453e+06
2.172320e+03	7.744457e+06
2.175280e+03	6.891821e+06
2.178740e+03	6.151847e+06
2.182440e+03	5.538671e+06
2.186080e+03	4.875899e+06
2.191460e+03	4.179670e+06
2.196520e+03	3.711778e+06
2.201920e+03	3.332200e+06
2.207660e+03	3.026602e+06
2.213740e+03	2.767972e+06
2.220040e+03	2.556439e+06
2.227740e+03	2.347128e+06
2.235290e+03	2.184942e+06
2.243320e+03	2.039080e+06
2.251640e+03	1.916019e+06
2.259430e+03	1.816512e+06
2.269690e+03	1.707549e+06
2.282380e+03	1.596188e+06
2.294370e+03	1.509035e+06
2.308550e+03	1.421813e+06
2.325780e+03	1.335477e+06
2.346100e+03	1.251931e+06
2.378190e+03	1.149313e+06
2.418660e+03	1.047936e+06
2.457900e+03	9.729730e+05
2.495560e+03	9.169348e+05
2.535470e+03	8.695113e+05
2.578230e+03	8.289721e+05
2.628320e+03	7.919243e+05
2.688100e+03	7.568095e+05
2.761490e+03	7.227474e+05
2.844400e+03	6.924904e+05
2.970760e+03	6.576873e+05
3.133790e+03	6.225681e+05
3.424990e+03	5.743302e+05
3.752710e+03	5.368139e+05
4.295860e+03	4.913235e+05
4.968640e+03	4.470417e+05
5.762830e+03	4.040259e+05
7.360820e+03	3.384294e+05
8.974240e+03	2.906418e+05
1.159620e+04	2.375251e+05
1.539200e+04	1.885314e+05
2.113310e+04	1.435176e+05
2.667660e+04	1.181045e+05
3.607950e+04	9.061603e+04
4.700930e+04	6.962359e+04
6.808440e+04	4.886417e+04
