2.047980e+05
2.036699e+05
2.025086e+05
2.013086e+05
2.000667e+05
1.987808e+05
1.974484e+05
1.960707e+05
1.946513e+05
1.931944e+05
1.917039e+05
1.901819e+05
1.878450e+05
1.854529e+05
1.813835e+05
1.772436e+05
1.730585e+05
1.688466e+05
1.646305e+05
1.604315e+05
1.521305e+05
1.439802e+05
1.359775e+05
1.281152e+05
1.203951e+05
1.143500e+05
1.091875e+05
1.041623e+05
9.659559e+04
9.074708e+04
8.585071e+04
8.016362e+04
7.494989e+04
6.984017e+04
6.587858e+04
6.221449e+04
6.032982e+04
5.800909e+04
5.598066e+04
5.374741e+04
5.139240e+04
4.873900e+04
4.445026e+04
3.961421e+04
3.438452e+04
2.855915e+04
2.442870e+04
2.046347e+04
1.723584e+04
1.509683e+04
1.374378e+04
1.271543e+04
1.193669e+04
1.128900e+04
1.073658e+04
1.045289e+04
1.023193e+04
1.005181e+04
9.945576e+03
9.875652e+03
9.841030e+03
9.806784e+03
9.773125e+03
9.740471e+03
9.680743e+03
9.638089e+03
9.617996e+03
9.604508e+03
9.594224e+03
9.588022e+03
9.583471e+03
9.579573e+03
9.577015e+03
9.574731e+03
9.572374e+03
9.569853e+03
9.567861e+03
9.566000e+03
9.564021e+03
9.562429e+03
9.560936e+03
9.559619e+03
9.558329e+03
9.557020e+03
9.555734e+03
9.553717e+03
9.551844e+03
9.549572e+03
9.547065e+03
9.544370e+03
9.540830e+03
9.537439e+03
9.533360e+03
9.528862e+03
9.524319e+03
9.520076e+03
9.514140e+03
9.508866e+03
9.503512e+03
9.498084e+03
9.492586e+03
9.487124e+03
9.480727e+03
9.474712e+03
9.468556e+03
9.462409e+03
9.456841e+03
9.449751e+03
9.441313e+03
9.433635e+03
9.424874e+03
9.414631e+03
9.403036e+03
9.385601e+03
9.364841e+03
9.345752e+03
9.328202e+03
9.310277e+03
9.291703e+03
9.270617e+03
9.246213e+03
9.217173e+03
9.185355e+03
9.138427e+03
9.080021e+03
8.979939e+03
8.872152e+03
8.701866e+03
8.502899e+03
8.282813e+03
7.880810e+03
7.520806e+03
7.009821e+03
6.387896e+03
5.625954e+03
5.030315e+03
4.225947e+03
3.511717e+03
2.540162e+03
