-1.000000e+02	2.578787e+09
-9.000000e+01	6.476967e+06
-8.000000e+01	7.243412e+06
-7.000000e+01	8.180818e+06
-6.000000e+01	9.185686e+06
-5.000000e+01	1.013748e+07
-4.000000e+01	1.116305e+07
-3.000000e+01	1.227168e+07
-2.000000e+01	1.339652e+07
-1.000000e+01	1.456877e+07
0.000000e+00	1.575362e+07
1.000000e+01	1.699081e+07
2.000000e+01	1.814332e+07
3.500000e+01	1.986778e+07
5.000000e+01	2.166932e+07
7.500000e+01	2.494513e+07
1.000000e+02	2.889146e+07
1.250000e+02	3.422025e+07
1.500000e+02	4.254332e+07
1.750000e+02	5.525212e+07
2.000000e+02	7.453167e+07
2.500000e+02	1.374583e+08
3.000000e+02	2.670768e+08
3.500000e+02	5.269609e+08
4.000000e+02	1.029667e+09
4.500000e+02	1.891596e+09
4.900000e+02	2.664374e+09
5.250000e+02	3.299586e+09
5.600000e+02	3.799700e+09
6.150000e+02	3.846223e+09
6.600000e+02	3.199448e+09
7.000000e+02	2.146915e+09
7.500000e+02	1.105064e+09
8.000000e+02	4.917601e+08
8.540000e+02	2.289918e+08
9.000000e+02	1.603474e+08
9.460000e+02	1.233304e+08
9.710000e+02	1.103281e+08
1.003000e+03	9.526377e+07
1.032000e+03	8.269125e+07
1.065000e+03	6.962204e+07
1.101000e+03	5.694611e+07
1.143000e+03	4.490630e+07
1.214000e+03	3.079030e+07
1.299000e+03	1.871327e+07
1.398000e+03	9.171821e+06
1.520000e+03	2.763412e+06
1.617000e+03	8.199580e+05
1.722000e+03	2.027999e+05
1.820000e+03	6.675201e+04
1.894000e+03	2.888796e+04
1.946000e+03	1.725056e+04
1.989000e+03	1.157314e+04
2.024000e+03	8.454838e+03
2.055000e+03	6.456312e+03
2.083000e+03	5.040611e+03
2.098000e+03	4.439980e+03
2.110000e+03	4.024653e+03
2.120000e+03	3.717993e+03
2.126000e+03	3.541237e+03
2.130000e+03	3.423164e+03
2.132000e+03	3.356955e+03
2.134000e+03	3.273254e+03
2.136000e+03	3.164743e+03
2.138000e+03	2.987305e+03
2.141930e+03	2.526893e+03
2.145160e+03	1.849917e+03
2.147050e+03	2.093378e+03
2.148650e+03	5.726280e+03
2.150120e+03	1.415473e+04
2.151160e+03	2.573276e+04
2.152030e+03	4.000829e+04
2.152870e+03	5.753593e+04
2.153480e+03	7.325700e+04
2.154070e+03	8.962643e+04
2.154730e+03	1.089337e+05
2.155500e+03	1.308762e+05
2.156160e+03	1.484354e+05
2.156820e+03	1.647892e+05
2.157570e+03	1.817906e+05
2.158210e+03	1.946005e+05
2.158840e+03	2.065252e+05
2.159420e+03	2.212230e+05
2.160010e+03	2.349444e+05
2.160630e+03	2.485658e+05
2.161260e+03	2.615141e+05
2.162290e+03	2.808099e+05
2.163290e+03	2.976122e+05
2.164560e+03	3.165687e+05
2.166030e+03	3.358303e+05
2.167690e+03	3.547040e+05
2.169990e+03	3.768410e+05
2.172320e+03	3.956607e+05
2.175280e+03	4.156035e+05
2.178740e+03	4.344784e+05
2.182440e+03	4.433642e+05
2.186080e+03	4.470592e+05
2.191460e+03	4.498347e+05
2.196520e+03	4.504896e+05
2.201920e+03	4.498189e+05
2.207660e+03	4.480386e+05
2.213740e+03	4.454698e+05
2.220040e+03	4.422010e+05
2.227740e+03	4.378368e+05
2.235290e+03	4.332383e+05
2.243320e+03	4.281218e+05
2.251640e+03	4.228971e+05
2.259430e+03	4.179957e+05
2.269690e+03	4.117605e+05
2.282380e+03	4.043836e+05
2.294370e+03	3.976952e+05
2.308550e+03	3.901580e+05
2.325780e+03	3.811304e+05
2.346100e+03	3.704134e+05
2.378190e+03	3.554789e+05
2.418660e+03	3.394722e+05
2.457900e+03	3.261095e+05
2.495560e+03	3.149371e+05
2.535470e+03	3.045369e+05
2.578230e+03	2.949495e+05
2.628320e+03	2.856850e+05
2.688100e+03	2.756794e+05
2.761490e+03	2.601957e+05
2.844400e+03	2.457566e+05
2.970760e+03	2.281610e+05
3.133790e+03	2.106368e+05
3.424990e+03	1.880561e+05
3.752710e+03	1.700990e+05
4.295860e+03	1.495657e+05
4.968640e+03	1.323279e+05
5.762830e+03	1.180055e+05
7.360820e+03	9.101625e+04
8.974240e+03	6.855611e+04
1.159620e+04	5.013447e+04
1.539200e+04	3.668915e+04
2.113310e+04	2.171251e+04
2.667660e+04	1.221946e+04
3.607950e+04	3.174140e+03
4.700930e+04	1.722519e+02
6.808440e+04	8.857763e-02
