-1.000000e+02	5.930821e+10
-9.000000e+01	7.345228e+08
-8.000000e+01	7.951116e+08
-7.000000e+01	8.654900e+08
-6.000000e+01	9.443655e+08
-5.000000e+01	1.031827e+09
-4.000000e+01	1.127513e+09
-3.000000e+01	1.233924e+09
-2.000000e+01	1.342937e+09
-1.000000e+01	1.459027e+09
0.000000e+00	1.576532e+09
1.000000e+01	1.701818e+09
2.000000e+01	1.832472e+09
3.500000e+01	2.041493e+09
5.000000e+01	2.259177e+09
7.500000e+01	2.639609e+09
1.000000e+02	3.060719e+09
1.250000e+02	3.525762e+09
1.500000e+02	4.042143e+09
1.750000e+02	4.593724e+09
2.000000e+02	5.195679e+09
2.500000e+02	6.554047e+09
3.000000e+02	8.170586e+09
3.500000e+02	1.003632e+10
4.000000e+02	1.209193e+10
4.500000e+02	1.418830e+10
4.900000e+02	1.575084e+10
5.250000e+02	1.698400e+10
5.600000e+02	1.804334e+10
6.150000e+02	1.923750e+10
6.600000e+02	1.964014e+10
7.000000e+02	1.939299e+10
7.500000e+02	1.826934e+10
8.000000e+02	1.639421e+10
8.540000e+02	1.387353e+10
9.000000e+02	1.175198e+10
9.460000e+02	9.838473e+09
9.710000e+02	8.871908e+09
1.003000e+03	7.767206e+09
1.032000e+03	6.858937e+09
1.065000e+03	5.921178e+09
1.101000e+03	5.011388e+09
1.143000e+03	4.096658e+09
1.214000e+03	2.864881e+09
1.299000e+03	1.814905e+09
1.398000e+03	1.032971e+09
1.520000e+03	5.009856e+08
1.617000e+03	2.821576e+08
1.722000e+03	1.517800e+08
1.820000e+03	8.583852e+07
1.894000e+03	5.617297e+07
1.946000e+03	4.201976e+07
1.989000e+03	3.324410e+07
2.024000e+03	2.761087e+07
2.055000e+03	2.351472e+07
2.083000e+03	2.043134e+07
2.098000e+03	1.897747e+07
2.110000e+03	1.790981e+07
2.120000e+03	1.707808e+07
2.126000e+03	1.656916e+07
2.130000e+03	1.621072e+07
2.132000e+03	1.599289e+07
2.134000e+03	1.569050e+07
2.136000e+03	1.527424e+07
2.138000e+03	1.456285e+07
2.141930e+03	1.276270e+07
2.145160e+03	9.978937e+06
2.147050e+03	7.362742e+06
2.148650e+03	6.111996e+06
2.150120e+03	5.120298e+06
2.151160e+03	4.449062e+06
2.152030e+03	3.930746e+06
2.152870e+03	3.481040e+06
2.153480e+03	3.193693e+06
2.154070e+03	2.948315e+06
2.154730e+03	2.699942e+06
2.155500e+03	2.458634e+06
2.156160e+03	2.286097e+06
2.156820e+03	2.138205e+06
2.157570e+03	1.998576e+06
2.158210e+03	1.898905e+06
2.158840e+03	1.813993e+06
2.159420e+03	1.744532e+06
2.160010e+03	1.683431e+06
2.160630e+03	1.625414e+06
2.161260e+03	1.572794e+06
2.162290e+03	1.498472e+06
2.163290e+03	1.436264e+06
2.164560e+03	1.369129e+06
2.166030e+03	1.303365e+06
2.167690e+03	1.240726e+06
2.169990e+03	1.168966e+06
2.172320e+03	1.108851e+06
2.175280e+03	1.045117e+06
2.178740e+03	9.838696e+05
2.182440e+03	9.296523e+05
2.186080e+03	8.848494e+05
2.191460e+03	8.297369e+05
2.196520e+03	7.868337e+05
2.201920e+03	7.477362e+05
2.207660e+03	7.128116e+05
2.213740e+03	6.806109e+05
2.220040e+03	6.519772e+05
2.227740e+03	6.215382e+05
2.235290e+03	5.960672e+05
2.243320e+03	5.717561e+05
2.251640e+03	5.500133e+05
2.259430e+03	5.315948e+05
2.269690e+03	5.103924e+05
2.282380e+03	4.875977e+05
2.294370e+03	4.688063e+05
2.308550e+03	4.491712e+05
2.325780e+03	4.287408e+05
2.346100e+03	4.080341e+05
2.378190e+03	3.810632e+05
2.418660e+03	3.542680e+05
2.457900e+03	3.332740e+05
2.495560e+03	3.165644e+05
2.535470e+03	3.016232e+05
2.578230e+03	2.882311e+05
2.628320e+03	2.754674e+05
2.688100e+03	2.625991e+05
2.761490e+03	2.495491e+05
2.844400e+03	2.371785e+05
2.970760e+03	2.218499e+05
3.133790e+03	2.063140e+05
3.424990e+03	1.859151e+05
3.752710e+03	1.693942e+05
4.295860e+03	1.501934e+05
4.968640e+03	1.338220e+05
5.762830e+03	1.200457e+05
7.360820e+03	1.019492e+05
8.974240e+03	8.988319e+04
1.159620e+04	7.610913e+04
1.539200e+04	6.276886e+04
2.113310e+04	4.991822e+04
2.667660e+04	4.160581e+04
3.607950e+04	3.200915e+04
4.700930e+04	2.459481e+04
6.808440e+04	1.589778e+04
