-1.000000e+02	1.523445e+08
-9.000000e+01	5.361216e+06
-8.000000e+01	3.069582e+06
-7.000000e+01	1.534916e+06
-6.000000e+01	7.142883e+05
-5.000000e+01	3.172166e+05
-4.000000e+01	1.351745e+05
-3.000000e+01	5.344729e+04
-2.000000e+01	2.313199e+04
-1.000000e+01	1.009656e+04
0.000000e+00	4.911325e+03
1.000000e+01	2.389191e+03
2.000000e+01	1.222498e+03
3.500000e+01	4.676480e+02
5.000000e+01	2.073112e+02
7.500000e+01	7.322704e+01
1.000000e+02	2.992373e+01
1.250000e+02	1.363829e+01
1.500000e+02	6.393697e+00
1.750000e+02	3.543561e+00
2.000000e+02	2.046583e+00
2.500000e+02	8.307160e-01
3.000000e+02	3.057489e-01
3.500000e+02	1.019072e-01
4.000000e+02	3.063759e-02
4.500000e+02	9.373108e-03
4.900000e+02	5.307858e-03
5.250000e+02	4.008293e-03
5.600000e+02	3.608913e-03
6.150000e+02	5.564641e-03
6.600000e+02	1.344510e-02
7.000000e+02	5.835649e-02
7.500000e+02	4.903273e-01
8.000000e+02	5.473514e+00
8.540000e+02	7.726398e+01
9.000000e+02	4.272168e+02
9.460000e+02	1.453038e+03
9.710000e+02	2.529788e+03
1.003000e+03	4.069823e+03
1.032000e+03	5.528693e+03
1.065000e+03	7.155010e+03
1.101000e+03	8.651244e+03
1.143000e+03	9.352150e+03
1.214000e+03	8.060211e+03
1.299000e+03	5.832459e+03
1.398000e+03	4.050316e+03
1.520000e+03	3.334321e+03
1.617000e+03	3.712371e+03
1.722000e+03	4.523832e+03
1.820000e+03	4.560200e+03
1.894000e+03	4.661991e+03
1.946000e+03	4.494696e+03
1.989000e+03	4.314342e+03
2.024000e+03	4.173968e+03
2.055000e+03	4.061893e+03
2.083000e+03	4.056660e+03
2.098000e+03	4.070526e+03
2.110000e+03	4.097196e+03
2.120000e+03	4.231597e+03
2.126000e+03	4.565701e+03
2.130000e+03	5.051327e+03
2.132000e+03	5.684591e+03
2.134000e+03	7.356440e+03
2.136000e+03	1.140925e+04
2.138000e+03	2.737070e+04
2.141930e+03	2.245658e+05
2.145160e+03	3.417845e+06
2.147050e+03	4.589578e+07
2.148650e+03	1.599706e+08
2.150120e+03	3.104137e+08
2.151160e+03	4.028840e+08
2.152030e+03	4.395834e+08
2.152870e+03	4.407643e+08
2.153480e+03	4.269234e+08
2.154070e+03	4.085827e+08
2.154730e+03	3.852601e+08
2.155500e+03	3.590497e+08
2.156160e+03	3.385220e+08
2.156820e+03	3.199570e+08
2.157570e+03	3.017765e+08
2.158210e+03	2.884260e+08
2.158840e+03	2.768156e+08
2.159420e+03	2.669813e+08
2.160010e+03	2.582743e+08
2.160630e+03	2.499556e+08
2.161260e+03	2.423752e+08
2.162290e+03	2.316162e+08
2.163290e+03	2.225577e+08
2.164560e+03	2.127392e+08
2.166030e+03	2.030786e+08
2.167690e+03	1.938401e+08
2.169990e+03	1.832155e+08
2.172320e+03	1.742837e+08
2.175280e+03	1.647826e+08
2.178740e+03	1.556218e+08
2.182440e+03	1.474890e+08
2.186080e+03	1.407376e+08
2.191460e+03	1.323898e+08
2.196520e+03	1.258590e+08
2.201920e+03	1.198830e+08
2.207660e+03	1.145240e+08
2.213740e+03	1.095673e+08
2.220040e+03	1.051443e+08
2.227740e+03	1.004291e+08
2.235290e+03	9.647001e+07
2.243320e+03	9.268115e+07
2.251640e+03	8.928387e+07
2.259430e+03	8.639978e+07
2.269690e+03	8.307220e+07
2.282380e+03	7.948628e+07
2.294370e+03	7.652266e+07
2.308550e+03	7.341938e+07
2.325780e+03	7.017910e+07
2.346100e+03	6.688105e+07
2.378190e+03	6.257273e+07
2.418660e+03	5.827779e+07
2.457900e+03	5.490257e+07
2.495560e+03	5.220963e+07
2.535470e+03	4.979673e+07
2.578230e+03	4.763082e+07
2.628320e+03	4.556498e+07
2.688100e+03	4.347566e+07
2.761490e+03	4.131443e+07
2.844400e+03	3.926553e+07
2.970760e+03	3.672655e+07
3.133790e+03	3.415305e+07
3.424990e+03	3.077385e+07
3.752710e+03	2.803705e+07
4.295860e+03	2.485636e+07
4.968640e+03	2.214454e+07
5.762830e+03	1.986278e+07
7.360820e+03	1.679891e+07
8.974240e+03	1.472163e+07
1.159620e+04	1.240698e+07
1.539200e+04	1.019854e+07
2.113310e+04	8.057096e+06
2.667660e+04	6.674598e+06
3.607950e+04	5.093499e+06
4.700930e+04	3.899079e+06
6.808440e+04	2.519608e+06
