-1.000000e+02	5.350549e+09
-9.000000e+01	1.799613e+07
-8.000000e+01	2.371398e+07
-7.000000e+01	3.265369e+07
-6.000000e+01	4.552291e+07
-5.000000e+01	6.320910e+07
-4.000000e+01	8.790072e+07
-3.000000e+01	1.231979e+08
-2.000000e+01	1.657193e+08
-1.000000e+01	2.189700e+08
0.000000e+00	2.775552e+08
1.000000e+01	3.470088e+08
2.000000e+01	4.224706e+08
3.500000e+01	5.499820e+08
5.000000e+01	6.834501e+08
7.500000e+01	9.085249e+08
1.000000e+02	1.157453e+09
1.250000e+02	1.434391e+09
1.500000e+02	1.752725e+09
1.750000e+02	2.088943e+09
2.000000e+02	2.456100e+09
2.500000e+02	3.255627e+09
3.000000e+02	4.195519e+09
3.500000e+02	5.272211e+09
4.000000e+02	6.477253e+09
4.500000e+02	7.760407e+09
4.900000e+02	8.734587e+09
5.250000e+02	9.505495e+09
5.600000e+02	1.015627e+10
6.150000e+02	1.077770e+10
6.600000e+02	1.084353e+10
7.000000e+02	1.047514e+10
7.500000e+02	9.581801e+09
8.000000e+02	8.148169e+09
8.540000e+02	5.976290e+09
9.000000e+02	4.297099e+09
9.460000e+02	3.044662e+09
9.710000e+02	2.520669e+09
1.003000e+03	2.017230e+09
1.032000e+03	1.658193e+09
1.065000e+03	1.327780e+09
1.101000e+03	1.042396e+09
1.143000e+03	7.979080e+08
1.214000e+03	5.320731e+08
1.299000e+03	3.223780e+08
1.398000e+03	1.640872e+08
1.520000e+03	5.511425e+07
1.617000e+03	1.795465e+07
1.722000e+03	4.697716e+06
1.820000e+03	1.568979e+06
1.894000e+03	6.807693e+05
1.946000e+03	4.051312e+05
1.989000e+03	2.703589e+05
2.024000e+03	1.965131e+05
2.055000e+03	1.492339e+05
2.083000e+03	1.155811e+05
2.098000e+03	1.011631e+05
2.110000e+03	9.110539e+04
2.120000e+03	8.303673e+04
2.126000e+03	7.713819e+04
2.130000e+03	7.224154e+04
2.132000e+03	6.834203e+04
2.134000e+03	6.166298e+04
2.136000e+03	5.226420e+04
2.138000e+03	3.795395e+04
2.141930e+03	1.703388e+04
2.145160e+03	5.394064e+03
2.147050e+03	2.307700e+03
2.148650e+03	2.836245e+03
2.150120e+03	3.686514e+03
2.151160e+03	4.339351e+03
2.152030e+03	4.839051e+03
2.152870e+03	5.234258e+03
2.153480e+03	5.560791e+03
2.154070e+03	5.837676e+03
2.154730e+03	6.086747e+03
2.155500e+03	6.296532e+03
2.156160e+03	6.417396e+03
2.156820e+03	6.498455e+03
2.157570e+03	6.559710e+03
2.158210e+03	6.588297e+03
2.158840e+03	6.619089e+03
2.159420e+03	6.782250e+03
2.160010e+03	6.926971e+03
2.160630e+03	7.063726e+03
2.161260e+03	7.187962e+03
2.162290e+03	7.363494e+03
2.163290e+03	7.507014e+03
2.164560e+03	7.659551e+03
2.166030e+03	7.804581e+03
2.167690e+03	7.937109e+03
2.169990e+03	8.080548e+03
2.172320e+03	8.192033e+03
2.175280e+03	8.298680e+03
2.178740e+03	8.387258e+03
2.182440e+03	8.301749e+03
2.186080e+03	8.161987e+03
2.191460e+03	7.965960e+03
2.196520e+03	7.793911e+03
2.201920e+03	7.621493e+03
2.207660e+03	7.453727e+03
2.213740e+03	7.288094e+03
2.220040e+03	7.130206e+03
2.227740e+03	6.952445e+03
2.235290e+03	6.794045e+03
2.243320e+03	6.635269e+03
2.251640e+03	6.486654e+03
2.259430e+03	6.355915e+03
2.269690e+03	6.199526e+03
2.282380e+03	6.024625e+03
2.294370e+03	5.874568e+03
2.308550e+03	5.712382e+03
2.325780e+03	5.528560e+03
2.346100e+03	5.321014e+03
2.378190e+03	5.042697e+03
2.418660e+03	4.756777e+03
2.457900e+03	4.526204e+03
2.495560e+03	4.338449e+03
2.535470e+03	4.167348e+03
2.578230e+03	4.011864e+03
2.628320e+03	3.862557e+03
2.688100e+03	3.704418e+03
2.761490e+03	3.462365e+03
2.844400e+03	3.240645e+03
2.970760e+03	2.975634e+03
3.133790e+03	2.717268e+03
3.424990e+03	2.392424e+03
3.752710e+03	2.140416e+03
4.295860e+03	1.858979e+03
4.968640e+03	1.628081e+03
5.762830e+03	1.439850e+03
7.360820e+03	1.082802e+03
8.974240e+03	7.923042e+02
1.159620e+04	5.652243e+02
1.539200e+04	4.058521e+02
2.113310e+04	2.327022e+02
2.667660e+04	1.273552e+02
3.607950e+04	3.187156e+01
4.700930e+04	1.697358e+00
6.808440e+04	8.682392e-04
