-1.000000e+02	1.430560e+11
-9.000000e+01	3.953933e+08
-8.000000e+01	4.806401e+08
-7.000000e+01	6.012126e+08
-6.000000e+01	7.561250e+08
-5.000000e+01	9.432832e+08
-4.000000e+01	1.181012e+09
-3.000000e+01	1.492030e+09
-2.000000e+01	1.847222e+09
-1.000000e+01	2.275111e+09
0.000000e+00	2.742557e+09
1.000000e+01	3.296931e+09
2.000000e+01	3.899486e+09
3.500000e+01	4.947654e+09
5.000000e+01	6.118176e+09
7.500000e+01	8.287945e+09
1.000000e+02	1.103064e+10
1.250000e+02	1.469339e+10
1.500000e+02	2.022081e+10
1.750000e+02	2.804915e+10
2.000000e+02	3.966306e+10
2.500000e+02	7.649964e+10
3.000000e+02	1.489670e+11
3.500000e+02	2.775416e+11
4.000000e+02	4.749232e+11
4.500000e+02	7.176454e+11
4.900000e+02	8.854544e+11
5.250000e+02	1.006956e+12
5.600000e+02	1.099692e+12
6.150000e+02	1.140783e+12
6.600000e+02	1.058437e+12
7.000000e+02	8.414234e+11
7.500000e+02	5.016505e+11
8.000000e+02	2.214078e+11
8.540000e+02	8.454509e+10
9.000000e+02	4.813655e+10
9.460000e+02	3.121024e+10
9.710000e+02	2.560348e+10
1.003000e+03	2.042121e+10
1.032000e+03	1.677513e+10
1.065000e+03	1.342768e+10
1.101000e+03	1.052356e+10
1.143000e+03	8.036357e+09
1.214000e+03	5.372871e+09
1.299000e+03	3.228054e+09
1.398000e+03	1.576269e+09
1.520000e+03	4.748281e+08
1.617000e+03	1.408741e+08
1.722000e+03	3.476066e+07
1.820000e+03	1.139665e+07
1.894000e+03	4.912461e+06
1.946000e+03	2.922522e+06
1.989000e+03	1.953186e+06
2.024000e+03	1.422214e+06
2.055000e+03	1.082442e+06
2.083000e+03	8.413455e+05
2.098000e+03	7.386204e+05
2.110000e+03	6.672940e+05
2.120000e+03	6.123389e+05
2.126000e+03	5.761433e+05
2.130000e+03	5.483975e+05
2.132000e+03	5.284614e+05
2.134000e+03	4.962128e+05
2.136000e+03	4.500514e+05
2.138000e+03	3.740921e+05
2.141930e+03	2.328562e+05
2.145160e+03	1.137272e+05
2.147050e+03	8.049516e+04
2.148650e+03	1.497096e+05
2.150120e+03	2.714404e+05
2.151160e+03	4.001653e+05
2.152030e+03	5.300633e+05
2.152870e+03	6.645311e+05
2.153480e+03	7.754756e+05
2.154070e+03	8.814031e+05
2.154730e+03	9.952054e+05
2.155500e+03	1.112876e+06
2.156160e+03	1.199244e+06
2.156820e+03	1.274162e+06
2.157570e+03	1.347389e+06
2.158210e+03	1.399295e+06
2.158840e+03	1.446957e+06
2.159420e+03	1.517868e+06
2.160010e+03	1.582734e+06
2.160630e+03	1.645924e+06
2.161260e+03	1.704975e+06
2.162290e+03	1.791276e+06
2.163290e+03	1.864829e+06
2.164560e+03	1.946203e+06
2.166030e+03	2.027233e+06
2.167690e+03	2.105100e+06
2.169990e+03	2.194604e+06
2.172320e+03	2.269203e+06
2.175280e+03	2.346754e+06
2.178740e+03	2.418689e+06
2.182440e+03	2.436371e+06
2.186080e+03	2.430405e+06
2.191460e+03	2.414359e+06
2.196520e+03	2.394643e+06
2.201920e+03	2.370722e+06
2.207660e+03	2.343930e+06
2.213740e+03	2.314961e+06
2.220040e+03	2.284813e+06
2.227740e+03	2.248763e+06
2.235290e+03	2.214456e+06
2.243320e+03	2.178511e+06
2.251640e+03	2.143530e+06
2.259430e+03	2.111821e+06
2.269690e+03	2.072748e+06
2.282380e+03	2.027811e+06
2.294370e+03	1.988152e+06
2.308550e+03	1.944340e+06
2.325780e+03	1.893013e+06
2.346100e+03	1.833150e+06
2.378190e+03	1.751146e+06
2.418660e+03	1.664861e+06
2.457900e+03	1.593879e+06
2.495560e+03	1.535181e+06
2.535470e+03	1.481014e+06
2.578230e+03	1.431370e+06
2.628320e+03	1.383522e+06
2.688100e+03	1.332132e+06
2.761490e+03	1.251191e+06
2.844400e+03	1.176412e+06
2.970760e+03	1.086197e+06
3.133790e+03	9.973325e+05
3.424990e+03	8.842622e+05
3.752710e+03	7.954764e+05
4.295860e+03	6.951645e+05
4.968640e+03	6.119275e+05
5.762830e+03	5.434306e+05
7.360820e+03	4.122823e+05
8.974240e+03	3.042774e+05
1.159620e+04	2.187397e+05
1.539200e+04	1.580301e+05
2.113310e+04	9.140802e+04
2.667660e+04	5.038784e+04
3.607950e+04	1.272674e+04
4.700930e+04	6.811338e+02
6.808440e+04	3.492430e-01
