-1.000000e+02	1.000000e+00
-9.000000e+01	3.571422e-01
-8.000000e+01	3.709224e-01
-7.000000e+01	3.904563e-01
-6.000000e+01	4.174974e-01
-5.000000e+01	4.473727e-01
-4.000000e+01	4.799515e-01
-3.000000e+01	5.160905e-01
-2.000000e+01	5.529395e-01
-1.000000e+01	5.920221e-01
0.000000e+00	6.313592e-01
1.000000e+01	6.731064e-01
2.000000e+01	7.164014e-01
3.500000e+01	7.851864e-01
5.000000e+01	8.358219e-01
7.500000e+01	8.961325e-01
1.000000e+02	9.615961e-01
1.250000e+02	1.032309e+00
1.500000e+02	1.108968e+00
1.750000e+02	1.188369e+00
2.000000e+02	1.272330e+00
2.500000e+02	1.265927e+00
3.000000e+02	1.236769e+00
3.500000e+02	1.206603e+00
4.000000e+02	1.177706e+00
4.500000e+02	1.153768e+00
4.900000e+02	1.141269e+00
5.250000e+02	1.137478e+00
5.600000e+02	1.141247e+00
6.150000e+02	1.161500e+00
6.600000e+02	1.187359e+00
7.000000e+02	1.216114e+00
7.500000e+02	1.252943e+00
8.000000e+02	1.287529e+00
8.540000e+02	1.090780e+00
9.000000e+02	9.457042e-01
9.460000e+02	8.335737e-01
9.710000e+02	7.494297e-01
1.003000e+03	6.405117e-01
1.032000e+03	5.575078e-01
1.065000e+03	4.777449e-01
1.101000e+03	4.057204e-01
1.143000e+03	3.524295e-01
1.214000e+03	2.972981e-01
1.299000e+03	3.193120e-01
1.398000e+03	5.651215e-01
1.520000e+03	1.881911e+00
1.617000e+03	3.257930e+00
1.722000e+03	5.523005e+00
1.820000e+03	6.991441e+00
1.894000e+03	8.464063e+00
1.946000e+03	9.255628e+00
1.989000e+03	9.726990e+00
2.024000e+03	1.002939e+01
2.055000e+03	1.018610e+01
2.083000e+03	1.013931e+01
2.098000e+03	1.011727e+01
2.110000e+03	1.010108e+01
2.120000e+03	1.008846e+01
2.126000e+03	1.008070e+01
2.130000e+03	1.007520e+01
2.132000e+03	1.007182e+01
2.134000e+03	1.006705e+01
2.136000e+03	1.006037e+01
2.138000e+03	1.004865e+01
2.141930e+03	1.001797e+01
2.145160e+03	9.538563e+00
2.147050e+03	8.969069e+00
2.148650e+03	8.658214e+00
2.150120e+03	7.632671e+00
2.151160e+03	6.849349e+00
2.152030e+03	6.246901e+00
2.152870e+03	5.726161e+00
2.153480e+03	5.404484e+00
2.154070e+03	5.310623e+00
2.154730e+03	5.215279e+00
2.155500e+03	5.122334e+00
2.156160e+03	5.055717e+00
2.156820e+03	4.998549e+00
2.157570e+03	4.944561e+00
2.158210e+03	4.906025e+00
2.158840e+03	4.873206e+00
2.159420e+03	4.846384e+00
2.160010e+03	4.822825e+00
2.160630e+03	4.800486e+00
2.161260e+03	4.780252e+00
2.162290e+03	4.751719e+00
2.163290e+03	4.737291e+00
2.164560e+03	4.731551e+00
2.166030e+03	4.725937e+00
2.167690e+03	4.720598e+00
2.169990e+03	4.714490e+00
2.172320e+03	4.709379e+00
2.175280e+03	4.703965e+00
2.178740e+03	4.698765e+00
2.182440e+03	4.694132e+00
2.186080e+03	4.690289e+00
2.191460e+03	4.812435e+00
2.196520e+03	4.914123e+00
2.201920e+03	5.006958e+00
2.207660e+03	5.090049e+00
2.213740e+03	5.166792e+00
2.220040e+03	5.235170e+00
2.227740e+03	5.307982e+00
2.235290e+03	5.369033e+00
2.243320e+03	5.427392e+00
2.251640e+03	5.479660e+00
2.259430e+03	5.523988e+00
2.269690e+03	5.575075e+00
2.282380e+03	5.630061e+00
2.294370e+03	5.675444e+00
2.308550e+03	5.722909e+00
2.325780e+03	5.772407e+00
2.346100e+03	5.822724e+00
2.378190e+03	5.888342e+00
2.418660e+03	5.953632e+00
2.457900e+03	6.566744e+00
2.495560e+03	7.116007e+00
2.535470e+03	7.605724e+00
2.578230e+03	8.043693e+00
2.628320e+03	8.460288e+00
2.688100e+03	8.880509e+00
2.761490e+03	9.314525e+00
2.844400e+03	9.725162e+00
2.970760e+03	1.023313e+01
3.133790e+03	1.074722e+01
3.424990e+03	1.148635e+01
3.752710e+03	1.368571e+01
4.295860e+03	1.623107e+01
4.968640e+03	2.132230e+01
5.762830e+03	3.180669e+01
7.360820e+03	6.406517e+01
8.974240e+03	1.492896e+02
1.159620e+04	1.191204e+03
1.539200e+04	2.430634e+04
2.113310e+04	1.430089e+06
2.667660e+04	3.101298e+06
3.607950e+04	7.890917e+06
4.700930e+04	1.305647e+07
6.808440e+04	2.474022e+07
