-1.000000e+02	1.000000e+00
-9.000000e+01	9.489574e-01
-8.000000e+01	9.544088e-01
-7.000000e+01	9.587674e-01
-6.000000e+01	9.607521e-01
-5.000000e+01	9.629448e-01
-4.000000e+01	9.653359e-01
-3.000000e+01	9.679883e-01
-2.000000e+01	9.706928e-01
-1.000000e+01	9.735613e-01
0.000000e+00	9.764484e-01
1.000000e+01	9.795124e-01
2.000000e+01	9.826900e-01
3.500000e+01	9.877385e-01
5.000000e+01	9.904182e-01
7.500000e+01	9.916906e-01
1.000000e+02	9.930716e-01
1.250000e+02	9.945635e-01
1.500000e+02	9.961808e-01
1.750000e+02	9.978559e-01
2.000000e+02	9.996272e-01
2.500000e+02	1.000000e+00
3.000000e+02	1.000000e+00
3.500000e+02	1.000000e+00
4.000000e+02	1.000000e+00
4.500000e+02	1.000000e+00
4.900000e+02	1.000000e+00
5.250000e+02	1.000000e+00
5.600000e+02	1.000000e+00
6.150000e+02	1.000000e+00
6.600000e+02	1.000000e+00
7.000000e+02	1.000000e+00
7.500000e+02	1.000000e+00
8.000000e+02	1.000000e+00
8.540000e+02	9.957970e-01
9.000000e+02	9.927364e-01
9.460000e+02	9.903708e-01
9.710000e+02	9.851141e-01
1.003000e+03	9.771201e-01
1.032000e+03	9.710281e-01
1.065000e+03	9.651739e-01
1.101000e+03	9.598877e-01
1.143000e+03	9.470930e-01
1.214000e+03	9.252828e-01
1.299000e+03	9.051458e-01
1.398000e+03	9.386915e-01
1.520000e+03	1.157287e+00
1.617000e+03	1.429174e+00
1.722000e+03	1.807538e+00
1.820000e+03	2.058380e+00
1.894000e+03	2.264330e+00
1.946000e+03	2.375466e+00
1.989000e+03	2.452598e+00
2.024000e+03	2.502082e+00
2.055000e+03	2.542514e+00
2.083000e+03	2.584617e+00
2.098000e+03	2.604459e+00
2.110000e+03	2.619028e+00
2.120000e+03	2.630390e+00
2.126000e+03	2.637374e+00
2.130000e+03	2.642321e+00
2.132000e+03	2.645364e+00
2.134000e+03	2.649659e+00
2.136000e+03	2.655670e+00
2.138000e+03	2.666219e+00
2.141930e+03	2.693827e+00
2.145160e+03	2.746781e+00
2.147050e+03	2.792176e+00
2.148650e+03	2.816954e+00
2.150120e+03	2.850758e+00
2.151160e+03	2.875160e+00
2.152030e+03	2.893928e+00
2.152870e+03	2.910151e+00
2.153480e+03	2.921153e+00
2.154070e+03	2.940765e+00
2.154730e+03	2.960688e+00
2.155500e+03	2.980109e+00
2.156160e+03	2.994029e+00
2.156820e+03	3.005975e+00
2.157570e+03	3.017256e+00
2.158210e+03	3.025308e+00
2.158840e+03	3.032166e+00
2.159420e+03	3.037771e+00
2.160010e+03	3.042693e+00
2.160630e+03	3.047361e+00
2.161260e+03	3.051589e+00
2.162290e+03	3.057551e+00
2.163290e+03	3.065961e+00
2.164560e+03	3.078589e+00
2.166030e+03	3.090939e+00
2.167690e+03	3.102685e+00
2.169990e+03	3.116123e+00
2.172320e+03	3.127366e+00
2.175280e+03	3.139277e+00
2.178740e+03	3.150718e+00
2.182440e+03	3.160910e+00
2.186080e+03	3.169364e+00
2.191460e+03	3.199886e+00
2.196520e+03	3.224707e+00
2.201920e+03	3.247368e+00
2.207660e+03	3.267650e+00
2.213740e+03	3.286382e+00
2.220040e+03	3.303073e+00
2.227740e+03	3.320846e+00
2.235290e+03	3.335748e+00
2.243320e+03	3.349993e+00
2.251640e+03	3.362752e+00
2.259430e+03	3.373572e+00
2.269690e+03	3.386042e+00
2.282380e+03	3.399464e+00
2.294370e+03	3.410542e+00
2.308550e+03	3.422127e+00
2.325780e+03	3.434210e+00
2.346100e+03	3.446492e+00
2.378190e+03	3.462509e+00
2.418660e+03	3.478446e+00
2.457900e+03	3.541344e+00
2.495560e+03	3.596876e+00
2.535470e+03	3.646388e+00
2.578230e+03	3.690667e+00
2.628320e+03	3.732786e+00
2.688100e+03	3.775272e+00
2.761490e+03	3.819152e+00
2.844400e+03	3.860669e+00
2.970760e+03	3.912026e+00
3.133790e+03	3.964002e+00
3.424990e+03	4.035710e+00
3.752710e+03	4.181152e+00
4.295860e+03	4.349474e+00
4.968640e+03	4.583165e+00
5.762830e+03	4.937931e+00
7.360820e+03	5.640058e+00
8.974240e+03	6.604604e+00
1.159620e+04	9.177190e+00
1.539200e+04	1.400000e+00
2.113310e+04	1.400000e+00
2.667660e+04	1.400000e+00
3.607950e+04	1.400000e+00
4.700930e+04	1.400000e+00
6.808440e+04	1.400000e+00
