-1.000000e+02	2.033086e+13
-9.000000e+01	2.863754e+11
-8.000000e+01	3.552262e+11
-7.000000e+01	4.484941e+11
-6.000000e+01	5.640710e+11
-5.000000e+01	7.030858e+11
-4.000000e+01	8.619017e+11
-3.000000e+01	1.042801e+12
-2.000000e+01	1.219194e+12
-1.000000e+01	1.400311e+12
0.000000e+00	1.571614e+12
1.000000e+01	1.747830e+12
2.000000e+01	1.923497e+12
3.500000e+01	2.192514e+12
5.000000e+01	2.459025e+12
7.500000e+01	2.900158e+12
1.000000e+02	3.368640e+12
1.250000e+02	3.868959e+12
1.500000e+02	4.407806e+12
1.750000e+02	4.959643e+12
2.000000e+02	5.539821e+12
2.500000e+02	6.767368e+12
3.000000e+02	8.103513e+12
3.500000e+02	9.483521e+12
4.000000e+02	1.080430e+13
4.500000e+02	1.189773e+13
4.900000e+02	1.241817e+13
5.250000e+02	1.256951e+13
5.600000e+02	1.241930e+13
6.150000e+02	1.154535e+13
6.600000e+02	1.036488e+13
7.000000e+02	9.051036e+12
7.500000e+02	7.363903e+12
8.000000e+02	5.763085e+12
8.540000e+02	4.238032e+12
9.000000e+02	3.207190e+12
9.460000e+02	2.413065e+12
9.710000e+02	2.058217e+12
1.003000e+03	1.690589e+12
1.032000e+03	1.416395e+12
1.065000e+03	1.157736e+12
1.101000e+03	9.289395e+11
1.143000e+03	7.182458e+11
1.214000e+03	4.640330e+11
1.299000e+03	2.653470e+11
1.398000e+03	1.246027e+11
1.520000e+03	3.784631e+10
1.617000e+03	1.449871e+10
1.722000e+03	4.926568e+09
1.820000e+03	1.954003e+09
1.894000e+03	9.627697e+08
1.946000e+03	6.006811e+08
1.989000e+03	4.133431e+08
2.024000e+03	3.081576e+08
2.055000e+03	2.398925e+08
2.083000e+03	1.935732e+08
2.098000e+03	1.725415e+08
2.110000e+03	1.573962e+08
2.120000e+03	1.447053e+08
2.126000e+03	1.348072e+08
2.130000e+03	1.262333e+08
2.132000e+03	1.191072e+08
2.134000e+03	1.066035e+08
2.136000e+03	8.893176e+07
2.138000e+03	6.226038e+07
2.141930e+03	2.515672e+07
2.145160e+03	7.564011e+06
2.147050e+03	4.873636e+06
2.148650e+03	6.085685e+06
2.150120e+03	8.036099e+06
2.151160e+03	9.726193e+06
2.152030e+03	1.117333e+07
2.152870e+03	1.249306e+07
2.153480e+03	1.332290e+07
2.154070e+03	1.354171e+07
2.154730e+03	1.366099e+07
2.155500e+03	1.367423e+07
2.156160e+03	1.360610e+07
2.156820e+03	1.349179e+07
2.157570e+03	1.334261e+07
2.158210e+03	1.320272e+07
2.158840e+03	1.306184e+07
2.159420e+03	1.292787e+07
2.160010e+03	1.279674e+07
2.160630e+03	1.265834e+07
2.161260e+03	1.252215e+07
2.162290e+03	1.231209e+07
2.163290e+03	1.209309e+07
2.164560e+03	1.181531e+07
2.166030e+03	1.152435e+07
2.167690e+03	1.122888e+07
2.169990e+03	1.086773e+07
2.172320e+03	1.054580e+07
2.175280e+03	1.018363e+07
2.178740e+03	9.814287e+06
2.182440e+03	9.467193e+06
2.186080e+03	9.165985e+06
2.191460e+03	8.558030e+06
2.196520e+03	8.081447e+06
2.201920e+03	7.653014e+06
2.207660e+03	7.274198e+06
2.213740e+03	6.928669e+06
2.220040e+03	6.623200e+06
2.227740e+03	6.301187e+06
2.235290e+03	6.032729e+06
2.243320e+03	5.777893e+06
2.251640e+03	5.550994e+06
2.259430e+03	5.359623e+06
2.269690e+03	5.140095e+06
2.282380e+03	4.905249e+06
2.294370e+03	4.712251e+06
2.308550e+03	4.511407e+06
2.325780e+03	4.302810e+06
2.346100e+03	4.091761e+06
2.378190e+03	3.817919e+06
2.418660e+03	3.546780e+06
2.457900e+03	3.060980e+06
2.495560e+03	2.708148e+06
2.535470e+03	2.433606e+06
2.578230e+03	2.214571e+06
2.628320e+03	2.026154e+06
2.688100e+03	1.852501e+06
2.761490e+03	1.688172e+06
2.844400e+03	1.544987e+06
2.970760e+03	1.382283e+06
3.133790e+03	1.231768e+06
3.424990e+03	1.047060e+06
3.752710e+03	8.081800e+05
4.295860e+03	6.098497e+05
4.968640e+03	4.175582e+05
5.762830e+03	2.533618e+05
7.360820e+03	1.074948e+05
8.974240e+03	4.067903e+04
1.159620e+04	4.320938e+03
1.539200e+04	1.747231e+02
2.113310e+04	2.353478e+00
2.667660e+04	9.007095e-01
3.607950e+04	2.706815e-01
4.700930e+04	1.254278e-01
6.808440e+04	4.286585e-02
