-1.000000e+02	1.320444e+13
-9.000000e+01	5.761908e+11
-8.000000e+01	5.777143e+11
-7.000000e+01	5.660726e+11
-6.000000e+01	5.417003e+11
-5.000000e+01	5.034490e+11
-4.000000e+01	4.545151e+11
-3.000000e+01	3.955061e+11
-2.000000e+01	3.433977e+11
-1.000000e+01	2.940989e+11
0.000000e+00	2.554721e+11
1.000000e+01	2.200616e+11
2.000000e+01	1.904201e+11
3.500000e+01	1.534018e+11
5.000000e+01	1.260382e+11
7.500000e+01	9.632536e+10
1.000000e+02	7.441548e+10
1.250000e+02	5.647686e+10
1.500000e+02	4.057674e+10
1.750000e+02	3.038825e+10
2.000000e+02	2.296750e+10
2.500000e+02	1.433655e+10
3.000000e+02	8.641384e+09
3.500000e+02	5.013679e+09
4.000000e+02	2.782727e+09
4.500000e+02	1.561825e+09
4.900000e+02	1.181547e+09
5.250000e+02	1.024591e+09
5.600000e+02	9.636420e+08
6.150000e+02	1.161641e+09
6.600000e+02	1.751176e+09
7.000000e+02	3.569497e+09
7.500000e+02	1.026437e+10
8.000000e+02	3.300716e+10
8.540000e+02	8.627519e+10
9.000000e+02	1.274557e+11
9.460000e+02	1.566621e+11
9.710000e+02	1.670983e+11
1.003000e+03	1.673668e+11
1.032000e+03	1.616046e+11
1.065000e+03	1.512382e+11
1.101000e+03	1.371099e+11
1.143000e+03	1.202528e+11
1.214000e+03	9.291310e+10
1.299000e+03	7.273377e+10
1.398000e+03	6.210297e+10
1.520000e+03	5.080037e+10
1.617000e+03	3.478649e+10
1.722000e+03	2.135000e+10
1.820000e+03	1.284363e+10
1.894000e+03	8.703727e+09
1.946000e+03	6.626433e+09
1.989000e+03	5.303109e+09
2.024000e+03	4.439134e+09
2.055000e+03	3.802821e+09
2.083000e+03	3.318255e+09
2.098000e+03	3.089096e+09
2.110000e+03	2.920543e+09
2.120000e+03	2.789969e+09
2.126000e+03	2.711809e+09
2.130000e+03	2.658004e+09
2.132000e+03	2.626758e+09
2.134000e+03	2.585101e+09
2.136000e+03	2.526986e+09
2.138000e+03	2.420637e+09
2.141930e+03	2.109622e+09
2.145160e+03	1.622437e+09
2.147050e+03	1.253819e+09
2.148650e+03	1.049930e+09
2.150120e+03	8.775548e+08
2.151160e+03	7.604215e+08
2.152030e+03	6.701876e+08
2.152870e+03	5.921232e+08
2.153480e+03	5.422228e+08
2.154070e+03	4.998731e+08
2.154730e+03	4.569579e+08
2.155500e+03	4.152249e+08
2.156160e+03	3.853912e+08
2.156820e+03	3.598451e+08
2.157570e+03	3.357612e+08
2.158210e+03	3.186037e+08
2.158840e+03	3.040132e+08
2.159420e+03	2.921078e+08
2.160010e+03	2.816644e+08
2.160630e+03	2.717754e+08
2.161260e+03	2.628293e+08
2.162290e+03	2.502321e+08
2.163290e+03	2.397447e+08
2.164560e+03	2.284839e+08
2.166030e+03	2.174905e+08
2.167690e+03	2.070534e+08
2.169990e+03	1.951364e+08
2.172320e+03	1.851851e+08
2.175280e+03	1.746643e+08
2.178740e+03	1.645801e+08
2.182440e+03	1.556143e+08
2.186080e+03	1.481912e+08
2.191460e+03	1.392601e+08
2.196520e+03	1.322965e+08
2.201920e+03	1.259325e+08
2.207660e+03	1.202318e+08
2.213740e+03	1.149623e+08
2.220040e+03	1.102648e+08
2.227740e+03	1.052594e+08
2.235290e+03	1.010610e+08
2.243320e+03	9.704586e+07
2.251640e+03	9.344845e+07
2.259430e+03	9.039651e+07
2.269690e+03	8.687816e+07
2.282380e+03	8.308985e+07
2.294370e+03	7.996231e+07
2.308550e+03	7.669029e+07
2.325780e+03	7.327728e+07
2.346100e+03	6.980681e+07
2.378190e+03	6.527962e+07
2.418660e+03	6.077369e+07
2.457900e+03	5.745028e+07
2.495560e+03	5.477656e+07
2.535470e+03	5.235266e+07
2.578230e+03	5.015839e+07
2.628320e+03	4.805128e+07
2.688100e+03	4.590943e+07
2.761490e+03	4.368224e+07
2.844400e+03	4.156272e+07
2.970760e+03	3.892639e+07
3.133790e+03	3.624417e+07
3.424990e+03	3.271329e+07
3.752710e+03	2.993024e+07
4.295860e+03	2.663122e+07
4.968640e+03	2.383985e+07
5.762830e+03	2.149451e+07
7.360820e+03	1.827712e+07
8.974240e+03	1.606497e+07
1.159620e+04	1.356829e+07
1.539200e+04	1.115924e+07
2.113310e+04	8.816989e+06
2.667660e+04	7.303569e+06
3.607950e+04	5.572204e+06
4.700930e+04	4.264920e+06
6.808440e+04	2.755991e+06
