-1.000000e+02	1.117386e+10
-9.000000e+01	1.396182e+08
-8.000000e+01	1.510847e+08
-7.000000e+01	1.643834e+08
-6.000000e+01	1.792687e+08
-5.000000e+01	1.957595e+08
-4.000000e+01	2.137705e+08
-3.000000e+01	2.337576e+08
-2.000000e+01	2.542005e+08
-1.000000e+01	2.759263e+08
0.000000e+00	2.978871e+08
1.000000e+01	3.212528e+08
2.000000e+01	3.456007e+08
3.500000e+01	3.844819e+08
5.000000e+01	4.249099e+08
7.500000e+01	4.954616e+08
1.000000e+02	5.732620e+08
1.250000e+02	6.586105e+08
1.500000e+02	7.520406e+08
1.750000e+02	8.500059e+08
2.000000e+02	9.539234e+08
2.500000e+02	1.177249e+09
3.000000e+02	1.409922e+09
3.500000e+02	1.614397e+09
4.000000e+02	1.731151e+09
4.500000e+02	1.724751e+09
4.900000e+02	1.716917e+09
5.250000e+02	1.727922e+09
5.600000e+02	1.763601e+09
6.150000e+02	1.958662e+09
6.600000e+02	2.246792e+09
7.000000e+02	2.632659e+09
7.500000e+02	2.939437e+09
8.000000e+02	2.910694e+09
8.540000e+02	2.565665e+09
9.000000e+02	2.195120e+09
9.460000e+02	1.846023e+09
9.710000e+02	1.666970e+09
1.003000e+03	1.461225e+09
1.032000e+03	1.291510e+09
1.065000e+03	1.115906e+09
1.101000e+03	9.452255e+08
1.143000e+03	7.732187e+08
1.214000e+03	5.409575e+08
1.299000e+03	3.428610e+08
1.398000e+03	1.953867e+08
1.520000e+03	9.503097e+07
1.617000e+03	5.363889e+07
1.722000e+03	2.889150e+07
1.820000e+03	1.634705e+07
1.894000e+03	1.069989e+07
1.946000e+03	8.004661e+06
1.989000e+03	6.333249e+06
2.024000e+03	5.260260e+06
2.055000e+03	4.480002e+06
2.083000e+03	3.892652e+06
2.098000e+03	3.615694e+06
2.110000e+03	3.412304e+06
2.120000e+03	3.253859e+06
2.126000e+03	3.156911e+06
2.130000e+03	3.088633e+06
2.132000e+03	3.047141e+06
2.134000e+03	2.989547e+06
2.136000e+03	2.910266e+06
2.138000e+03	2.774771e+06
2.141930e+03	2.431864e+06
2.145160e+03	1.901498e+06
2.147050e+03	1.402986e+06
2.148650e+03	1.164596e+06
2.150120e+03	9.755478e+05
2.151160e+03	8.475799e+05
2.152030e+03	7.487678e+05
2.152870e+03	6.630448e+05
2.153480e+03	6.082731e+05
2.154070e+03	5.615074e+05
2.154730e+03	5.141803e+05
2.155500e+03	4.682109e+05
2.156160e+03	4.353510e+05
2.156820e+03	4.071913e+05
2.157570e+03	3.806116e+05
2.158210e+03	3.616426e+05
2.158840e+03	3.454850e+05
2.159420e+03	3.322659e+05
2.160010e+03	3.206402e+05
2.160630e+03	3.096034e+05
2.161260e+03	2.995952e+05
2.162290e+03	2.854629e+05
2.163290e+03	2.736371e+05
2.164560e+03	2.608782e+05
2.166030e+03	2.483835e+05
2.167690e+03	2.364859e+05
2.169990e+03	2.228600e+05
2.172320e+03	2.114489e+05
2.175280e+03	1.993540e+05
2.178740e+03	1.877338e+05
2.182440e+03	1.774448e+05
2.186080e+03	1.689405e+05
2.191460e+03	1.584780e+05
2.196520e+03	1.503318e+05
2.201920e+03	1.429068e+05
2.207660e+03	1.362728e+05
2.213740e+03	1.301550e+05
2.220040e+03	1.247133e+05
2.227740e+03	1.189273e+05
2.235290e+03	1.140840e+05
2.243320e+03	1.094600e+05
2.251640e+03	1.053233e+05
2.259430e+03	1.018182e+05
2.269690e+03	9.778224e+04
2.282380e+03	9.344188e+04
2.294370e+03	8.986257e+04
2.308550e+03	8.612148e+04
2.325780e+03	8.222666e+04
2.346100e+03	7.827639e+04
2.378190e+03	7.312872e+04
2.418660e+03	6.801169e+04
2.457900e+03	6.400045e+04
2.495560e+03	6.080642e+04
2.535470e+03	5.794935e+04
2.578230e+03	5.538782e+04
2.628320e+03	5.294619e+04
2.688100e+03	5.048306e+04
2.761490e+03	4.797537e+04
2.844400e+03	4.559810e+04
2.970760e+03	4.265225e+04
3.133790e+03	3.966634e+04
3.424990e+03	3.574549e+04
3.752710e+03	3.256977e+04
4.295860e+03	2.887861e+04
4.968640e+03	2.573116e+04
5.762830e+03	2.308249e+04
7.360820e+03	1.958695e+04
8.974240e+03	1.724756e+04
1.159620e+04	1.459039e+04
1.539200e+04	1.202485e+04
2.113310e+04	9.549736e+03
2.667660e+04	7.949205e+03
3.607950e+04	6.105011e+03
4.700930e+04	4.687105e+03
6.808440e+04	3.029502e+03
