-1.000000e+02	5.930821e+10
-9.000000e+01	1.531387e+09
-8.000000e+01	1.656234e+09
-7.000000e+01	1.801033e+09
-6.000000e+01	1.962825e+09
-5.000000e+01	2.141557e+09
-4.000000e+01	2.336448e+09
-3.000000e+01	2.552616e+09
-2.000000e+01	2.773024e+09
-1.000000e+01	3.006778e+09
0.000000e+00	3.242051e+09
1.000000e+01	3.491726e+09
2.000000e+01	3.750647e+09
3.500000e+01	4.161979e+09
5.000000e+01	4.585826e+09
7.500000e+01	5.314620e+09
1.000000e+02	6.104986e+09
1.250000e+02	6.957126e+09
1.500000e+02	7.877575e+09
1.750000e+02	8.827277e+09
2.000000e+02	9.826508e+09
2.500000e+02	1.193537e+10
3.000000e+02	1.419253e+10
3.500000e+02	1.644724e+10
4.000000e+02	1.846732e+10
4.500000e+02	1.994316e+10
4.900000e+02	2.056705e+10
5.250000e+02	2.068706e+10
5.600000e+02	2.040536e+10
6.150000e+02	1.919315e+10
6.600000e+02	1.754680e+10
7.000000e+02	1.563187e+10
7.500000e+02	1.293710e+10
8.000000e+02	1.024842e+10
8.540000e+02	7.665810e+09
9.000000e+02	5.914324e+09
9.460000e+02	4.558841e+09
9.710000e+02	3.948143e+09
1.003000e+03	3.296560e+09
1.032000e+03	2.799964e+09
1.065000e+03	2.322732e+09
1.101000e+03	1.891777e+09
1.143000e+03	1.488128e+09
1.214000e+03	9.886529e+08
1.299000e+03	6.003805e+08
1.398000e+03	3.317388e+08
1.520000e+03	1.575739e+08
1.617000e+03	8.761662e+07
1.722000e+03	4.671607e+07
1.820000e+03	2.630884e+07
1.894000e+03	1.718639e+07
1.946000e+03	1.284942e+07
1.989000e+03	1.016359e+07
2.024000e+03	8.440490e+06
2.055000e+03	7.187794e+06
2.083000e+03	6.243909e+06
2.098000e+03	5.799083e+06
2.110000e+03	5.472477e+06
2.120000e+03	5.217759e+06
2.126000e+03	5.061196e+06
2.130000e+03	4.950290e+06
2.132000e+03	4.882066e+06
2.134000e+03	4.785771e+06
2.136000e+03	4.651028e+06
2.138000e+03	4.414525e+06
2.141930e+03	3.795588e+06
2.145160e+03	2.898109e+06
2.147050e+03	2.237892e+06
2.148650e+03	1.877410e+06
2.150120e+03	1.574107e+06
2.151160e+03	1.368430e+06
2.152030e+03	1.210023e+06
2.152870e+03	1.072861e+06
2.153480e+03	9.850062e+05
2.154070e+03	9.095799e+05
2.154730e+03	8.329010e+05
2.155500e+03	7.580800e+05
2.156160e+03	7.044169e+05
2.156820e+03	6.583417e+05
2.157570e+03	6.147972e+05
2.158210e+03	5.837045e+05
2.158840e+03	5.572159e+05
2.159420e+03	5.355672e+05
2.160010e+03	5.165513e+05
2.160630e+03	4.985221e+05
2.161260e+03	4.821930e+05
2.162290e+03	4.591688e+05
2.163290e+03	4.399467e+05
2.164560e+03	4.192556e+05
2.166030e+03	3.990340e+05
2.167690e+03	3.798175e+05
2.169990e+03	3.578561e+05
2.172320e+03	3.395024e+05
2.175280e+03	3.200865e+05
2.178740e+03	3.014675e+05
2.182440e+03	2.849083e+05
2.186080e+03	2.711964e+05
2.191460e+03	2.545142e+05
2.196520e+03	2.415286e+05
2.201920e+03	2.296853e+05
2.207660e+03	2.190962e+05
2.213740e+03	2.093236e+05
2.220040e+03	2.006253e+05
2.227740e+03	1.913699e+05
2.235290e+03	1.836183e+05
2.243320e+03	1.762141e+05
2.251640e+03	1.695878e+05
2.259430e+03	1.639717e+05
2.269690e+03	1.575038e+05
2.282380e+03	1.505469e+05
2.294370e+03	1.448095e+05
2.308550e+03	1.388127e+05
2.325780e+03	1.325638e+05
2.346100e+03	1.262162e+05
2.378190e+03	1.179456e+05
2.418660e+03	1.097254e+05
2.457900e+03	1.035411e+05
2.495560e+03	9.859302e+04
2.535470e+03	9.413410e+04
2.578230e+03	9.011472e+04
2.628320e+03	8.626704e+04
2.688100e+03	8.236735e+04
2.761490e+03	7.832272e+04
2.844400e+03	7.448217e+04
2.970760e+03	6.971518e+04
3.133790e+03	6.487507e+04
3.424990e+03	5.851437e+04
3.752710e+03	5.347596e+04
4.295860e+03	4.753742e+04
4.968640e+03	4.251038e+04
5.762830e+03	3.828954e+04
7.360820e+03	3.252604e+04
8.974240e+03	2.857430e+04
1.159620e+04	2.412558e+04
1.539200e+04	1.984121e+04
2.113310e+04	1.567664e+04
2.667660e+04	1.298578e+04
3.607950e+04	9.907401e+03
4.700930e+04	7.583046e+03
6.808440e+04	4.900164e+03
