-1.000000e+02	3.815647e+12
-9.000000e+01	9.876087e+10
-8.000000e+01	1.067962e+11
-7.000000e+01	1.161102e+11
-6.000000e+01	1.265115e+11
-5.000000e+01	1.379937e+11
-4.000000e+01	1.505039e+11
-3.000000e+01	1.643659e+11
-2.000000e+01	1.784899e+11
-1.000000e+01	1.934555e+11
0.000000e+00	2.085101e+11
1.000000e+01	2.244713e+11
2.000000e+01	2.410110e+11
3.500000e+01	2.672563e+11
5.000000e+01	2.942527e+11
7.500000e+01	3.405672e+11
1.000000e+02	3.905744e+11
1.250000e+02	4.440369e+11
1.500000e+02	5.008226e+11
1.750000e+02	5.583710e+11
2.000000e+02	6.174169e+11
2.500000e+02	7.367145e+11
3.000000e+02	8.505861e+11
3.500000e+02	9.398996e+11
4.000000e+02	9.798007e+11
4.500000e+02	9.577494e+11
4.900000e+02	9.305660e+11
5.250000e+02	9.074421e+11
5.600000e+02	8.869786e+11
6.150000e+02	8.818082e+11
6.600000e+02	8.828905e+11
7.000000e+02	8.728177e+11
7.500000e+02	7.859736e+11
8.000000e+02	6.471599e+11
8.540000e+02	4.900605e+11
9.000000e+02	3.791447e+11
9.460000e+02	2.926783e+11
9.710000e+02	2.536037e+11
1.003000e+03	2.118372e+11
1.032000e+03	1.799774e+11
1.065000e+03	1.493419e+11
1.101000e+03	1.216631e+11
1.143000e+03	9.573228e+10
1.214000e+03	6.363085e+10
1.299000e+03	3.867162e+10
1.398000e+03	2.138959e+10
1.520000e+03	1.016797e+10
1.617000e+03	5.654924e+09
1.722000e+03	3.015491e+09
1.820000e+03	1.698303e+09
1.894000e+03	1.109455e+09
1.946000e+03	8.294958e+08
1.989000e+03	6.561169e+08
2.024000e+03	5.448843e+08
2.055000e+03	4.640171e+08
2.083000e+03	4.030847e+08
2.098000e+03	3.743688e+08
2.110000e+03	3.532847e+08
2.120000e+03	3.368413e+08
2.126000e+03	3.267344e+08
2.130000e+03	3.195750e+08
2.132000e+03	3.151709e+08
2.134000e+03	3.089548e+08
2.136000e+03	3.002569e+08
2.138000e+03	2.849902e+08
2.141930e+03	2.450353e+08
2.145160e+03	1.870971e+08
2.147050e+03	1.444744e+08
2.148650e+03	1.212021e+08
2.150120e+03	1.016238e+08
2.151160e+03	8.835191e+07
2.152030e+03	7.813597e+07
2.152870e+03	6.929716e+07
2.153480e+03	6.364069e+07
2.154070e+03	5.878601e+07
2.154730e+03	5.385344e+07
2.155500e+03	4.904355e+07
2.156160e+03	4.559568e+07
2.156820e+03	4.263663e+07
2.157570e+03	3.984166e+07
2.158210e+03	3.784662e+07
2.158840e+03	3.614751e+07
2.159420e+03	3.475906e+07
2.160010e+03	3.353964e+07
2.160630e+03	3.238353e+07
2.161260e+03	3.133651e+07
2.162290e+03	2.986031e+07
2.163290e+03	2.862728e+07
2.164560e+03	2.729941e+07
2.166030e+03	2.600136e+07
2.167690e+03	2.476743e+07
2.169990e+03	2.335662e+07
2.172320e+03	2.217696e+07
2.175280e+03	2.092820e+07
2.178740e+03	1.972974e+07
2.182440e+03	1.866295e+07
2.186080e+03	1.777886e+07
2.191460e+03	1.669534e+07
2.196520e+03	1.585094e+07
2.201920e+03	1.508033e+07
2.207660e+03	1.439087e+07
2.213740e+03	1.375426e+07
2.220040e+03	1.318724e+07
2.227740e+03	1.258363e+07
2.235290e+03	1.207773e+07
2.243320e+03	1.159426e+07
2.251640e+03	1.116137e+07
2.259430e+03	1.079433e+07
2.269690e+03	1.037143e+07
2.282380e+03	9.916353e+06
2.294370e+03	9.540862e+06
2.308550e+03	9.148230e+06
2.325780e+03	8.738894e+06
2.346100e+03	8.322893e+06
2.378190e+03	7.780559e+06
2.418660e+03	7.241142e+06
2.457900e+03	6.822497e+06
2.495560e+03	6.488699e+06
2.535470e+03	6.189559e+06
2.578230e+03	5.921013e+06
2.628320e+03	5.664795e+06
2.688100e+03	5.405747e+06
2.761490e+03	5.137646e+06
2.844400e+03	4.883540e+06
2.970760e+03	4.568681e+06
3.133790e+03	4.249522e+06
3.424990e+03	3.830482e+06
3.752710e+03	3.493660e+06
4.295860e+03	3.100570e+06
4.968640e+03	2.766322e+06
5.762830e+03	2.485353e+06
7.360820e+03	2.105614e+06
8.974240e+03	1.846928e+06
1.159620e+04	1.557759e+06
1.539200e+04	1.280938e+06
2.113310e+04	1.012068e+06
2.667660e+04	8.383487e+05
3.607950e+04	6.396119e+05
4.700930e+04	4.895538e+05
6.808440e+04	3.163496e+05
