-1.000000e+02	1.907612e+09
-9.000000e+01	1.043096e+08
-8.000000e+01	5.491616e+07
-7.000000e+01	2.473900e+07
-6.000000e+01	1.013965e+07
-5.000000e+01	3.850973e+06
-4.000000e+01	1.391331e+06
-3.000000e+01	4.592141e+05
-2.000000e+01	1.687031e+05
-1.000000e+01	6.254151e+04
0.000000e+00	2.637243e+04
1.000000e+01	1.110966e+04
2.000000e+01	4.926150e+03
3.500000e+01	1.497978e+03
5.000000e+01	5.403137e+02
7.500000e+01	1.435110e+02
1.000000e+02	4.450670e+01
1.250000e+02	1.529874e+01
1.500000e+02	5.350382e+00
1.750000e+02	2.389296e+00
2.000000e+02	1.161581e+00
2.500000e+02	3.768668e-01
3.000000e+02	1.161860e-01
3.500000e+02	3.283584e-02
4.000000e+02	8.279371e-03
4.500000e+02	2.108315e-03
4.900000e+02	1.078630e-03
5.250000e+02	7.654541e-04
5.600000e+02	6.626902e-04
6.150000e+02	1.049047e-03
6.600000e+02	2.815477e-03
7.000000e+02	1.498397e-02
7.500000e+02	1.709413e-01
8.000000e+02	2.623508e+00
8.540000e+02	4.486332e+01
9.000000e+02	2.820001e+02
9.460000e+02	1.076184e+03
9.710000e+02	2.004269e+03
1.003000e+03	3.382877e+03
1.032000e+03	4.706512e+03
1.065000e+03	6.176047e+03
1.101000e+03	7.527402e+03
1.143000e+03	8.373769e+03
1.214000e+03	7.998336e+03
1.299000e+03	7.753707e+03
1.398000e+03	8.723973e+03
1.520000e+03	1.096501e+04
1.617000e+03	1.116347e+04
1.722000e+03	1.072307e+04
1.820000e+03	9.428365e+03
1.894000e+03	8.649470e+03
1.946000e+03	8.014958e+03
1.989000e+03	7.523673e+03
2.024000e+03	7.128659e+03
2.055000e+03	6.749939e+03
2.083000e+03	6.520619e+03
2.098000e+03	6.458337e+03
2.110000e+03	6.449091e+03
2.120000e+03	6.658486e+03
2.126000e+03	7.264964e+03
2.130000e+03	8.178790e+03
2.132000e+03	9.407413e+03
2.134000e+03	1.278461e+04
2.136000e+03	2.156258e+04
2.138000e+03	6.115197e+04
2.141930e+03	7.390426e+05
2.145160e+03	1.681346e+07
2.147050e+03	2.636796e+08
2.148650e+03	1.455846e+09
2.150120e+03	5.064786e+09
2.151160e+03	1.118317e+10
2.152030e+03	1.955132e+10
2.152870e+03	3.082481e+10
2.153480e+03	4.025489e+10
2.154070e+03	4.896249e+10
2.154730e+03	5.760816e+10
2.155500e+03	6.514023e+10
2.156160e+03	6.941352e+10
2.156820e+03	7.209256e+10
2.157570e+03	7.375469e+10
2.158210e+03	7.429053e+10
2.158840e+03	7.431650e+10
2.159420e+03	7.400927e+10
2.160010e+03	7.353527e+10
2.160630e+03	7.290147e+10
2.161260e+03	7.215240e+10
2.162290e+03	7.081939e+10
2.163290e+03	6.944064e+10
2.164560e+03	6.770859e+10
2.166030e+03	6.576623e+10
2.167690e+03	6.369318e+10
2.169990e+03	6.105391e+10
2.172320e+03	5.862278e+10
2.175280e+03	5.581608e+10
2.178740e+03	5.297063e+10
2.182440e+03	5.019863e+10
2.186080e+03	4.769403e+10
2.191460e+03	4.434030e+10
2.196520e+03	4.151306e+10
2.201920e+03	3.876939e+10
2.207660e+03	3.619058e+10
2.213740e+03	3.370687e+10
2.220040e+03	3.143335e+10
2.227740e+03	2.895247e+10
2.235290e+03	2.685510e+10
2.243320e+03	2.484104e+10
2.251640e+03	2.304322e+10
2.259430e+03	2.152937e+10
2.269690e+03	1.980998e+10
2.282380e+03	1.799552e+10
2.294370e+03	1.654199e+10
2.308550e+03	1.506691e+10
2.325780e+03	1.359190e+10
2.346100e+03	1.211334e+10
2.378190e+03	9.745786e+09
2.418660e+03	7.734372e+09
2.457900e+03	6.389466e+09
2.495560e+03	5.456267e+09
2.535470e+03	4.717559e+09
2.578230e+03	4.122155e+09
2.628320e+03	3.602845e+09
2.688100e+03	3.137279e+09
2.761490e+03	2.712216e+09
2.844400e+03	2.357230e+09
2.970760e+03	1.974845e+09
3.133790e+03	1.539550e+09
3.424990e+03	1.075641e+09
3.752710e+03	8.094983e+08
4.295860e+03	4.646272e+08
4.968640e+03	2.457738e+08
5.762830e+03	1.399727e+08
7.360820e+03	3.597563e+07
8.974240e+03	5.161608e+06
1.159620e+04	4.457678e+05
1.539200e+04	5.727016e+03
2.113310e+04	8.621367e+02
2.667660e+04	3.639160e+02
3.607950e+04	1.368732e+02
4.700930e+04	6.548898e+01
6.808440e+04	2.039868e+01
