-1.000000e+02	6.245547e-15
-9.000000e+01	2.102230e-16
-8.000000e+01	1.657632e-17
-7.000000e+01	7.378305e-19
-6.000000e+01	2.344932e-20
-5.000000e+01	5.624413e-22
-4.000000e+01	1.122732e-23
-3.000000e+01	1.603826e-25
-2.000000e+01	3.421761e-27
-1.000000e+01	7.566286e-29
0.000000e+00	2.706709e-30
1.000000e+01	9.666548e-32
2.000000e+01	4.186190e-33
3.500000e+01	4.506499e-35
5.000000e+01	9.143580e-37
7.500000e+01	5.491644e-39
1.000000e+02	6.314016e-41
1.250000e+02	1.201590e-42
1.500000e+02	2.827940e-44
1.750000e+02	1.680546e-45
2.000000e+02	1.413535e-46
2.500000e+02	2.886219e-48
3.000000e+02	5.131489e-50
3.500000e+02	7.000696e-52
4.000000e+02	6.688279e-54
4.500000e+02	6.754053e-56
4.900000e+02	7.127291e-57
5.250000e+02	2.290536e-57
5.600000e+02	1.462720e-57
6.150000e+02	7.410009e-57
6.600000e+02	2.191589e-55
7.000000e+02	6.122744e-53
7.500000e+02	2.137596e-49
8.000000e+02	2.197787e-45
8.540000e+02	6.586428e-41
9.000000e+02	8.812187e-38
9.460000e+02	2.160663e-35
9.710000e+02	3.094482e-34
1.003000e+03	3.324653e-33
1.032000e+03	1.682340e-32
1.065000e+03	7.262357e-32
1.101000e+03	2.434816e-31
1.143000e+03	5.963289e-31
1.214000e+03	1.125951e-30
1.299000e+03	1.785970e-30
1.398000e+03	3.905477e-30
1.520000e+03	1.633955e-29
1.617000e+03	3.369601e-29
1.722000e+03	6.801251e-29
1.820000e+03	1.006972e-28
1.894000e+03	1.400702e-28
1.946000e+03	1.729145e-28
1.989000e+03	2.050930e-28
2.024000e+03	2.345298e-28
2.055000e+03	2.641195e-28
2.083000e+03	3.016490e-28
2.098000e+03	3.336097e-28
2.110000e+03	3.691015e-28
2.120000e+03	4.524525e-28
2.126000e+03	6.569550e-28
2.130000e+03	1.052790e-27
2.132000e+03	1.796701e-27
2.134000e+03	5.686974e-27
2.136000e+03	4.011064e-26
2.138000e+03	1.954943e-24
2.141930e+03	2.300151e-20
2.145160e+03	4.340195e-15
2.147050e+03	9.734476e-10
2.148650e+03	8.399429e-06
2.150120e+03	8.871523e-03
2.151160e+03	9.011460e-01
2.152030e+03	2.913225e+01
2.152870e+03	5.401626e+02
2.153480e+03	3.341855e+03
2.154070e+03	1.609314e+04
2.154730e+03	7.533666e+04
2.155500e+03	3.293599e+05
2.156160e+03	9.255284e+05
2.156820e+03	2.221146e+06
2.157570e+03	5.120634e+06
2.158210e+03	9.264663e+06
2.158840e+03	1.537055e+07
2.159420e+03	2.316998e+07
2.160010e+03	3.320983e+07
2.160630e+03	4.657363e+07
2.161260e+03	6.323875e+07
2.162290e+03	9.734119e+07
2.163290e+03	1.391750e+08
2.164560e+03	2.047622e+08
2.166030e+03	2.976736e+08
2.167690e+03	4.231899e+08
2.169990e+03	6.297406e+08
2.172320e+03	8.740485e+08
2.175280e+03	1.228432e+09
2.178740e+03	1.689220e+09
2.182440e+03	2.226222e+09
2.186080e+03	2.780449e+09
2.191460e+03	3.716815e+09
2.196520e+03	4.615771e+09
2.201920e+03	5.570469e+09
2.207660e+03	6.527355e+09
2.213740e+03	7.500421e+09
2.220040e+03	8.413996e+09
2.227740e+03	9.435839e+09
2.235290e+03	1.029510e+10
2.243320e+03	1.111402e+10
2.251640e+03	1.182971e+10
2.259430e+03	1.241640e+10
2.269690e+03	1.305415e+10
2.282380e+03	1.368831e+10
2.294370e+03	1.415185e+10
2.308550e+03	1.457623e+10
2.325780e+03	1.493605e+10
2.346100e+03	1.521060e+10
2.378190e+03	1.541480e+10
2.418660e+03	1.542786e+10
2.457900e+03	1.581713e+10
2.495560e+03	1.596701e+10
2.535470e+03	1.594514e+10
2.578230e+03	1.581783e+10
2.628320e+03	1.561862e+10
2.688100e+03	1.532787e+10
2.761490e+03	1.494282e+10
2.844400e+03	1.450784e+10
2.970760e+03	1.388603e+10
3.133790e+03	1.317502e+10
3.424990e+03	1.214571e+10
3.752710e+03	1.137030e+10
4.295860e+03	1.030327e+10
4.968640e+03	9.376589e+09
5.762830e+03	8.570570e+09
7.360820e+03	7.376119e+09
8.974240e+03	6.520082e+09
1.159620e+04	5.524541e+09
1.539200e+04	4.545433e+09
2.113310e+04	3.591440e+09
2.667660e+04	2.974977e+09
3.607950e+04	2.269737e+09
4.700930e+04	1.737238e+09
6.808440e+04	1.122603e+09
