-1.000000e+02	1.328976e+17
-9.000000e+01	3.254908e+15
-8.000000e+01	3.589701e+15
-7.000000e+01	3.971054e+15
-6.000000e+01	4.384250e+15
-5.000000e+01	4.828496e+15
-4.000000e+01	5.301700e+15
-3.000000e+01	5.817707e+15
-2.000000e+01	6.336079e+15
-1.000000e+01	6.881500e+15
0.000000e+00	7.427215e+15
1.000000e+01	8.004681e+15
2.000000e+01	8.602235e+15
3.500000e+01	9.550053e+15
5.000000e+01	1.052585e+16
7.500000e+01	1.220317e+16
1.000000e+02	1.402306e+16
1.250000e+02	1.598849e+16
1.500000e+02	1.811902e+16
1.750000e+02	2.032553e+16
2.000000e+02	2.265870e+16
2.500000e+02	2.762387e+16
3.000000e+02	3.304330e+16
3.500000e+02	3.864979e+16
4.000000e+02	4.402068e+16
4.500000e+02	4.846960e+16
4.900000e+02	5.058798e+16
5.250000e+02	5.120381e+16
5.600000e+02	5.059169e+16
6.150000e+02	4.703264e+16
6.600000e+02	4.222658e+16
7.000000e+02	3.688227e+16
7.500000e+02	3.003722e+16
8.000000e+02	2.360883e+16
8.540000e+02	1.761242e+16
9.000000e+02	1.357946e+16
9.460000e+02	1.046177e+16
9.710000e+02	9.057797e+15
1.003000e+03	7.560673e+15
1.032000e+03	6.420014e+15
1.065000e+03	5.324148e+15
1.101000e+03	4.334901e+15
1.143000e+03	3.408571e+15
1.214000e+03	2.262981e+15
1.299000e+03	1.372365e+15
1.398000e+03	7.557236e+14
1.520000e+03	3.549799e+14
1.617000e+03	1.947296e+14
1.722000e+03	1.013348e+14
1.820000e+03	5.551460e+13
1.894000e+03	3.520214e+13
1.946000e+03	2.570445e+13
1.989000e+03	1.990732e+13
2.024000e+03	1.623337e+13
2.055000e+03	1.359609e+13
2.083000e+03	1.163489e+13
2.098000e+03	1.070959e+13
2.110000e+03	1.002828e+13
2.120000e+03	9.473096e+12
2.126000e+03	9.080965e+12
2.130000e+03	8.759711e+12
2.132000e+03	8.508487e+12
2.134000e+03	8.060327e+12
2.136000e+03	7.336649e+12
2.138000e+03	5.913735e+12
2.141930e+03	2.774430e+12
2.145160e+03	7.021515e+11
2.147050e+03	2.873379e+11
2.148650e+03	2.371455e+11
2.150120e+03	2.231585e+11
2.151160e+03	2.145901e+11
2.152030e+03	2.067050e+11
2.152870e+03	1.986791e+11
2.153480e+03	1.924404e+11
2.154070e+03	1.806671e+11
2.154730e+03	1.683111e+11
2.155500e+03	1.558577e+11
2.156160e+03	1.466708e+11
2.156820e+03	1.386046e+11
2.157570e+03	1.308247e+11
2.158210e+03	1.251719e+11
2.158840e+03	1.202899e+11
2.159420e+03	1.162530e+11
2.160010e+03	1.126714e+11
2.160630e+03	1.092439e+11
2.161260e+03	1.061125e+11
2.162290e+03	1.016525e+11
2.163290e+03	9.770869e+10
2.164560e+03	9.325637e+10
2.166030e+03	8.888995e+10
2.167690e+03	8.472613e+10
2.169990e+03	7.994965e+10
2.172320e+03	7.594271e+10
2.175280e+03	7.168838e+10
2.178740e+03	6.759342e+10
2.182440e+03	6.393879e+10
2.186080e+03	6.090350e+10
2.191460e+03	5.580749e+10
2.196520e+03	5.193466e+10
2.201920e+03	4.852628e+10
2.207660e+03	4.557415e+10
2.213740e+03	4.292619e+10
2.220040e+03	4.062884e+10
2.227740e+03	3.824379e+10
2.235290e+03	3.629201e+10
2.243320e+03	3.446551e+10
2.251640e+03	3.286144e+10
2.259430e+03	3.152398e+10
2.269690e+03	3.000822e+10
2.282380e+03	2.840655e+10
2.294370e+03	2.710762e+10
2.308550e+03	2.577066e+10
2.325780e+03	2.439970e+10
2.346100e+03	2.302975e+10
2.378190e+03	2.127841e+10
2.418660e+03	1.957463e+10
2.457900e+03	1.684490e+10
2.495560e+03	1.486729e+10
2.535470e+03	1.332568e+10
2.578230e+03	1.209383e+10
2.628320e+03	1.103158e+10
2.688100e+03	1.005443e+10
2.761490e+03	9.132007e+09
2.844400e+03	8.330585e+09
2.970760e+03	7.423241e+09
3.133790e+03	6.587718e+09
3.424990e+03	5.570850e+09
3.752710e+03	4.300323e+09
4.295860e+03	3.239988e+09
4.968640e+03	2.222108e+09
5.762830e+03	1.353169e+09
7.360820e+03	5.760904e+08
8.974240e+03	2.184919e+08
1.159620e+04	2.323090e+07
1.539200e+04	9.371945e+05
2.113310e+04	1.258558e+04
2.667660e+04	4.807352e+03
3.607950e+04	1.441490e+03
4.700930e+04	6.667995e+02
6.808440e+04	2.273958e+02
