-1.000000e+02	2.068590e+08
-9.000000e+01	1.385100e+06
-8.000000e+01	1.461457e+06
-7.000000e+01	1.530368e+06
-6.000000e+01	1.585886e+06
-5.000000e+01	1.635443e+06
-4.000000e+01	1.678358e+06
-3.000000e+01	1.711748e+06
-2.000000e+01	1.744797e+06
-1.000000e+01	1.773558e+06
0.000000e+00	1.806011e+06
1.000000e+01	1.835201e+06
2.000000e+01	1.865275e+06
3.500000e+01	1.910995e+06
5.000000e+01	1.994803e+06
7.500000e+01	2.216551e+06
1.000000e+02	2.540093e+06
1.250000e+02	3.077085e+06
1.500000e+02	4.015699e+06
1.750000e+02	5.376833e+06
2.000000e+02	7.286209e+06
2.500000e+02	1.290830e+07
3.000000e+02	2.255711e+07
3.500000e+02	3.824463e+07
4.000000e+02	6.222905e+07
4.500000e+02	9.354846e+07
4.900000e+02	1.126596e+08
5.250000e+02	1.215388e+08
5.600000e+02	1.216187e+08
6.150000e+02	9.905686e+07
6.600000e+02	6.914550e+07
7.000000e+02	4.023716e+07
7.500000e+02	1.745805e+07
8.000000e+02	6.867234e+06
8.540000e+02	3.453494e+06
9.000000e+02	2.647714e+06
9.460000e+02	2.096489e+06
9.710000e+02	1.874488e+06
1.003000e+03	1.621472e+06
1.032000e+03	1.405912e+06
1.065000e+03	1.182685e+06
1.101000e+03	9.677724e+05
1.143000e+03	7.384840e+05
1.214000e+03	4.418455e+05
1.299000e+03	2.031129e+05
1.398000e+03	6.290964e+04
1.520000e+03	1.132761e+04
1.617000e+03	3.580798e+03
1.722000e+03	1.074143e+03
1.820000e+03	4.046312e+02
1.894000e+03	1.946643e+02
1.946000e+03	1.206124e+02
1.989000e+03	8.295114e+01
2.024000e+03	6.194231e+01
2.055000e+03	4.839431e+01
2.083000e+03	3.937247e+01
2.098000e+03	3.534665e+01
2.110000e+03	3.249078e+01
2.120000e+03	3.038297e+01
2.126000e+03	2.923847e+01
2.130000e+03	2.853837e+01
2.132000e+03	2.823244e+01
2.134000e+03	2.799563e+01
2.136000e+03	2.780907e+01
2.138000e+03	2.761596e+01
2.141930e+03	2.615157e+01
2.145160e+03	2.445406e+01
2.147050e+03	5.914103e+01
2.148650e+03	2.195873e+02
2.150120e+03	6.971339e+02
2.151160e+03	1.529213e+03
2.152030e+03	2.771412e+03
2.152870e+03	4.586027e+03
2.153480e+03	6.279802e+03
2.154070e+03	7.884344e+03
2.154730e+03	9.833246e+03
2.155500e+03	1.211486e+04
2.156160e+03	1.398939e+04
2.156820e+03	1.577359e+04
2.157570e+03	1.766660e+04
2.158210e+03	1.912021e+04
2.158840e+03	2.043650e+04
2.159420e+03	2.154820e+04
2.160010e+03	2.255661e+04
2.160630e+03	2.352613e+04
2.161260e+03	2.442250e+04
2.162290e+03	2.571482e+04
2.163290e+03	2.673557e+04
2.164560e+03	2.777794e+04
2.166030e+03	2.877393e+04
2.167690e+03	2.968527e+04
2.169990e+03	3.067042e+04
2.172320e+03	3.143231e+04
2.175280e+03	3.215158e+04
2.178740e+03	3.273475e+04
2.182440e+03	3.315097e+04
2.186080e+03	3.340960e+04
2.191460e+03	3.273934e+04
2.196520e+03	3.209471e+04
2.201920e+03	3.144308e+04
2.207660e+03	3.080014e+04
2.213740e+03	3.016498e+04
2.220040e+03	2.954909e+04
2.227740e+03	2.885494e+04
2.235290e+03	2.822547e+04
2.243320e+03	2.759154e+04
2.251640e+03	2.699485e+04
2.259430e+03	2.646872e+04
2.269690e+03	2.583650e+04
2.282380e+03	2.512912e+04
2.294370e+03	2.451910e+04
2.308550e+03	2.385965e+04
2.325780e+03	2.314401e+04
2.346100e+03	2.238947e+04
2.378190e+03	2.136221e+04
2.418660e+03	2.028704e+04
2.457900e+03	1.780940e+04
2.495560e+03	1.597294e+04
2.535470e+03	1.453062e+04
2.578230e+03	1.337207e+04
2.628320e+03	1.237307e+04
2.688100e+03	1.144068e+04
2.761490e+03	1.054637e+04
2.844400e+03	9.756167e+03
2.970760e+03	8.843836e+03
3.133790e+03	7.984146e+03
3.424990e+03	6.901099e+03
3.752710e+03	5.399224e+03
4.295860e+03	4.136618e+03
4.968640e+03	2.869021e+03
5.762830e+03	1.759747e+03
7.360820e+03	7.570473e+02
8.974240e+03	2.891005e+02
1.159620e+04	3.100272e+01
1.539200e+04	1.264297e+00
2.113310e+04	1.716552e-02
2.667660e+04	6.602804e-03
3.607950e+04	1.995853e-03
4.700930e+04	9.290196e-04
6.808440e+04	3.192787e-04
