-1.000000e+02	1.523445e+08
-9.000000e+01	8.444097e+06
-8.000000e+01	4.951219e+06
-7.000000e+01	2.560551e+06
-6.000000e+01	1.232033e+06
-5.000000e+01	5.564936e+05
-4.000000e+01	2.411762e+05
-3.000000e+01	9.698314e+04
-2.000000e+01	4.262060e+04
-1.000000e+01	1.887246e+04
0.000000e+00	9.298080e+03
1.000000e+01	4.577416e+03
2.000000e+01	2.351270e+03
3.500000e+01	8.994774e+02
5.000000e+01	3.928416e+02
7.500000e+01	1.325116e+02
1.000000e+02	5.078513e+01
1.250000e+02	2.111147e+01
1.500000e+02	8.811671e+00
1.750000e+02	4.468415e+00
2.000000e+02	2.426983e+00
2.500000e+02	9.167212e-01
3.000000e+02	3.292809e-01
3.500000e+02	1.095931e-01
4.000000e+02	3.307817e-02
4.500000e+02	1.009556e-02
4.900000e+02	5.656791e-03
5.250000e+02	4.210887e-03
5.600000e+02	3.724002e-03
6.150000e+02	5.561517e-03
6.600000e+02	1.312024e-02
7.000000e+02	5.616822e-02
7.500000e+02	4.682819e-01
8.000000e+02	5.080894e+00
8.540000e+02	5.854145e+01
9.000000e+02	2.687388e+02
9.460000e+02	8.082523e+02
9.710000e+02	1.345006e+03
1.003000e+03	2.028793e+03
1.032000e+03	2.610239e+03
1.065000e+03	3.186820e+03
1.101000e+03	3.629581e+03
1.143000e+03	3.803961e+03
1.214000e+03	3.424459e+03
1.299000e+03	3.023355e+03
1.398000e+03	3.137319e+03
1.520000e+03	4.156447e+03
1.617000e+03	4.244429e+03
1.722000e+03	4.199654e+03
1.820000e+03	3.675436e+03
1.894000e+03	3.374197e+03
1.946000e+03	3.136859e+03
1.989000e+03	2.940351e+03
2.024000e+03	2.786145e+03
2.055000e+03	2.653148e+03
2.083000e+03	2.546051e+03
2.098000e+03	2.509461e+03
2.110000e+03	2.493801e+03
2.120000e+03	2.550476e+03
2.126000e+03	2.735389e+03
2.130000e+03	3.013458e+03
2.132000e+03	3.382189e+03
2.134000e+03	4.359924e+03
2.136000e+03	6.724059e+03
2.138000e+03	1.596277e+04
2.141930e+03	1.267866e+05
2.145160e+03	1.682812e+06
2.147050e+03	1.391106e+07
2.148650e+03	4.334581e+07
2.150120e+03	7.968782e+07
2.151160e+03	1.032572e+08
2.152030e+03	1.148917e+08
2.152870e+03	1.181388e+08
2.153480e+03	1.168450e+08
2.154070e+03	1.145114e+08
2.154730e+03	1.101364e+08
2.155500e+03	1.042772e+08
2.156160e+03	9.923634e+07
2.156820e+03	9.443965e+07
2.157570e+03	8.958494e+07
2.158210e+03	8.593208e+07
2.158840e+03	8.271329e+07
2.159420e+03	8.000986e+07
2.160010e+03	7.758717e+07
2.160630e+03	7.524838e+07
2.161260e+03	7.309922e+07
2.162290e+03	7.002236e+07
2.163290e+03	6.741460e+07
2.164560e+03	6.457178e+07
2.166030e+03	6.175348e+07
2.167690e+03	5.904063e+07
2.169990e+03	5.590179e+07
2.172320e+03	5.324891e+07
2.175280e+03	5.041398e+07
2.178740e+03	4.766895e+07
2.182440e+03	4.520697e+07
2.186080e+03	4.315407e+07
2.191460e+03	4.063281e+07
2.196520e+03	3.865306e+07
2.201920e+03	3.683554e+07
2.207660e+03	3.520121e+07
2.213740e+03	3.368616e+07
2.220040e+03	3.233172e+07
2.227740e+03	3.088546e+07
2.235290e+03	2.966955e+07
2.243320e+03	2.850480e+07
2.251640e+03	2.745968e+07
2.259430e+03	2.657201e+07
2.269690e+03	2.554750e+07
2.282380e+03	2.444319e+07
2.294370e+03	2.353049e+07
2.308550e+03	2.257481e+07
2.325780e+03	2.157701e+07
2.346100e+03	2.056155e+07
2.378190e+03	1.923562e+07
2.418660e+03	1.791451e+07
2.457900e+03	1.687602e+07
2.495560e+03	1.604753e+07
2.535470e+03	1.530564e+07
2.578230e+03	1.464009e+07
2.628320e+03	1.400555e+07
2.688100e+03	1.336414e+07
2.761490e+03	1.270045e+07
2.844400e+03	1.207153e+07
2.970760e+03	1.129238e+07
3.133790e+03	1.050273e+07
3.424990e+03	9.465821e+06
3.752710e+03	8.626085e+06
4.295860e+03	7.650100e+06
4.968640e+03	6.818045e+06
5.762830e+03	6.117990e+06
7.360820e+03	5.176349e+06
8.974240e+03	4.536852e+06
1.159620e+04	3.824491e+06
1.539200e+04	3.144630e+06
2.113310e+04	2.484560e+06
2.667660e+04	2.058090e+06
3.607950e+04	1.570204e+06
4.700930e+04	1.201822e+06
6.808440e+04	7.766170e+05
