-1.000000e+02	9.308111e+12
-9.000000e+01	2.246202e+11
-8.000000e+01	2.499223e+11
-7.000000e+01	2.784237e+11
-6.000000e+01	3.088210e+11
-5.000000e+01	3.410552e+11
-4.000000e+01	3.750305e+11
-3.000000e+01	4.118263e+11
-2.000000e+01	4.486329e+11
-1.000000e+01	4.872854e+11
0.000000e+00	5.259237e+11
1.000000e+01	5.667947e+11
2.000000e+01	6.090817e+11
3.500000e+01	6.761539e+11
5.000000e+01	7.452100e+11
7.500000e+01	8.639240e+11
1.000000e+02	9.927369e+11
1.250000e+02	1.131857e+12
1.500000e+02	1.282667e+12
1.750000e+02	1.438860e+12
2.000000e+02	1.604020e+12
2.500000e+02	1.955500e+12
3.000000e+02	2.339139e+12
3.500000e+02	2.736020e+12
4.000000e+02	3.116225e+12
4.500000e+02	3.431164e+12
4.900000e+02	3.581123e+12
5.250000e+02	3.624718e+12
5.600000e+02	3.581386e+12
6.150000e+02	3.329441e+12
6.600000e+02	2.989220e+12
7.000000e+02	2.610897e+12
7.500000e+02	2.126339e+12
8.000000e+02	1.671286e+12
8.540000e+02	1.246835e+12
9.000000e+02	9.613744e+11
9.460000e+02	7.406964e+11
9.710000e+02	6.413166e+11
1.003000e+03	5.353340e+11
1.032000e+03	4.545809e+11
1.065000e+03	3.769951e+11
1.101000e+03	3.069546e+11
1.143000e+03	2.413672e+11
1.214000e+03	1.602534e+11
1.299000e+03	9.719611e+10
1.398000e+03	5.354351e+10
1.520000e+03	2.518576e+10
1.617000e+03	1.383936e+10
1.722000e+03	7.223090e+09
1.820000e+03	3.969722e+09
1.894000e+03	2.525515e+09
1.946000e+03	1.848670e+09
1.989000e+03	1.434716e+09
2.024000e+03	1.171951e+09
2.055000e+03	9.830146e+08
2.083000e+03	8.422133e+08
2.098000e+03	7.757196e+08
2.110000e+03	7.267243e+08
2.120000e+03	6.867236e+08
2.126000e+03	6.583294e+08
2.130000e+03	6.349289e+08
2.132000e+03	6.164604e+08
2.134000e+03	5.831378e+08
2.136000e+03	5.285586e+08
2.138000e+03	4.192070e+08
2.141930e+03	1.797716e+08
2.145160e+03	3.786593e+07
2.147050e+03	1.261870e+07
2.148650e+03	8.879250e+06
2.150120e+03	7.376919e+06
2.151160e+03	6.529825e+06
2.152030e+03	5.909064e+06
2.152870e+03	5.387984e+06
2.153480e+03	5.048763e+06
2.154070e+03	4.601648e+06
2.154730e+03	4.161872e+06
2.155500e+03	3.744276e+06
2.156160e+03	3.451779e+06
2.156820e+03	3.204782e+06
2.157570e+03	2.973774e+06
2.158210e+03	2.810775e+06
2.158840e+03	2.673015e+06
2.159420e+03	2.561390e+06
2.160010e+03	2.463951e+06
2.160630e+03	2.372215e+06
2.161260e+03	2.289564e+06
2.162290e+03	2.173699e+06
2.163290e+03	2.073680e+06
2.164560e+03	1.962989e+06
2.166030e+03	1.856268e+06
2.167690e+03	1.756183e+06
2.169990e+03	1.643350e+06
2.172320e+03	1.550299e+06
2.175280e+03	1.453106e+06
2.178740e+03	1.361088e+06
2.182440e+03	1.280189e+06
2.186080e+03	1.213857e+06
2.191460e+03	1.103835e+06
2.196520e+03	1.021219e+06
2.201920e+03	9.492375e+05
2.207660e+03	8.874608e+05
2.213740e+03	8.324805e+05
2.220040e+03	7.851423e+05
2.227740e+03	7.363273e+05
2.235290e+03	6.966581e+05
2.243320e+03	6.597468e+05
2.251640e+03	6.275016e+05
2.259430e+03	6.007355e+05
2.269690e+03	5.705361e+05
2.282380e+03	5.387746e+05
2.294370e+03	5.131351e+05
2.308550e+03	4.868501e+05
2.325780e+03	4.600119e+05
2.346100e+03	4.333066e+05
2.378190e+03	3.993313e+05
2.418660e+03	3.664574e+05
2.457900e+03	3.122961e+05
2.495560e+03	2.735650e+05
2.535470e+03	2.437255e+05
2.578230e+03	2.201015e+05
2.628320e+03	1.998828e+05
2.688100e+03	1.814202e+05
2.761490e+03	1.641134e+05
2.844400e+03	1.491749e+05
2.970760e+03	1.323746e+05
3.133790e+03	1.170127e+05
3.424990e+03	9.844330e+04
3.752710e+03	7.519708e+04
4.295860e+03	5.613713e+04
4.968640e+03	3.804588e+04
5.762830e+03	2.287220e+04
7.360820e+03	9.597976e+03
8.974240e+03	3.607299e+03
1.159620e+04	3.807172e+02
1.539200e+04	1.532258e+01
2.113310e+04	2.055160e-01
2.667660e+04	7.844159e-02
3.607950e+04	2.350014e-02
4.700930e+04	1.086320e-02
6.808440e+04	3.701505e-03
