-1.000000e+02	1.543848e+12
-9.000000e+01	1.082740e+11
-8.000000e+01	8.796047e+10
-7.000000e+01	6.742563e+10
-6.000000e+01	4.996261e+10
-5.000000e+01	3.583952e+10
-4.000000e+01	2.515534e+10
-3.000000e+01	1.702986e+10
-2.000000e+01	1.198670e+10
-1.000000e+01	8.459046e+09
0.000000e+00	6.264400e+09
1.000000e+01	4.635612e+09
2.000000e+01	3.496301e+09
3.500000e+01	2.328336e+09
5.000000e+01	1.633852e+09
7.500000e+01	1.022346e+09
1.000000e+02	6.674221e+08
1.250000e+02	4.389929e+08
1.500000e+02	2.774748e+08
1.750000e+02	1.896540e+08
2.000000e+02	1.327217e+08
2.500000e+02	7.375234e+07
3.000000e+02	3.946594e+07
3.500000e+02	2.016025e+07
4.000000e+02	9.734215e+06
4.500000e+02	4.753333e+06
4.900000e+02	3.357602e+06
5.250000e+02	2.811796e+06
5.600000e+02	2.607614e+06
6.150000e+02	3.301052e+06
6.600000e+02	5.512524e+06
7.000000e+02	1.331381e+07
7.500000e+02	4.885826e+07
8.000000e+02	2.081004e+08
8.540000e+02	7.717703e+08
9.000000e+02	1.498497e+09
9.460000e+02	2.301050e+09
9.710000e+02	2.748207e+09
1.003000e+03	3.060103e+09
1.032000e+03	3.187677e+09
1.065000e+03	3.205459e+09
1.101000e+03	3.096082e+09
1.143000e+03	2.865003e+09
1.214000e+03	2.340820e+09
1.299000e+03	1.970581e+09
1.398000e+03	1.988491e+09
1.520000e+03	2.538424e+09
1.617000e+03	2.507556e+09
1.722000e+03	2.376670e+09
1.820000e+03	1.990550e+09
1.894000e+03	1.748962e+09
1.946000e+03	1.568129e+09
1.989000e+03	1.420920e+09
2.024000e+03	1.307647e+09
2.055000e+03	1.211188e+09
2.083000e+03	1.127588e+09
2.098000e+03	1.088712e+09
2.110000e+03	1.061042e+09
2.120000e+03	1.049780e+09
2.126000e+03	1.064880e+09
2.130000e+03	1.094461e+09
2.132000e+03	1.135980e+09
2.134000e+03	1.235599e+09
2.136000e+03	1.418520e+09
2.138000e+03	1.813135e+09
2.141930e+03	2.622972e+09
2.145160e+03	2.685844e+09
2.147050e+03	2.200153e+09
2.148650e+03	1.847914e+09
2.150120e+03	1.537712e+09
2.151160e+03	1.327143e+09
2.152030e+03	1.165841e+09
2.152870e+03	1.027018e+09
2.153480e+03	9.388000e+08
2.154070e+03	8.662172e+08
2.154730e+03	7.926792e+08
2.155500e+03	7.211846e+08
2.156160e+03	6.700654e+08
2.156820e+03	6.262826e+08
2.157570e+03	5.850103e+08
2.158210e+03	5.555959e+08
2.158840e+03	5.305758e+08
2.159420e+03	5.101491e+08
2.160010e+03	4.922239e+08
2.160630e+03	4.752402e+08
2.161260e+03	4.598692e+08
2.162290e+03	4.382136e+08
2.163290e+03	4.202149e+08
2.164560e+03	4.009155e+08
2.166030e+03	3.820453e+08
2.167690e+03	3.641019e+08
2.169990e+03	3.435791e+08
2.172320e+03	3.264112e+08
2.175280e+03	3.082282e+08
2.178740e+03	2.907664e+08
2.182440e+03	2.752130e+08
2.186080e+03	2.623150e+08
2.191460e+03	2.470718e+08
2.196520e+03	2.351350e+08
2.201920e+03	2.241761e+08
2.207660e+03	2.143202e+08
2.213740e+03	2.051794e+08
2.220040e+03	1.970054e+08
2.227740e+03	1.882721e+08
2.235290e+03	1.809269e+08
2.243320e+03	1.738869e+08
2.251640e+03	1.675666e+08
2.259430e+03	1.621958e+08
2.269690e+03	1.559938e+08
2.282380e+03	1.493045e+08
2.294370e+03	1.437728e+08
2.308550e+03	1.379772e+08
2.325780e+03	1.319226e+08
2.346100e+03	1.257568e+08
2.378190e+03	1.176998e+08
2.418660e+03	1.096654e+08
2.457900e+03	1.039893e+08
2.495560e+03	9.937910e+07
2.535470e+03	9.515223e+07
2.578230e+03	9.129500e+07
2.628320e+03	8.756860e+07
2.688100e+03	8.376073e+07
2.761490e+03	7.978282e+07
2.844400e+03	7.598222e+07
2.970760e+03	7.123728e+07
3.133790e+03	6.639247e+07
3.424990e+03	5.999726e+07
3.752710e+03	5.502947e+07
4.295860e+03	4.906453e+07
4.968640e+03	4.403390e+07
5.762830e+03	3.980708e+07
7.360820e+03	3.394036e+07
8.974240e+03	2.987772e+07
1.159620e+04	2.525943e+07
1.539200e+04	2.077740e+07
2.113310e+04	1.641648e+07
2.667660e+04	1.359862e+07
3.607950e+04	1.037497e+07
4.700930e+04	7.940917e+06
6.808440e+04	5.131420e+06
