-1.000000e+02	2.059000e+05
-9.000000e+01	2.015097e+05
-8.000000e+01	2.013971e+05
-7.000000e+01	2.012748e+05
-6.000000e+01	2.011415e+05
-5.000000e+01	2.009960e+05
-4.000000e+01	2.008370e+05
-3.000000e+01	2.006630e+05
-2.000000e+01	2.004732e+05
-1.000000e+01	2.002668e+05
0.000000e+00	2.000431e+05
1.000000e+01	1.998016e+05
2.000000e+01	1.995412e+05
3.500000e+01	1.991130e+05
5.000000e+01	1.986375e+05
7.500000e+01	1.977348e+05
1.000000e+02	1.966842e+05
1.250000e+02	1.954700e+05
1.500000e+02	1.940746e+05
1.750000e+02	1.924816e+05
2.000000e+02	1.906745e+05
2.500000e+02	1.863252e+05
3.000000e+02	1.808561e+05
3.500000e+02	1.740542e+05
4.000000e+02	1.657066e+05
4.500000e+02	1.556435e+05
4.900000e+02	1.463475e+05
5.250000e+02	1.373637e+05
5.600000e+02	1.276821e+05
6.150000e+02	1.114339e+05
6.600000e+02	9.772184e+04
7.000000e+02	8.569318e+04
7.500000e+02	7.143756e+04
8.000000e+02	5.850973e+04
8.540000e+02	4.642534e+04
9.000000e+02	3.773815e+04
9.460000e+02	3.042688e+04
9.710000e+02	2.698042e+04
1.003000e+03	2.305933e+04
1.032000e+03	1.993569e+04
1.065000e+03	1.683153e+04
1.101000e+03	1.393643e+04
1.143000e+03	1.112549e+04
1.214000e+03	7.517262e+03
1.299000e+03	4.632796e+03
1.398000e+03	2.607974e+03
1.520000e+03	1.288442e+03
1.617000e+03	7.448492e+02
1.722000e+03	4.206733e+02
1.820000e+03	2.542844e+02
1.894000e+03	1.782562e+02
1.946000e+03	1.409962e+02
1.989000e+03	1.173162e+02
2.024000e+03	1.017024e+02
2.055000e+03	9.007473e+01
2.083000e+03	8.104211e+01
2.098000e+03	7.669700e+01
2.110000e+03	7.344270e+01
2.120000e+03	7.087016e+01
2.126000e+03	6.938560e+01
2.130000e+03	6.842136e+01
2.132000e+03	6.794771e+01
2.134000e+03	6.748171e+01
2.136000e+03	6.702628e+01
2.138000e+03	6.658746e+01
2.141930e+03	6.579799e+01
2.145160e+03	6.525806e+01
2.147050e+03	6.501709e+01
2.148650e+03	6.485855e+01
2.150120e+03	6.473712e+01
2.151160e+03	6.466391e+01
2.152030e+03	6.461027e+01
2.152870e+03	6.456444e+01
2.153480e+03	6.453446e+01
2.154070e+03	6.450776e+01
2.154730e+03	6.448029e+01
2.155500e+03	6.445099e+01
2.156160e+03	6.442788e+01
2.156820e+03	6.440631e+01
2.157570e+03	6.438338e+01
2.158210e+03	6.436493e+01
2.158840e+03	6.434762e+01
2.159420e+03	6.433234e+01
2.160010e+03	6.431735e+01
2.160630e+03	6.430214e+01
2.161260e+03	6.428718e+01
2.162290e+03	6.426368e+01
2.163290e+03	6.424186e+01
2.164560e+03	6.421534e+01
2.166030e+03	6.418605e+01
2.167690e+03	6.415452e+01
2.169990e+03	6.411307e+01
2.172320e+03	6.407330e+01
2.175280e+03	6.402543e+01
2.178740e+03	6.397261e+01
2.182440e+03	6.391922e+01
2.186080e+03	6.386932e+01
2.191460e+03	6.379953e+01
2.196520e+03	6.373752e+01
2.201920e+03	6.367460e+01
2.207660e+03	6.361086e+01
2.213740e+03	6.354635e+01
2.220040e+03	6.348234e+01
2.227740e+03	6.340747e+01
2.235290e+03	6.333720e+01
2.243320e+03	6.326542e+01
2.251640e+03	6.319391e+01
2.259430e+03	6.312928e+01
2.269690e+03	6.304719e+01
2.282380e+03	6.294984e+01
2.294370e+03	6.286159e+01
2.308550e+03	6.276131e+01
2.325780e+03	6.264464e+01
2.346100e+03	6.251336e+01
2.378190e+03	6.231763e+01
2.418660e+03	6.208729e+01
2.457900e+03	6.187821e+01
2.495560e+03	6.168835e+01
2.535470e+03	6.149679e+01
2.578230e+03	6.130080e+01
2.628320e+03	6.108122e+01
2.688100e+03	6.083091e+01
2.761490e+03	6.053839e+01
2.844400e+03	6.022448e+01
2.970760e+03	5.977353e+01
3.133790e+03	5.923116e+01
3.424990e+03	5.834440e+01
3.752710e+03	5.744089e+01
4.295860e+03	5.609513e+01
4.968640e+03	5.461459e+01
5.762830e+03	5.305308e+01
7.360820e+03	5.031600e+01
8.974240e+03	4.794188e+01
1.159620e+04	4.462879e+01
1.539200e+04	4.063955e+01
2.113310e+04	3.578002e+01
2.667660e+04	3.199219e+01
3.607950e+04	2.688442e+01
4.700930e+04	2.235220e+01
6.808440e+04	1.618529e+01
