-1.000000e+02	1.160761e+12
-9.000000e+01	4.057217e+10
-8.000000e+01	4.253402e+10
-7.000000e+01	4.429782e+10
-6.000000e+01	4.570334e+10
-5.000000e+01	4.650546e+10
-4.000000e+01	4.655978e+10
-3.000000e+01	4.561998e+10
-2.000000e+01	4.423913e+10
-1.000000e+01	4.227362e+10
0.000000e+00	4.035071e+10
1.000000e+01	3.808983e+10
2.000000e+01	3.581793e+10
3.500000e+01	3.234121e+10
5.000000e+01	2.918661e+10
7.500000e+01	2.506432e+10
1.000000e+02	2.128865e+10
1.250000e+02	1.748813e+10
1.500000e+02	1.346809e+10
1.750000e+02	1.058298e+10
2.000000e+02	8.313321e+09
2.500000e+02	5.480954e+09
3.000000e+02	3.478112e+09
3.500000e+02	2.126169e+09
4.000000e+02	1.247446e+09
4.500000e+02	7.394927e+08
4.900000e+02	5.746302e+08
5.250000e+02	5.051165e+08
5.600000e+02	4.776742e+08
6.150000e+02	5.649253e+08
6.600000e+02	8.181811e+08
7.000000e+02	1.559589e+09
7.500000e+02	4.058676e+09
8.000000e+02	1.147353e+10
8.540000e+02	2.486209e+10
9.000000e+02	3.144022e+10
9.460000e+02	3.374559e+10
9.710000e+02	3.358137e+10
1.003000e+03	3.151741e+10
1.032000e+03	2.901907e+10
1.065000e+03	2.593879e+10
1.101000e+03	2.255766e+10
1.143000e+03	1.899570e+10
1.214000e+03	1.389952e+10
1.299000e+03	9.899311e+09
1.398000e+03	6.962820e+09
1.520000e+03	4.191051e+09
1.617000e+03	2.504964e+09
1.722000e+03	1.395014e+09
1.820000e+03	8.006897e+08
1.894000e+03	5.284141e+08
1.946000e+03	3.970242e+08
1.989000e+03	3.150279e+08
2.024000e+03	2.621745e+08
2.055000e+03	2.236162e+08
2.083000e+03	1.944796e+08
2.098000e+03	1.807347e+08
2.110000e+03	1.706376e+08
2.120000e+03	1.627732e+08
2.126000e+03	1.579658e+08
2.130000e+03	1.545803e+08
2.132000e+03	1.525216e+08
2.134000e+03	1.496480e+08
2.136000e+03	1.456314e+08
2.138000e+03	1.385312e+08
2.141930e+03	1.195280e+08
2.145160e+03	9.145808e+07
2.147050e+03	7.062228e+07
2.148650e+03	5.916801e+07
2.150120e+03	4.949095e+07
2.151160e+03	4.290831e+07
2.152030e+03	3.782966e+07
2.152870e+03	3.342870e+07
2.153480e+03	3.061104e+07
2.154070e+03	2.821296e+07
2.154730e+03	2.578115e+07
2.155500e+03	2.341475e+07
2.156160e+03	2.172235e+07
2.156820e+03	2.027280e+07
2.157570e+03	1.890580e+07
2.158210e+03	1.793184e+07
2.158840e+03	1.710354e+07
2.159420e+03	1.642772e+07
2.160010e+03	1.583492e+07
2.160630e+03	1.527367e+07
2.161260e+03	1.476598e+07
2.162290e+03	1.405119e+07
2.163290e+03	1.345632e+07
2.164560e+03	1.281783e+07
2.166030e+03	1.219475e+07
2.167690e+03	1.160350e+07
2.169990e+03	1.092880e+07
2.172320e+03	1.036573e+07
2.175280e+03	9.770845e+06
2.178740e+03	9.201084e+06
2.182440e+03	8.694897e+06
2.186080e+03	8.276108e+06
2.191460e+03	7.773900e+06
2.196520e+03	7.382710e+06
2.201920e+03	7.025440e+06
2.207660e+03	6.705612e+06
2.213740e+03	6.410120e+06
2.220040e+03	6.146843e+06
2.227740e+03	5.866435e+06
2.235290e+03	5.631358e+06
2.243320e+03	5.406633e+06
2.251640e+03	5.205360e+06
2.259430e+03	5.034658e+06
2.269690e+03	4.837930e+06
2.282380e+03	4.626174e+06
2.294370e+03	4.451413e+06
2.308550e+03	4.268628e+06
2.325780e+03	4.078028e+06
2.346100e+03	3.884278e+06
2.378190e+03	3.631623e+06
2.418660e+03	3.380262e+06
2.457900e+03	3.197676e+06
2.495560e+03	3.050549e+06
2.535470e+03	2.916809e+06
2.578230e+03	2.795499e+06
2.628320e+03	2.678820e+06
2.688100e+03	2.560079e+06
2.761490e+03	2.436480e+06
2.844400e+03	2.318753e+06
2.970760e+03	2.172199e+06
3.133790e+03	2.022976e+06
3.424990e+03	1.826451e+06
3.752710e+03	1.672682e+06
4.295860e+03	1.489504e+06
4.968640e+03	1.334871e+06
5.762830e+03	1.205036e+06
7.360820e+03	1.026004e+06
8.974240e+03	9.025111e+05
1.159620e+04	7.626415e+05
1.539200e+04	6.272787e+05
2.113310e+04	4.956189e+05
2.667660e+04	4.105469e+05
3.607950e+04	3.132237e+05
4.700930e+04	2.397389e+05
6.808440e+04	1.549193e+05
