-1.000000e+02	1.430560e+11
-9.000000e+01	1.089424e+09
-8.000000e+01	1.290761e+09
-7.000000e+01	1.558002e+09
-6.000000e+01	1.890649e+09
-5.000000e+01	2.312247e+09
-4.000000e+01	2.837322e+09
-3.000000e+01	3.512419e+09
-2.000000e+01	4.266923e+09
-1.000000e+01	5.159959e+09
0.000000e+00	6.115833e+09
1.000000e+01	7.232840e+09
2.000000e+01	8.480116e+09
3.500000e+01	1.067306e+10
5.000000e+01	1.327287e+10
7.500000e+01	1.848756e+10
1.000000e+02	2.566091e+10
1.250000e+02	3.644662e+10
1.500000e+02	5.433673e+10
1.750000e+02	7.900856e+10
2.000000e+02	1.132649e+11
2.500000e+02	2.101562e+11
3.000000e+02	3.668858e+11
3.500000e+02	5.892481e+11
4.000000e+02	8.594961e+11
4.500000e+02	1.118129e+12
4.900000e+02	1.240496e+12
5.250000e+02	1.287671e+12
5.600000e+02	1.280910e+12
6.150000e+02	1.137477e+12
6.600000e+02	9.135438e+11
7.000000e+02	6.200676e+11
7.500000e+02	2.884160e+11
8.000000e+02	9.855234e+10
8.540000e+02	3.476536e+10
9.000000e+02	1.957327e+10
9.460000e+02	1.212288e+10
9.710000e+02	9.589817e+09
1.003000e+03	7.412902e+09
1.032000e+03	5.943802e+09
1.065000e+03	4.653589e+09
1.101000e+03	3.583070e+09
1.143000e+03	2.613339e+09
1.214000e+03	1.512088e+09
1.299000e+03	6.864908e+08
1.398000e+03	2.120340e+08
1.520000e+03	3.798835e+07
1.617000e+03	1.193028e+07
1.722000e+03	3.553368e+06
1.820000e+03	1.329525e+06
1.894000e+03	6.357159e+05
1.946000e+03	3.917554e+05
1.989000e+03	2.679679e+05
2.024000e+03	1.991692e+05
2.055000e+03	1.548828e+05
2.083000e+03	1.252272e+05
2.098000e+03	1.118997e+05
2.110000e+03	1.023808e+05
2.120000e+03	9.485296e+04
2.126000e+03	8.974434e+04
2.130000e+03	8.573780e+04
2.132000e+03	8.278384e+04
2.134000e+03	7.790406e+04
2.136000e+03	7.081624e+04
2.138000e+03	5.895016e+04
2.141930e+03	3.647762e+04
2.145160e+03	1.945390e+04
2.147050e+03	2.453751e+04
2.148650e+03	5.334502e+04
2.150120e+03	1.101334e+05
2.151160e+03	1.805104e+05
2.152030e+03	2.616710e+05
2.152870e+03	3.573794e+05
2.153480e+03	4.329863e+05
2.154070e+03	4.900758e+05
2.154730e+03	5.507512e+05
2.155500e+03	6.127076e+05
2.156160e+03	6.575766e+05
2.156820e+03	6.960332e+05
2.157570e+03	7.332450e+05
2.158210e+03	7.593229e+05
2.158840e+03	7.812761e+05
2.159420e+03	7.984911e+05
2.160010e+03	8.131377e+05
2.160630e+03	8.262405e+05
2.161260e+03	8.375807e+05
2.162290e+03	8.526292e+05
2.163290e+03	8.619543e+05
2.164560e+03	8.687985e+05
2.166030e+03	8.736286e+05
2.167690e+03	8.762395e+05
2.169990e+03	8.766065e+05
2.172320e+03	8.745131e+05
2.175280e+03	8.694942e+05
2.178740e+03	8.616302e+05
2.182440e+03	8.519299e+05
2.186080e+03	8.417923e+05
2.191460e+03	8.053813e+05
2.196520e+03	7.750363e+05
2.201920e+03	7.466532e+05
2.207660e+03	7.205828e+05
2.213740e+03	6.960889e+05
2.220040e+03	6.736926e+05
2.227740e+03	6.494601e+05
2.235290e+03	6.285984e+05
2.243320e+03	6.083202e+05
2.251640e+03	5.898532e+05
2.259430e+03	5.739880e+05
2.269690e+03	5.554332e+05
2.282380e+03	5.351992e+05
2.294370e+03	5.182259e+05
2.308550e+03	5.002663e+05
2.325780e+03	4.812526e+05
2.346100e+03	4.616598e+05
2.378190e+03	4.356843e+05
2.418660e+03	4.093120e+05
2.457900e+03	3.561660e+05
2.495560e+03	3.171969e+05
2.535470e+03	2.867472e+05
2.578230e+03	2.623787e+05
2.628320e+03	2.413937e+05
2.688100e+03	2.219368e+05
2.761490e+03	2.034054e+05
2.844400e+03	1.871497e+05
2.970760e+03	1.685359e+05
3.133790e+03	1.511625e+05
3.424990e+03	1.295680e+05
3.752710e+03	1.006473e+05
4.295860e+03	7.650514e+04
4.968640e+03	5.269604e+04
5.762830e+03	3.213004e+04
7.360820e+03	1.371919e+04
8.974240e+03	5.213692e+03
1.159620e+04	5.563451e+02
1.539200e+04	2.259276e+01
2.113310e+04	3.055487e-01
2.667660e+04	1.172388e-01
3.607950e+04	3.533695e-02
4.700930e+04	1.641198e-02
6.808440e+04	5.624864e-03
