-1.000000e+02	4.277320e+12
-9.000000e+01	5.411925e+10
-8.000000e+01	5.853502e+10
-7.000000e+01	6.364400e+10
-6.000000e+01	6.935048e+10
-5.000000e+01	7.566204e+10
-4.000000e+01	8.253502e+10
-3.000000e+01	9.013282e+10
-2.000000e+01	9.788041e+10
-1.000000e+01	1.060822e+11
0.000000e+00	1.143501e+11
1.000000e+01	1.231103e+11
2.000000e+01	1.322202e+11
3.500000e+01	1.467098e+11
5.000000e+01	1.617217e+11
7.500000e+01	1.878346e+11
1.000000e+02	2.164067e+11
1.250000e+02	2.473467e+11
1.500000e+02	2.802951e+11
1.750000e+02	3.136451e+11
2.000000e+02	3.470924e+11
2.500000e+02	4.123961e+11
3.000000e+02	4.628335e+11
3.500000e+02	4.789618e+11
4.000000e+02	4.468717e+11
4.500000e+02	3.825759e+11
4.900000e+02	3.514837e+11
5.250000e+02	3.385217e+11
5.600000e+02	3.375988e+11
6.150000e+02	3.848969e+11
6.600000e+02	4.781848e+11
7.000000e+02	6.478942e+11
7.500000e+02	8.774618e+11
8.000000e+02	1.004054e+12
8.540000e+02	9.481756e+11
9.000000e+02	8.258050e+11
9.460000e+02	7.001157e+11
9.710000e+02	6.338048e+11
1.003000e+03	5.568167e+11
1.032000e+03	4.929162e+11
1.065000e+03	4.265336e+11
1.101000e+03	3.617963e+11
1.143000e+03	2.962931e+11
1.214000e+03	2.074388e+11
1.299000e+03	1.315763e+11
1.398000e+03	7.512840e+10
1.520000e+03	3.670344e+10
1.617000e+03	2.078806e+10
1.722000e+03	1.122022e+10
1.820000e+03	6.353159e+09
1.894000e+03	4.159870e+09
1.946000e+03	3.112452e+09
1.989000e+03	2.462760e+09
2.024000e+03	2.045628e+09
2.055000e+03	1.742272e+09
2.083000e+03	1.513907e+09
2.098000e+03	1.406219e+09
2.110000e+03	1.327133e+09
2.120000e+03	1.265524e+09
2.126000e+03	1.227828e+09
2.130000e+03	1.201281e+09
2.132000e+03	1.185151e+09
2.134000e+03	1.162764e+09
2.136000e+03	1.131949e+09
2.138000e+03	1.079281e+09
2.141930e+03	9.459595e+08
2.145160e+03	7.396938e+08
2.147050e+03	5.457742e+08
2.148650e+03	4.530036e+08
2.150120e+03	3.794100e+08
2.151160e+03	3.295790e+08
2.152030e+03	2.910925e+08
2.152870e+03	2.576989e+08
2.153480e+03	2.363550e+08
2.154070e+03	2.181282e+08
2.154730e+03	1.996818e+08
2.155500e+03	1.817636e+08
2.156160e+03	1.689556e+08
2.156820e+03	1.579801e+08
2.157570e+03	1.476203e+08
2.158210e+03	1.402275e+08
2.158840e+03	1.339296e+08
2.159420e+03	1.287668e+08
2.160010e+03	1.242259e+08
2.160630e+03	1.199148e+08
2.161260e+03	1.160051e+08
2.162290e+03	1.104839e+08
2.163290e+03	1.058638e+08
2.164560e+03	1.008789e+08
2.166030e+03	9.599723e+07
2.167690e+03	9.134910e+07
2.169990e+03	8.602620e+07
2.172320e+03	8.156910e+07
2.175280e+03	7.684585e+07
2.178740e+03	7.230921e+07
2.182440e+03	6.830617e+07
2.186080e+03	6.500356e+07
2.191460e+03	6.094303e+07
2.196520e+03	5.778358e+07
2.201920e+03	5.490555e+07
2.207660e+03	5.233563e+07
2.213740e+03	4.996688e+07
2.220040e+03	4.786112e+07
2.227740e+03	4.562321e+07
2.235290e+03	4.375100e+07
2.243320e+03	4.196443e+07
2.251640e+03	4.036688e+07
2.259430e+03	3.901380e+07
2.269690e+03	3.745645e+07
2.282380e+03	3.578240e+07
2.294370e+03	3.440256e+07
2.308550e+03	3.296096e+07
2.325780e+03	3.146160e+07
2.346100e+03	2.994294e+07
2.378190e+03	2.796491e+07
2.418660e+03	2.599980e+07
2.457900e+03	2.446015e+07
2.495560e+03	2.323469e+07
2.535470e+03	2.213890e+07
2.578230e+03	2.115672e+07
2.628320e+03	2.022065e+07
2.688100e+03	1.927710e+07
2.761490e+03	1.832385e+07
2.844400e+03	1.741961e+07
2.970760e+03	1.629839e+07
3.133790e+03	1.516117e+07
3.424990e+03	1.366680e+07
3.752710e+03	1.245561e+07
4.295860e+03	1.104698e+07
4.968640e+03	9.845164e+06
5.762830e+03	8.833342e+06
7.360820e+03	7.508495e+06
8.974240e+03	6.627178e+06
1.159620e+04	5.616481e+06
1.539200e+04	4.634862e+06
2.113310e+04	3.690041e+06
2.667660e+04	3.078588e+06
3.607950e+04	2.371523e+06
4.700930e+04	1.823262e+06
6.808440e+04	1.178585e+06
