-1.000000e+02	2.112113e+08
-9.000000e+01	2.161417e+06
-8.000000e+01	2.339196e+06
-7.000000e+01	2.542507e+06
-6.000000e+01	2.765006e+06
-5.000000e+01	3.004145e+06
-4.000000e+01	3.256777e+06
-3.000000e+01	3.526237e+06
-2.000000e+01	3.793941e+06
-1.000000e+01	4.068875e+06
0.000000e+00	4.373454e+06
1.000000e+01	4.731715e+06
2.000000e+01	5.101716e+06
3.500000e+01	5.690802e+06
5.000000e+01	6.323262e+06
7.500000e+01	7.556992e+06
1.000000e+02	9.347493e+06
1.250000e+02	1.230204e+07
1.500000e+02	1.752304e+07
1.750000e+02	2.483264e+07
2.000000e+02	3.468779e+07
2.500000e+02	6.168916e+07
3.000000e+02	1.064360e+08
3.500000e+02	1.765269e+08
4.000000e+02	2.794022e+08
4.500000e+02	4.049901e+08
4.900000e+02	4.633020e+08
5.250000e+02	4.714468e+08
5.600000e+02	4.400620e+08
6.150000e+02	3.107529e+08
6.600000e+02	1.874965e+08
7.000000e+02	9.256254e+07
7.500000e+02	3.246324e+07
8.000000e+02	1.098089e+07
8.540000e+02	5.081782e+06
9.000000e+02	3.514705e+06
9.460000e+02	2.629101e+06
9.710000e+02	2.242776e+06
1.003000e+03	1.829126e+06
1.032000e+03	1.515457e+06
1.065000e+03	1.186857e+06
1.101000e+03	9.030776e+05
1.143000e+03	6.462250e+05
1.214000e+03	3.229542e+05
1.299000e+03	1.238753e+05
1.398000e+03	3.026928e+04
1.520000e+03	6.353764e+03
1.617000e+03	2.034586e+03
1.722000e+03	6.899567e+02
1.820000e+03	2.584023e+02
1.894000e+03	1.298237e+02
1.946000e+03	8.228662e+01
1.989000e+03	5.812053e+01
2.024000e+03	4.411036e+01
2.055000e+03	3.474462e+01
2.083000e+03	2.819142e+01
2.098000e+03	2.539095e+01
2.110000e+03	2.347560e+01
2.120000e+03	2.201262e+01
2.126000e+03	2.113945e+01
2.130000e+03	2.053761e+01
2.132000e+03	2.018321e+01
2.134000e+03	1.970496e+01
2.136000e+03	1.904648e+01
2.138000e+03	1.788182e+01
2.141930e+03	1.476871e+01
2.145160e+03	1.323620e+01
2.147050e+03	3.870755e+01
2.148650e+03	1.368790e+02
2.150120e+03	3.615044e+02
2.151160e+03	6.667731e+02
2.152030e+03	1.049361e+03
2.152870e+03	1.527100e+03
2.153480e+03	1.922894e+03
2.154070e+03	2.321652e+03
2.154730e+03	2.783738e+03
2.155500e+03	3.286284e+03
2.156160e+03	3.667999e+03
2.156820e+03	4.016516e+03
2.157570e+03	4.373990e+03
2.158210e+03	4.639618e+03
2.158840e+03	4.874297e+03
2.159420e+03	5.067693e+03
2.160010e+03	5.239654e+03
2.160630e+03	5.401402e+03
2.161260e+03	5.548181e+03
2.162290e+03	5.647087e+03
2.163290e+03	5.706071e+03
2.164560e+03	5.763232e+03
2.166030e+03	5.809631e+03
2.167690e+03	5.842958e+03
2.169990e+03	5.866414e+03
2.172320e+03	5.872100e+03
2.175280e+03	5.860781e+03
2.178740e+03	5.830355e+03
2.182440e+03	5.785654e+03
2.186080e+03	5.734588e+03
2.191460e+03	5.651555e+03
2.196520e+03	5.570427e+03
2.201920e+03	5.483133e+03
2.207660e+03	5.392864e+03
2.213740e+03	5.300658e+03
2.220040e+03	5.208686e+03
2.227740e+03	5.102692e+03
2.235290e+03	4.665033e+03
2.243320e+03	4.295215e+03
2.251640e+03	3.997456e+03
2.259430e+03	3.766005e+03
2.269690e+03	3.519472e+03
2.282380e+03	3.275419e+03
2.294370e+03	3.087780e+03
2.308550e+03	2.903571e+03
2.325780e+03	2.722502e+03
2.346100e+03	2.548770e+03
2.378190e+03	2.335520e+03
2.418660e+03	2.135701e+03
2.457900e+03	1.986332e+03
2.495560e+03	1.779412e+03
2.535470e+03	1.579628e+03
2.578230e+03	1.426022e+03
2.628320e+03	1.297980e+03
2.688100e+03	1.182299e+03
2.761490e+03	1.074624e+03
2.844400e+03	8.855252e+02
2.970760e+03	6.638172e+02
3.133790e+03	4.664802e+02
3.424990e+03	2.979073e+02
3.752710e+03	1.654808e+02
4.295860e+03	6.317887e+01
4.968640e+03	1.124170e+01
5.762830e+03	2.369001e+00
7.360820e+03	1.692055e-01
8.974240e+03	7.978465e-03
1.159620e+04	2.566036e-03
1.539200e+04	1.124452e-03
2.113310e+04	4.641058e-04
2.667660e+04	2.711746e-04
3.607950e+04	1.470057e-04
4.700930e+04	7.043193e-05
6.808440e+04	2.027328e-05
