-1.000000e+02	3.374084e+10
-9.000000e+01	3.689403e+08
-8.000000e+01	4.267775e+08
-7.000000e+01	5.033237e+08
-6.000000e+01	5.993370e+08
-5.000000e+01	7.182349e+08
-4.000000e+01	8.629477e+08
-3.000000e+01	1.044591e+09
-2.000000e+01	1.243465e+09
-1.000000e+01	1.474082e+09
0.000000e+00	1.729495e+09
1.000000e+01	2.042427e+09
2.000000e+01	2.391572e+09
3.500000e+01	3.004945e+09
5.000000e+01	3.696348e+09
7.500000e+01	5.041601e+09
1.000000e+02	6.982575e+09
1.250000e+02	1.011270e+10
1.500000e+02	1.565922e+10
1.750000e+02	2.348079e+10
2.000000e+02	3.429380e+10
2.500000e+02	6.465582e+10
3.000000e+02	1.169070e+11
3.500000e+02	2.003022e+11
4.000000e+02	3.210146e+11
4.500000e+02	4.597715e+11
4.900000e+02	5.200632e+11
5.250000e+02	5.289942e+11
5.600000e+02	4.995334e+11
6.150000e+02	3.694024e+11
6.600000e+02	2.314042e+11
7.000000e+02	1.133430e+11
7.500000e+02	3.631845e+10
8.000000e+02	1.040101e+10
8.540000e+02	3.805716e+09
9.000000e+02	2.190195e+09
9.460000e+02	1.418054e+09
9.710000e+02	1.126450e+09
1.003000e+03	8.606901e+08
1.032000e+03	6.814862e+08
1.065000e+03	5.120325e+08
1.101000e+03	3.761410e+08
1.143000e+03	2.621488e+08
1.214000e+03	1.284421e+08
1.299000e+03	4.882949e+07
1.398000e+03	1.188005e+07
1.520000e+03	2.480257e+06
1.617000e+03	7.907587e+05
1.722000e+03	2.669684e+05
1.820000e+03	9.958429e+04
1.894000e+03	4.985320e+04
1.946000e+03	3.149973e+04
1.989000e+03	2.217923e+04
2.024000e+03	1.678777e+04
2.055000e+03	1.318795e+04
2.083000e+03	1.066249e+04
2.098000e+03	9.577706e+03
2.110000e+03	8.831652e+03
2.120000e+03	8.237366e+03
2.126000e+03	7.834275e+03
2.130000e+03	7.518556e+03
2.132000e+03	7.286979e+03
2.134000e+03	6.904688e+03
2.136000e+03	6.344060e+03
2.138000e+03	5.384877e+03
2.141930e+03	3.487385e+03
2.145160e+03	2.267547e+03
2.147050e+03	4.571284e+03
2.148650e+03	1.190579e+04
2.150120e+03	2.459100e+04
2.151160e+03	3.840339e+04
2.152030e+03	5.320729e+04
2.152870e+03	6.940201e+04
2.153480e+03	8.149994e+04
2.154070e+03	9.274790e+04
2.154730e+03	1.047886e+05
2.155500e+03	1.167030e+05
2.156160e+03	1.249239e+05
2.156820e+03	1.319384e+05
2.157570e+03	1.387304e+05
2.158210e+03	1.434811e+05
2.158840e+03	1.474814e+05
2.159420e+03	1.506119e+05
2.160010e+03	1.532744e+05
2.160630e+03	1.556501e+05
2.161260e+03	1.577054e+05
2.162290e+03	1.574338e+05
2.163290e+03	1.565317e+05
2.164560e+03	1.553581e+05
2.166030e+03	1.539462e+05
2.167690e+03	1.523224e+05
2.169990e+03	1.501002e+05
2.172320e+03	1.479098e+05
2.175280e+03	1.452003e+05
2.178740e+03	1.421768e+05
2.182440e+03	1.391163e+05
2.186080e+03	1.362947e+05
2.191460e+03	1.324246e+05
2.196520e+03	1.290934e+05
2.201920e+03	1.258050e+05
2.207660e+03	1.226402e+05
2.213740e+03	1.195575e+05
2.220040e+03	1.166376e+05
2.227740e+03	1.133874e+05
2.235290e+03	1.030471e+05
2.243320e+03	9.433766e+04
2.251640e+03	8.734958e+04
2.259430e+03	8.193457e+04
2.269690e+03	7.618822e+04
2.282380e+03	7.052177e+04
2.294370e+03	6.618630e+04
2.308550e+03	6.194734e+04
2.325780e+03	5.780253e+04
2.346100e+03	5.384673e+04
2.378190e+03	4.902392e+04
2.418660e+03	4.454382e+04
2.457900e+03	4.122148e+04
2.495560e+03	3.678682e+04
2.535470e+03	3.254700e+04
2.578230e+03	2.929104e+04
2.628320e+03	2.657746e+04
2.688100e+03	2.413284e+04
2.761490e+03	2.186462e+04
2.844400e+03	1.796700e+04
2.970760e+03	1.342326e+04
3.133790e+03	9.401235e+03
3.424990e+03	5.977261e+03
3.752710e+03	3.308807e+03
4.295860e+03	1.258274e+03
4.968640e+03	2.231466e+02
5.762830e+03	4.689209e+01
7.360820e+03	3.337013e+00
8.974240e+03	1.569715e-01
1.159620e+04	5.035561e-02
1.539200e+04	2.201403e-02
2.113310e+04	9.065821e-03
2.667660e+04	5.289585e-03
3.607950e+04	2.862838e-03
4.700930e+04	1.369876e-03
6.808440e+04	3.936890e-04
