-1.000000e+02	3.815647e+12
-9.000000e+01	1.383936e+11
-8.000000e+01	1.495343e+11
-7.000000e+01	1.624248e+11
-6.000000e+01	1.767848e+11
-5.000000e+01	1.926019e+11
-4.000000e+01	2.097945e+11
-3.000000e+01	2.288091e+11
-2.000000e+01	2.481133e+11
-1.000000e+01	2.685027e+11
0.000000e+00	2.889104e+11
1.000000e+01	3.104466e+11
2.000000e+01	3.326617e+11
3.500000e+01	3.677059e+11
5.000000e+01	4.034765e+11
7.500000e+01	4.640876e+11
1.000000e+02	5.283593e+11
1.250000e+02	5.954867e+11
1.500000e+02	6.646022e+11
1.750000e+02	7.321061e+11
2.000000e+02	7.987820e+11
2.500000e+02	9.250837e+11
3.000000e+02	1.030470e+12
3.500000e+02	1.092433e+12
4.000000e+02	1.088215e+12
4.500000e+02	1.015911e+12
4.900000e+02	9.533371e+11
5.250000e+02	9.020703e+11
5.600000e+02	8.549846e+11
6.150000e+02	8.058286e+11
6.600000e+02	7.661507e+11
7.000000e+02	7.171036e+11
7.500000e+02	6.032737e+11
8.000000e+02	4.678037e+11
8.540000e+02	3.367361e+11
9.000000e+02	2.517512e+11
9.460000e+02	1.887905e+11
9.710000e+02	1.613824e+11
1.003000e+03	1.327424e+11
1.032000e+03	1.113933e+11
1.065000e+03	9.131638e+10
1.101000e+03	7.355123e+10
1.143000e+03	5.723485e+10
1.214000e+03	3.754229e+10
1.299000e+03	2.257485e+10
1.398000e+03	1.238751e+10
1.520000e+03	5.834184e+09
1.617000e+03	3.234628e+09
1.722000e+03	1.720481e+09
1.820000e+03	9.685960e+08
1.894000e+03	6.325079e+08
1.946000e+03	4.728653e+08
1.989000e+03	3.739839e+08
2.024000e+03	3.105830e+08
2.055000e+03	2.645133e+08
2.083000e+03	2.298217e+08
2.098000e+03	2.134518e+08
2.110000e+03	2.014191e+08
2.120000e+03	1.920249e+08
2.126000e+03	1.862279e+08
2.130000e+03	1.821009e+08
2.132000e+03	1.795359e+08
2.134000e+03	1.758663e+08
2.136000e+03	1.706663e+08
2.138000e+03	1.613677e+08
2.141930e+03	1.367569e+08
2.145160e+03	1.041107e+08
2.147050e+03	8.257108e+07
2.148650e+03	6.944964e+07
2.150120e+03	5.824550e+07
2.151160e+03	5.064733e+07
2.152030e+03	4.479838e+07
2.152870e+03	3.973366e+07
2.153480e+03	3.648865e+07
2.154070e+03	3.370698e+07
2.154730e+03	3.087909e+07
2.155500e+03	2.811934e+07
2.156160e+03	2.613998e+07
2.156820e+03	2.444126e+07
2.157570e+03	2.283699e+07
2.158210e+03	2.169213e+07
2.158840e+03	2.071731e+07
2.159420e+03	1.992090e+07
2.160010e+03	1.922157e+07
2.160630e+03	1.855868e+07
2.161260e+03	1.795844e+07
2.162290e+03	1.711301e+07
2.163290e+03	1.640741e+07
2.164560e+03	1.564789e+07
2.166030e+03	1.490576e+07
2.167690e+03	1.420051e+07
2.169990e+03	1.339431e+07
2.172320e+03	1.272021e+07
2.175280e+03	1.200653e+07
2.178740e+03	1.132135e+07
2.182440e+03	1.071116e+07
2.186080e+03	1.020519e+07
2.191460e+03	9.582043e+06
2.196520e+03	9.096230e+06
2.201920e+03	8.652884e+06
2.207660e+03	8.256278e+06
2.213740e+03	7.890140e+06
2.220040e+03	7.564122e+06
2.227740e+03	7.217160e+06
2.235290e+03	6.928768e+06
2.243320e+03	6.652247e+06
2.251640e+03	6.404168e+06
2.259430e+03	6.193628e+06
2.269690e+03	5.950976e+06
2.282380e+03	5.689927e+06
2.294370e+03	5.474671e+06
2.308550e+03	5.249771e+06
2.325780e+03	5.015530e+06
2.346100e+03	4.777707e+06
2.378190e+03	4.467968e+06
2.418660e+03	4.160136e+06
2.457900e+03	3.918761e+06
2.495560e+03	3.726881e+06
2.535470e+03	3.555329e+06
2.578230e+03	3.401406e+06
2.628320e+03	3.254591e+06
2.688100e+03	3.106150e+06
2.761490e+03	2.952497e+06
2.844400e+03	2.807616e+06
2.970760e+03	2.628178e+06
3.133790e+03	2.446223e+06
3.424990e+03	2.206541e+06
3.752710e+03	2.012365e+06
4.295860e+03	1.786055e+06
4.968640e+03	1.592574e+06
5.762830e+03	1.429233e+06
7.360820e+03	1.209301e+06
8.974240e+03	1.059873e+06
1.159620e+04	8.934234e+05
1.539200e+04	7.345992e+05
2.113310e+04	5.804038e+05
2.667660e+04	4.807785e+05
3.607950e+04	3.668064e+05
4.700930e+04	2.807507e+05
6.808440e+04	1.814211e+05
