-1.000000e+02	1.366000e+16
-9.000000e+01	4.924148e+14
-8.000000e+01	5.321541e+14
-7.000000e+01	5.781693e+14
-6.000000e+01	6.294683e+14
-5.000000e+01	6.860188e+14
-4.000000e+01	7.475426e+14
-3.000000e+01	8.156625e+14
-2.000000e+01	8.848714e+14
-1.000000e+01	9.580441e+14
0.000000e+00	1.031369e+15
1.000000e+01	1.108904e+15
2.000000e+01	1.188975e+15
3.500000e+01	1.315511e+15
5.000000e+01	1.444900e+15
7.500000e+01	1.664759e+15
1.000000e+02	1.899723e+15
1.250000e+02	2.149040e+15
1.500000e+02	2.413987e+15
1.750000e+02	2.681288e+15
2.000000e+02	2.956266e+15
2.500000e+02	3.512205e+15
3.000000e+02	4.071602e+15
3.500000e+02	4.587423e+15
4.000000e+02	5.000815e+15
4.500000e+02	5.236631e+15
4.900000e+02	5.228532e+15
5.250000e+02	5.078299e+15
5.600000e+02	4.806664e+15
6.150000e+02	4.170444e+15
6.600000e+02	3.539939e+15
7.000000e+02	2.946936e+15
7.500000e+02	2.269667e+15
8.000000e+02	1.696965e+15
8.540000e+02	1.208452e+15
9.000000e+02	9.011407e+14
9.460000e+02	6.749770e+14
9.710000e+02	5.766815e+14
1.003000e+03	4.741061e+14
1.032000e+03	3.977102e+14
1.065000e+03	3.258638e+14
1.101000e+03	2.623398e+14
1.143000e+03	2.040348e+14
1.214000e+03	1.336790e+14
1.299000e+03	8.028277e+13
1.398000e+03	4.400066e+13
1.520000e+03	2.071208e+13
1.617000e+03	1.148126e+13
1.722000e+03	6.106273e+12
1.820000e+03	3.437529e+12
1.894000e+03	2.244705e+12
1.946000e+03	1.678129e+12
1.989000e+03	1.327204e+12
2.024000e+03	1.102199e+12
2.055000e+03	9.387031e+11
2.083000e+03	8.155868e+11
2.098000e+03	7.574923e+11
2.110000e+03	7.147902e+11
2.120000e+03	6.814518e+11
2.126000e+03	6.608790e+11
2.130000e+03	6.462328e+11
2.132000e+03	6.371300e+11
2.134000e+03	6.241066e+11
2.136000e+03	6.056517e+11
2.138000e+03	5.726509e+11
2.141930e+03	4.853094e+11
2.145160e+03	3.694455e+11
2.147050e+03	2.928952e+11
2.148650e+03	2.457776e+11
2.150120e+03	2.041383e+11
2.151160e+03	1.735546e+11
2.152030e+03	1.473549e+11
2.152870e+03	1.219988e+11
2.153480e+03	1.044192e+11
2.154070e+03	8.885955e+10
2.154730e+03	7.307928e+10
2.155500e+03	5.808080e+10
2.156160e+03	4.795125e+10
2.156820e+03	3.991163e+10
2.157570e+03	3.291002e+10
2.158210e+03	2.836046e+10
2.158840e+03	2.478478e+10
2.159420e+03	2.209041e+10
2.160010e+03	1.988562e+10
2.160630e+03	1.794330e+10
2.161260e+03	1.629887e+10
2.162290e+03	1.395266e+10
2.163290e+03	1.217704e+10
2.164560e+03	1.046141e+10
2.166030e+03	8.972091e+09
2.167690e+03	7.715885e+09
2.169990e+03	6.452358e+09
2.172320e+03	5.523825e+09
2.175280e+03	4.656230e+09
2.178740e+03	3.923624e+09
2.182440e+03	3.344424e+09
2.186080e+03	2.911291e+09
2.191460e+03	2.431673e+09
2.196520e+03	2.095186e+09
2.201920e+03	1.814424e+09
2.207660e+03	1.583886e+09
2.213740e+03	1.386506e+09
2.220040e+03	1.224302e+09
2.227740e+03	1.063985e+09
2.235290e+03	8.623284e+08
2.243320e+03	7.016626e+08
2.251640e+03	5.805821e+08
2.259430e+03	4.923954e+08
2.269690e+03	4.053413e+08
2.282380e+03	3.266235e+08
2.294370e+03	2.720632e+08
2.308550e+03	2.235635e+08
2.325780e+03	1.812634e+08
2.346100e+03	1.456191e+08
2.378190e+03	1.085222e+08
2.418660e+03	8.028069e+07
2.457900e+03	6.296088e+07
2.495560e+03	4.722436e+07
2.535470e+03	3.508538e+07
2.578230e+03	2.699007e+07
2.628320e+03	2.101168e+07
2.688100e+03	1.638373e+07
2.761490e+03	1.271381e+07
2.844400e+03	8.231579e+06
2.970760e+03	4.374836e+06
3.133790e+03	2.048876e+06
3.424990e+03	7.822231e+05
3.752710e+03	2.314825e+05
4.295860e+03	3.254521e+04
4.968640e+03	1.013695e+03
5.762830e+03	4.494282e+01
7.360820e+03	2.350125e-01
8.974240e+03	5.435944e-04
1.159620e+04	6.008148e-05
1.539200e+04	1.287460e-05
2.113310e+04	2.622604e-06
2.667660e+04	7.152557e-07
3.607950e+04	4.768372e-07
4.700930e+04	1.192093e-07
6.808440e+04	0.000000e+00
