0.000000e+00
7.841561e+02
7.459123e+02
7.095338e+02
6.749294e+02
6.420127e+02
6.107014e+02
5.809171e+02
5.525855e+02
5.256355e+02
5.000000e+02
4.756147e+02
4.524187e+02
4.197285e+02
3.894004e+02
3.436446e+02
3.032653e+02
2.676307e+02
2.361833e+02
2.084310e+02
1.839397e+02
1.432524e+02
1.115651e+02
8.688697e+01
6.766764e+01
5.269961e+01
4.314679e+01
3.621988e+01
3.040503e+01
2.309481e+01
1.844158e+01
1.509869e+01
1.175887e+01
9.157819e+00
6.990892e+00
5.554498e+00
4.413236e+00
3.894667e+00
3.318816e+00
2.870850e+00
2.434176e+00
2.033194e+00
1.648075e+00
1.155587e+00
7.554876e-01
4.605233e-01
2.502257e-01
1.540633e-01
9.113696e-02
5.583290e-02
3.856570e-02
2.973615e-02
2.398343e-02
2.013306e-02
1.724226e-02
1.498970e-02
1.390660e-02
1.309674e-02
1.245800e-02
1.208982e-02
1.185042e-02
1.173251e-02
1.161577e-02
1.150019e-02
1.138576e-02
1.116421e-02
1.098536e-02
1.088204e-02
1.079533e-02
1.071627e-02
1.066069e-02
1.061442e-02
1.056993e-02
1.053774e-02
1.050670e-02
1.047209e-02
1.043185e-02
1.039748e-02
1.036322e-02
1.032443e-02
1.029145e-02
1.025908e-02
1.022937e-02
1.019924e-02
1.016767e-02
1.013570e-02
1.008363e-02
1.003334e-02
9.969828e-03
9.896819e-03
9.815015e-03
9.702789e-03
9.590407e-03
9.449515e-03
9.287444e-03
9.117206e-03
8.952774e-03
8.715154e-03
8.497427e-03
8.271066e-03
8.037060e-03
7.796410e-03
7.554651e-03
7.269325e-03
7.000023e-03
6.724539e-03
6.450537e-03
6.204119e-03
5.893873e-03
5.531524e-03
5.209654e-03
4.853079e-03
4.452489e-03
4.022338e-03
3.426068e-03
2.798444e-03
2.299895e-03
1.905155e-03
1.560511e-03
1.260128e-03
9.809472e-04
7.275034e-04
5.040466e-04
3.329921e-04
1.770299e-04
7.834864e-05
1.826832e-05
3.548655e-06
2.347624e-07
8.122792e-09
1.531594e-10
5.189822e-14
1.628004e-17
3.297172e-23
1.886543e-31
6.442085e-44
5.908390e-56
2.255959e-76
4.164588e-100
7.170904e-146
