-1.000000e+02	1.366000e+16
-9.000000e+01	2.762411e+15
-8.000000e+01	2.827347e+15
-7.000000e+01	2.908732e+15
-6.000000e+01	2.998019e+15
-5.000000e+01	3.092624e+15
-4.000000e+01	3.189546e+15
-3.000000e+01	3.294625e+15
-2.000000e+01	3.383455e+15
-1.000000e+01	3.467614e+15
0.000000e+00	3.533720e+15
1.000000e+01	3.596371e+15
2.000000e+01	3.650532e+15
3.500000e+01	3.721554e+15
5.000000e+01	3.768123e+15
7.500000e+01	3.796022e+15
1.000000e+02	3.795310e+15
1.250000e+02	3.771393e+15
1.500000e+02	3.732629e+15
1.750000e+02	3.666016e+15
2.000000e+02	3.588882e+15
2.500000e+02	3.411107e+15
3.000000e+02	3.236847e+15
3.500000e+02	3.068321e+15
4.000000e+02	2.906419e+15
4.500000e+02	2.744194e+15
4.900000e+02	2.597084e+15
5.250000e+02	2.461935e+15
5.600000e+02	2.324026e+15
6.150000e+02	2.096523e+15
6.600000e+02	1.907095e+15
7.000000e+02	1.731063e+15
7.500000e+02	1.526852e+15
8.000000e+02	1.339857e+15
8.540000e+02	1.156507e+15
9.000000e+02	1.026966e+15
9.460000e+02	9.228174e+14
9.710000e+02	8.726407e+14
1.003000e+03	8.188333e+14
1.032000e+03	7.761068e+14
1.065000e+03	7.322631e+14
1.101000e+03	6.891068e+14
1.143000e+03	6.443888e+14
1.214000e+03	5.780451e+14
1.299000e+03	5.065619e+14
1.398000e+03	4.299846e+14
1.520000e+03	3.438301e+14
1.617000e+03	2.837125e+14
1.722000e+03	2.262515e+14
1.820000e+03	1.800646e+14
1.894000e+03	1.494927e+14
1.946000e+03	1.304634e+14
1.989000e+03	1.162221e+14
2.024000e+03	1.056386e+14
2.055000e+03	9.698511e+13
2.083000e+03	8.978528e+13
2.098000e+03	8.614328e+13
2.110000e+03	8.335472e+13
2.120000e+03	8.108357e+13
2.126000e+03	7.960043e+13
2.130000e+03	7.848408e+13
2.132000e+03	7.773065e+13
2.134000e+03	7.656562e+13
2.136000e+03	7.485763e+13
2.138000e+03	7.179354e+13
2.141930e+03	6.425855e+13
2.145160e+03	5.306959e+13
2.147050e+03	4.043009e+13
2.148650e+03	3.298538e+13
2.150120e+03	2.744999e+13
2.151160e+03	2.354272e+13
2.152030e+03	2.024969e+13
2.152870e+03	1.704304e+13
2.153480e+03	1.462734e+13
2.154070e+03	1.237319e+13
2.154730e+03	1.000934e+13
2.155500e+03	7.740016e+12
2.156160e+03	6.225727e+12
2.156820e+03	5.042309e+12
2.157570e+03	4.033984e+12
2.158210e+03	3.395101e+12
2.158840e+03	2.904120e+12
2.159420e+03	2.541932e+12
2.160010e+03	2.251075e+12
2.160630e+03	1.999482e+12
2.161260e+03	1.790077e+12
2.162290e+03	1.523032e+12
2.163290e+03	1.321033e+12
2.164560e+03	1.126160e+12
2.166030e+03	9.587225e+11
2.167690e+03	8.188087e+11
2.169990e+03	6.793113e+11
2.172320e+03	5.775929e+11
2.175280e+03	4.831910e+11
2.178740e+03	4.015426e+11
2.182440e+03	3.338638e+11
2.186080e+03	2.844132e+11
2.191460e+03	2.309139e+11
2.196520e+03	1.942480e+11
2.201920e+03	1.642768e+11
2.207660e+03	1.401797e+11
2.213740e+03	1.199506e+11
2.220040e+03	1.036898e+11
2.227740e+03	8.796396e+10
2.235290e+03	7.617573e+10
2.243320e+03	6.595423e+10
2.251640e+03	5.767421e+10
2.259430e+03	5.126787e+10
2.269690e+03	4.455729e+10
2.282380e+03	3.806740e+10
2.294370e+03	3.328798e+10
2.308550e+03	2.878618e+10
2.325780e+03	2.462722e+10
2.346100e+03	2.090203e+10
2.378190e+03	1.674659e+10
2.418660e+03	1.332951e+10
2.457900e+03	1.108150e+10
2.495560e+03	9.533875e+09
2.535470e+03	8.313230e+09
2.578230e+03	7.326542e+09
2.628320e+03	6.457278e+09
2.688100e+03	5.738338e+09
2.761490e+03	5.080925e+09
2.844400e+03	4.526339e+09
2.970760e+03	3.921650e+09
3.133790e+03	3.389643e+09
3.424990e+03	2.795320e+09
3.752710e+03	2.383496e+09
4.295860e+03	1.966273e+09
4.968640e+03	1.649832e+09
5.762830e+03	1.405517e+09
7.360820e+03	1.105398e+09
8.974240e+03	9.502689e+08
1.159620e+04	8.160993e+08
1.539200e+04	6.866845e+08
2.113310e+04	5.754879e+08
2.667660e+04	6.088408e+08
3.607950e+04	6.528025e+08
4.700930e+04	6.076026e+08
6.808440e+04	4.330975e+08
