2.041419e+05
2.023474e+05
2.005060e+05
1.986098e+05
1.966545e+05
1.946378e+05
1.925561e+05
1.904123e+05
1.882129e+05
1.859653e+05
1.836764e+05
1.813499e+05
1.777997e+05
1.741930e+05
1.681211e+05
1.620277e+05
1.559544e+05
1.499315e+05
1.439936e+05
1.381711e+05
1.269349e+05
1.162635e+05
1.061421e+05
9.655065e+04
8.747959e+04
8.062151e+04
7.493822e+04
6.956202e+04
6.176308e+04
5.598403e+04
5.131660e+04
4.609523e+04
4.150149e+04
3.718308e+04
3.396324e+04
3.108725e+04
2.964682e+04
2.790996e+04
2.642558e+04
2.482819e+04
2.318609e+04
2.138876e+04
1.860424e+04
1.564703e+04
1.267445e+04
9.652679e+03
7.703297e+03
5.990780e+03
4.717843e+03
3.937326e+03
3.470792e+03
3.130704e+03
2.881652e+03
2.680158e+03
2.512381e+03
2.427686e+03
2.362402e+03
2.309621e+03
2.278675e+03
2.258377e+03
2.248348e+03
2.238442e+03
2.228721e+03
2.219307e+03
2.202147e+03
2.189985e+03
2.184314e+03
2.180541e+03
2.177680e+03
2.175957e+03
2.174692e+03
2.173610e+03
2.172900e+03
2.172268e+03
2.171616e+03
2.170920e+03
2.170371e+03
2.169859e+03
2.169314e+03
2.168875e+03
2.168464e+03
2.168101e+03
2.167745e+03
2.167384e+03
2.167030e+03
2.166473e+03
2.165956e+03
2.165329e+03
2.164636e+03
2.163891e+03
2.162912e+03
2.161973e+03
2.160844e+03
2.159598e+03
2.158340e+03
2.157165e+03
2.155522e+03
2.154062e+03
2.152580e+03
2.151079e+03
2.149559e+03
2.148050e+03
2.146284e+03
2.144625e+03
2.142928e+03
2.141235e+03
2.139703e+03
2.137754e+03
2.135436e+03
2.133330e+03
2.130930e+03
2.128129e+03
2.124962e+03
2.120214e+03
2.114579e+03
2.109417e+03
2.104690e+03
2.099878e+03
2.094913e+03
2.089298e+03
2.082831e+03
2.075180e+03
2.066851e+03
2.054673e+03
2.039689e+03
2.014425e+03
1.987745e+03
1.946501e+03
1.899400e+03
1.848259e+03
1.756365e+03
1.675099e+03
1.560497e+03
1.421575e+03
1.251702e+03
1.118982e+03
9.397210e+02
7.805199e+02
5.640514e+02
