-1.000000e+02	3.176116e+11
-9.000000e+01	2.746020e+08
-8.000000e+01	4.782910e+08
-7.000000e+01	8.031520e+08
-6.000000e+01	1.303968e+09
-5.000000e+01	2.054554e+09
-4.000000e+01	3.150409e+09
-3.000000e+01	4.721700e+09
-2.000000e+01	6.885324e+09
-1.000000e+01	9.822634e+09
0.000000e+00	1.367831e+10
1.000000e+01	1.869499e+10
2.000000e+01	2.505910e+10
3.500000e+01	3.760123e+10
5.000000e+01	5.407240e+10
7.500000e+01	9.025540e+10
1.000000e+02	1.352664e+11
1.250000e+02	1.822442e+11
1.500000e+02	2.221032e+11
1.750000e+02	2.464604e+11
2.000000e+02	2.534891e+11
2.500000e+02	2.268086e+11
3.000000e+02	1.761414e+11
3.500000e+02	1.261912e+11
4.000000e+02	8.626906e+10
4.500000e+02	5.715121e+10
4.900000e+02	4.027656e+10
5.250000e+02	2.935084e+10
5.600000e+02	2.123838e+10
6.150000e+02	1.260606e+10
6.600000e+02	8.161913e+09
7.000000e+02	5.507882e+09
7.500000e+02	3.393685e+09
8.000000e+02	2.114376e+09
8.540000e+02	1.287370e+09
9.000000e+02	8.638607e+08
9.460000e+02	5.944714e+08
9.710000e+02	4.886115e+08
1.003000e+03	3.848130e+08
1.032000e+03	3.122018e+08
1.065000e+03	2.475710e+08
1.101000e+03	1.934059e+08
1.143000e+03	1.461534e+08
1.214000e+03	9.224718e+07
1.299000e+03	5.368397e+07
1.398000e+03	2.868858e+07
1.520000e+03	1.330083e+07
1.617000e+03	7.328914e+06
1.722000e+03	3.901951e+06
1.820000e+03	2.222531e+06
1.894000e+03	1.471843e+06
1.946000e+03	1.116385e+06
1.989000e+03	8.930117e+05
2.024000e+03	7.482283e+05
2.055000e+03	6.421031e+05
2.083000e+03	5.639475e+05
2.098000e+03	5.270296e+05
2.110000e+03	4.994845e+05
2.120000e+03	4.774275e+05
2.126000e+03	4.630430e+05
2.130000e+03	4.522105e+05
2.132000e+03	4.447826e+05
2.134000e+03	4.330347e+05
2.136000e+03	4.155320e+05
2.138000e+03	3.840666e+05
2.141930e+03	3.198076e+05
2.145160e+03	2.677384e+05
2.147050e+03	2.214852e+05
2.148650e+03	1.864793e+05
2.150120e+03	1.550805e+05
2.151160e+03	1.317950e+05
2.152030e+03	1.163116e+05
2.152870e+03	1.034310e+05
2.153480e+03	9.524190e+04
2.154070e+03	8.810265e+04
2.154730e+03	8.027878e+04
2.155500e+03	7.225608e+04
2.156160e+03	6.692323e+04
2.156820e+03	6.258178e+04
2.157570e+03	5.857143e+04
2.158210e+03	5.572723e+04
2.158840e+03	5.330360e+04
2.159420e+03	5.131966e+04
2.160010e+03	4.957363e+04
2.160630e+03	4.791497e+04
2.161260e+03	4.640976e+04
2.162290e+03	4.428245e+04
2.163290e+03	4.250119e+04
2.164560e+03	4.057799e+04
2.166030e+03	3.869356e+04
2.167690e+03	3.689847e+04
2.169990e+03	3.484200e+04
2.172320e+03	3.311956e+04
2.175280e+03	3.129402e+04
2.178740e+03	2.954049e+04
2.182440e+03	2.797889e+04
2.186080e+03	2.668456e+04
2.191460e+03	2.509185e+04
2.196520e+03	2.385154e+04
2.201920e+03	2.272082e+04
2.207660e+03	2.171022e+04
2.213740e+03	2.077786e+04
2.220040e+03	1.994796e+04
2.227740e+03	1.906475e+04
2.235290e+03	1.832445e+04
2.243320e+03	1.761666e+04
2.251640e+03	1.698241e+04
2.259430e+03	1.644410e+04
2.269690e+03	1.582303e+04
2.282380e+03	1.515352e+04
2.294370e+03	1.459991e+04
2.308550e+03	1.401975e+04
2.325780e+03	1.341329e+04
2.346100e+03	1.279511e+04
2.378190e+03	1.198613e+04
2.418660e+03	1.117779e+04
2.457900e+03	1.054106e+04
2.495560e+03	1.003205e+04
2.535470e+03	9.575191e+03
2.578230e+03	9.164437e+03
2.628320e+03	8.772027e+03
2.688100e+03	8.374593e+03
2.761490e+03	7.962586e+03
2.844400e+03	7.571492e+03
2.970760e+03	7.086173e+03
3.133790e+03	6.593512e+03
3.424990e+03	5.945527e+03
3.752710e+03	5.419882e+03
4.295860e+03	4.808125e+03
4.968640e+03	4.285897e+03
5.762830e+03	3.846069e+03
7.360820e+03	3.254171e+03
8.974240e+03	2.852062e+03
1.159620e+04	2.404154e+03
1.539200e+04	1.976766e+03
2.113310e+04	1.561835e+03
2.667660e+04	1.293749e+03
3.607950e+04	9.870558e+02
4.700930e+04	7.554846e+02
6.808440e+04	4.881941e+02
