-1.000000e+02	2.029180e+11
-9.000000e+01	8.616477e+07
-8.000000e+01	2.150470e+08
-7.000000e+01	4.436356e+08
-6.000000e+01	7.985964e+08
-5.000000e+01	1.305034e+09
-4.000000e+01	2.023480e+09
-3.000000e+01	3.045977e+09
-2.000000e+01	4.448920e+09
-1.000000e+01	6.351994e+09
0.000000e+00	8.848312e+09
1.000000e+01	1.209584e+10
2.000000e+01	1.621568e+10
3.500000e+01	2.433772e+10
5.000000e+01	3.500524e+10
7.500000e+01	5.848332e+10
1.000000e+02	8.778290e+10
1.250000e+02	1.185552e+11
1.500000e+02	1.449674e+11
1.750000e+02	1.613815e+11
2.000000e+02	1.664379e+11
2.500000e+02	1.493199e+11
3.000000e+02	1.160593e+11
3.500000e+02	8.313867e+10
4.000000e+02	5.681815e+10
4.500000e+02	3.761047e+10
4.900000e+02	2.644031e+10
5.250000e+02	1.921463e+10
5.600000e+02	1.386379e+10
6.150000e+02	8.191883e+09
6.600000e+02	5.289436e+09
7.000000e+02	3.563961e+09
7.500000e+02	2.194282e+09
8.000000e+02	1.366599e+09
8.540000e+02	8.317841e+08
9.000000e+02	5.579426e+08
9.460000e+02	3.836764e+08
9.710000e+02	3.151226e+08
1.003000e+03	2.478446e+08
1.032000e+03	2.007388e+08
1.065000e+03	1.588015e+08
1.101000e+03	1.236687e+08
1.143000e+03	9.306874e+07
1.214000e+03	5.827777e+07
1.299000e+03	3.355616e+07
1.398000e+03	1.768452e+07
1.520000e+03	8.035367e+06
1.617000e+03	4.373414e+06
1.722000e+03	2.291727e+06
1.820000e+03	1.270092e+06
1.894000e+03	8.173881e+05
1.946000e+03	6.007301e+05
1.989000e+03	4.672139e+05
2.024000e+03	3.821518e+05
2.055000e+03	3.206446e+05
2.083000e+03	2.712113e+05
2.098000e+03	2.470045e+05
2.110000e+03	2.292010e+05
2.120000e+03	2.141346e+05
2.126000e+03	2.022931e+05
2.130000e+03	1.917423e+05
2.132000e+03	1.826182e+05
2.134000e+03	1.654367e+05
2.136000e+03	1.382541e+05
2.138000e+03	9.137854e+04
2.141930e+03	2.878825e+04
2.145160e+03	8.758133e+03
2.147050e+03	2.808406e+03
2.148650e+03	8.510591e+02
2.150120e+03	1.764212e+02
2.151160e+03	1.656140e+01
2.152030e+03	2.155663e+00
2.152870e+03	2.611711e-01
2.153480e+03	5.635801e-02
2.154070e+03	7.505667e-03
2.154730e+03	3.297298e-03
2.155500e+03	1.847859e-03
2.156160e+03	1.331812e-03
2.156820e+03	9.457122e-04
2.157570e+03	6.261627e-04
2.158210e+03	4.869371e-04
2.158840e+03	3.994902e-04
2.159420e+03	3.456197e-04
2.160010e+03	3.088529e-04
2.160630e+03	2.782283e-04
2.161260e+03	2.504947e-04
2.162290e+03	2.141977e-04
2.163290e+03	1.837423e-04
2.164560e+03	1.574981e-04
2.166030e+03	1.369203e-04
2.167690e+03	1.201636e-04
2.169990e+03	1.032352e-04
2.172320e+03	9.097261e-05
2.175280e+03	7.817028e-05
2.178740e+03	6.681767e-05
2.182440e+03	5.770115e-05
2.186080e+03	4.844876e-05
2.191460e+03	3.955924e-05
2.196520e+03	3.401499e-05
2.201920e+03	2.975158e-05
2.207660e+03	2.645367e-05
2.213740e+03	2.281584e-05
2.220040e+03	1.928763e-05
2.227740e+03	1.632083e-05
2.235290e+03	1.429258e-05
2.243320e+03	1.264981e-05
2.251640e+03	1.137469e-05
2.259430e+03	1.041316e-05
2.269690e+03	9.420333e-06
2.282380e+03	8.468493e-06
2.294370e+03	7.761193e-06
2.308550e+03	7.086586e-06
2.325780e+03	6.445456e-06
2.346100e+03	5.850730e-06
2.378190e+03	5.150255e-06
2.418660e+03	4.068465e-06
2.457900e+03	3.355277e-06
2.495560e+03	2.899262e-06
2.535470e+03	2.554251e-06
2.578230e+03	2.285092e-06
2.628320e+03	2.057514e-06
2.688100e+03	1.852270e-06
2.761490e+03	1.662205e-06
2.844400e+03	1.500050e-06
2.970760e+03	1.009659e-06
3.133790e+03	7.112822e-07
3.424990e+03	4.849057e-07
3.752710e+03	3.684036e-07
4.295860e+03	2.733518e-07
4.968640e+03	2.135821e-07
5.762830e+03	1.735043e-07
7.360820e+03	1.301069e-07
8.974240e+03	1.058067e-07
1.159620e+04	8.253051e-08
1.539200e+04	6.713844e-08
2.113310e+04	5.289803e-08
2.667660e+04	4.374033e-08
3.607950e+04	3.330331e-08
4.700930e+04	2.544965e-08
6.808440e+04	1.641331e-08
