-1.000000e+02	1.000000e+00
-9.000000e+01	8.741316e+00
-8.000000e+01	1.010651e+01
-7.000000e+01	1.001495e+01
-6.000000e+01	7.516880e+00
-5.000000e+01	4.843464e+00
-4.000000e+01	4.873360e+00
-3.000000e+01	4.905864e+00
-2.000000e+01	4.935389e+00
-1.000000e+01	4.962301e+00
0.000000e+00	4.993274e+00
1.000000e+01	5.015901e+00
2.000000e+01	5.045021e+00
3.500000e+01	5.083562e+00
5.000000e+01	5.117307e+00
7.500000e+01	9.921259e+00
1.000000e+02	5.139526e+00
1.250000e+02	1.083151e+00
1.500000e+02	3.144090e-01
1.750000e+02	3.691201e-01
2.000000e+02	7.001072e-01
2.500000e+02	1.255427e+00
3.000000e+02	1.029902e+00
3.500000e+02	1.000000e+00
4.000000e+02	1.000000e+00
4.500000e+02	1.000000e+00
4.900000e+02	1.017613e+00
5.250000e+02	1.079387e+00
5.600000e+02	1.169214e+00
6.150000e+02	1.263837e+00
6.600000e+02	1.119574e+00
7.000000e+02	9.078936e-01
7.500000e+02	6.557631e-01
8.000000e+02	4.439394e-01
8.540000e+02	3.311150e-01
9.000000e+02	2.930211e-01
9.460000e+02	3.198027e-01
9.710000e+02	3.854048e-01
1.003000e+03	4.498184e-01
1.032000e+03	6.334014e-01
1.065000e+03	9.066977e-01
1.101000e+03	1.286885e+00
1.143000e+03	2.027333e+00
1.214000e+03	3.122295e+00
1.299000e+03	5.047027e+00
1.398000e+03	6.755400e+00
1.520000e+03	9.148160e+00
1.617000e+03	1.019724e+01
1.722000e+03	1.002467e+01
1.820000e+03	8.945592e+00
1.894000e+03	7.128688e+00
1.946000e+03	5.735662e+00
1.989000e+03	5.236115e+00
2.024000e+03	5.056741e+00
2.055000e+03	4.926318e+00
2.083000e+03	4.827941e+00
2.098000e+03	4.781479e+00
2.110000e+03	4.747304e+00
2.120000e+03	4.735622e+00
2.126000e+03	4.731795e+00
2.130000e+03	4.728971e+00
2.132000e+03	4.727093e+00
2.134000e+03	4.724195e+00
2.136000e+03	4.719884e+00
2.138000e+03	4.711944e+00
2.141930e+03	4.694090e+00
2.145160e+03	4.984795e+00
2.147050e+03	5.307485e+00
2.148650e+03	5.547557e+00
2.150120e+03	5.754585e+00
2.151160e+03	5.895051e+00
2.152030e+03	6.537358e+00
2.152870e+03	7.793424e+00
2.153480e+03	8.600388e+00
2.154070e+03	9.290884e+00
2.154730e+03	9.989090e+00
2.155500e+03	1.066511e+01
2.156160e+03	1.114662e+01
2.156820e+03	1.204142e+01
2.157570e+03	1.360662e+01
2.158210e+03	1.471777e+01
2.158840e+03	1.566149e+01
2.159420e+03	1.643169e+01
2.160010e+03	1.710775e+01
2.160630e+03	1.829815e+01
2.161260e+03	2.101480e+01
2.162290e+03	2.483241e+01
2.163290e+03	2.804144e+01
2.164560e+03	3.537198e+01
2.166030e+03	4.255401e+01
2.167690e+03	4.941906e+01
2.169990e+03	6.888053e+01
2.172320e+03	9.039763e+01
2.175280e+03	1.464780e+02
2.178740e+03	2.355840e+02
2.182440e+03	8.102110e+02
2.186080e+03	1.254273e+03
2.191460e+03	3.033571e+03
2.196520e+03	7.103816e+03
2.201920e+03	1.184854e+04
2.207660e+03	3.419857e+04
2.213740e+03	5.478196e+04
2.220040e+03	7.309861e+04
2.227740e+03	5.643391e+05
2.235290e+03	9.760287e+05
2.243320e+03	1.369633e+06
2.251640e+03	1.722343e+06
2.259430e+03	2.021697e+06
2.269690e+03	2.367076e+06
2.282380e+03	2.739391e+06
2.294370e+03	3.047255e+06
2.308550e+03	3.369883e+06
2.325780e+03	3.707141e+06
2.346100e+03	4.715681e+06
2.378190e+03	6.193559e+06
2.418660e+03	7.681942e+06
2.457900e+03	8.744535e+06
2.495560e+03	9.434421e+06
2.535470e+03	1.022415e+07
2.578230e+03	1.109516e+07
2.628320e+03	1.226265e+07
2.688100e+03	1.330118e+07
2.761490e+03	1.430865e+07
2.844400e+03	1.527575e+07
2.970760e+03	1.653994e+07
3.133790e+03	1.801775e+07
3.424990e+03	2.072127e+07
3.752710e+03	2.524212e+07
4.295860e+03	3.106910e+07
4.968640e+03	3.814649e+07
5.762830e+03	5.004228e+07
7.360820e+03	6.605107e+07
8.974240e+03	7.692670e+07
1.159620e+04	9.316005e+07
1.539200e+04	1.377596e+08
2.113310e+04	1.814344e+08
2.667660e+04	3.861591e+08
3.607950e+04	6.203660e+08
4.700930e+04	7.972061e+08
6.808440e+04	1.000000e+09
