-1.000000e+02	2.112113e+08
-9.000000e+01	2.339248e+03
-8.000000e+01	6.792403e+03
-7.000000e+01	1.856110e+04
-6.000000e+01	5.564404e+04
-5.000000e+01	1.567618e+05
-4.000000e+01	3.461073e+05
-3.000000e+01	6.635662e+05
-2.000000e+01	1.085454e+06
-1.000000e+01	1.665545e+06
0.000000e+00	2.365999e+06
1.000000e+01	3.267533e+06
2.000000e+01	4.470332e+06
3.500000e+01	7.299573e+06
5.000000e+01	1.128695e+07
7.500000e+01	2.641656e+07
1.000000e+02	5.885372e+07
1.250000e+02	1.209590e+08
1.500000e+02	2.187810e+08
1.750000e+02	3.200090e+08
2.000000e+02	3.980266e+08
2.500000e+02	4.185650e+08
3.000000e+02	3.417922e+08
3.500000e+02	2.452792e+08
4.000000e+02	1.661146e+08
4.500000e+02	1.062070e+08
4.900000e+02	6.501140e+07
5.250000e+02	3.921297e+07
5.600000e+02	2.222927e+07
6.150000e+02	7.505951e+06
6.600000e+02	2.646641e+06
7.000000e+02	9.505863e+05
7.500000e+02	3.354265e+05
8.000000e+02	1.335544e+05
8.540000e+02	4.497703e+04
9.000000e+02	1.842008e+04
9.460000e+02	8.823446e+03
9.710000e+02	6.169557e+03
1.003000e+03	3.890589e+03
1.032000e+03	2.606607e+03
1.065000e+03	1.725721e+03
1.101000e+03	1.136733e+03
1.143000e+03	7.088431e+02
1.214000e+03	3.222539e+02
1.299000e+03	1.334698e+02
1.398000e+03	5.130205e+01
1.520000e+03	1.700371e+01
1.617000e+03	8.066831e+00
1.722000e+03	3.639773e+00
1.820000e+03	1.623902e+00
1.894000e+03	8.766906e-01
1.946000e+03	5.508690e-01
1.989000e+03	3.830511e-01
2.024000e+03	2.887761e-01
2.055000e+03	2.268725e-01
2.083000e+03	1.738796e-01
2.098000e+03	1.496440e-01
2.110000e+03	1.335643e-01
2.120000e+03	1.218131e-01
2.126000e+03	1.147391e-01
2.130000e+03	1.097308e-01
2.132000e+03	1.065151e-01
2.134000e+03	1.017629e-01
2.136000e+03	9.519364e-02
2.138000e+03	8.499012e-02
2.141930e+03	7.678957e-02
2.145160e+03	1.279339e-01
2.147050e+03	3.194746e-01
2.148650e+03	5.303808e-01
2.150120e+03	4.332550e-01
2.151160e+03	1.030576e-01
2.152030e+03	2.735166e-02
2.152870e+03	6.108232e-03
2.153480e+03	1.945700e-03
2.154070e+03	3.604157e-04
2.154730e+03	2.205188e-04
2.155500e+03	1.709469e-04
2.156160e+03	1.554810e-04
2.156820e+03	1.349766e-04
2.157570e+03	1.085933e-04
2.158210e+03	9.717969e-05
2.158840e+03	9.000653e-05
2.159420e+03	8.600392e-05
2.160010e+03	8.391675e-05
2.160630e+03	8.216375e-05
2.161260e+03	7.980864e-05
2.162290e+03	7.602591e-05
2.163290e+03	7.135179e-05
2.164560e+03	6.742136e-05
2.166030e+03	6.448810e-05
2.167690e+03	6.198370e-05
2.169990e+03	5.909915e-05
2.172320e+03	5.682932e-05
2.175280e+03	5.355107e-05
2.178740e+03	4.999658e-05
2.182440e+03	4.669484e-05
2.186080e+03	4.183119e-05
2.191460e+03	3.697320e-05
2.196520e+03	3.380517e-05
2.201920e+03	3.126466e-05
2.207660e+03	2.920985e-05
2.213740e+03	2.637344e-05
2.220040e+03	2.321153e-05
2.227740e+03	2.050336e-05
2.235290e+03	1.860294e-05
2.243320e+03	1.702979e-05
2.251640e+03	1.578040e-05
2.259430e+03	1.481882e-05
2.269690e+03	1.380287e-05
2.282380e+03	1.280458e-05
2.294370e+03	1.204146e-05
2.308550e+03	1.129562e-05
2.325780e+03	1.056537e-05
2.346100e+03	9.867224e-06
2.378190e+03	9.013513e-06
2.418660e+03	7.385695e-06
2.457900e+03	6.267885e-06
2.495560e+03	5.540498e-06
2.535470e+03	4.981184e-06
2.578230e+03	4.539457e-06
2.628320e+03	4.163710e-06
2.688100e+03	3.818050e-06
2.761490e+03	3.491171e-06
2.844400e+03	3.206217e-06
2.970760e+03	2.204475e-06
3.133790e+03	1.586138e-06
3.424990e+03	1.110878e-06
3.752710e+03	8.620709e-07
4.295860e+03	6.550827e-07
4.968640e+03	5.219881e-07
5.762830e+03	4.308704e-07
7.360820e+03	3.298178e-07
8.974240e+03	2.718493e-07
1.159620e+04	2.151232e-07
1.539200e+04	1.773356e-07
2.113310e+04	1.414796e-07
2.667660e+04	1.179226e-07
3.607950e+04	9.061091e-08
4.700930e+04	6.973721e-08
6.808440e+04	4.537355e-08
