-1.000000e+02	2.033086e+13
-9.000000e+01	6.693215e+08
-8.000000e+01	2.317757e+09
-7.000000e+01	7.708269e+09
-6.000000e+01	2.684355e+10
-5.000000e+01	7.963333e+10
-4.000000e+01	1.767245e+11
-3.000000e+01	3.332875e+11
-2.000000e+01	5.473735e+11
-1.000000e+01	8.448863e+11
0.000000e+00	1.231417e+12
1.000000e+01	1.742493e+12
2.000000e+01	2.399087e+12
3.500000e+01	3.717309e+12
5.000000e+01	5.446518e+12
7.500000e+01	9.295763e+12
1.000000e+02	1.409865e+13
1.250000e+02	1.913430e+13
1.500000e+02	2.345009e+13
1.750000e+02	2.612883e+13
2.000000e+02	2.695963e+13
2.500000e+02	2.419554e+13
3.000000e+02	1.880958e+13
3.500000e+02	1.347589e+13
4.000000e+02	9.210546e+12
4.500000e+02	6.097293e+12
4.900000e+02	4.286433e+12
5.250000e+02	3.114944e+12
5.600000e+02	2.247373e+12
6.150000e+02	1.327551e+12
6.600000e+02	8.565316e+11
7.000000e+02	5.757732e+11
7.500000e+02	3.519333e+11
8.000000e+02	2.148111e+11
8.540000e+02	1.205231e+11
9.000000e+02	6.748126e+10
9.460000e+02	3.542934e+10
9.710000e+02	2.432337e+10
1.003000e+03	1.504664e+10
1.032000e+03	9.817065e+09
1.065000e+03	6.224528e+09
1.101000e+03	3.912435e+09
1.143000e+03	2.359626e+09
1.214000e+03	1.060483e+09
1.299000e+03	4.411019e+08
1.398000e+03	1.706982e+08
1.520000e+03	5.653759e+07
1.617000e+03	2.662266e+07
1.722000e+03	1.191814e+07
1.820000e+03	5.287881e+06
1.894000e+03	2.836577e+06
1.946000e+03	1.771496e+06
1.989000e+03	1.222869e+06
2.024000e+03	9.158022e+05
2.055000e+03	7.144992e+05
2.083000e+03	5.425751e+05
2.098000e+03	4.635997e+05
2.110000e+03	4.107220e+05
2.120000e+03	3.688464e+05
2.126000e+03	3.376238e+05
2.130000e+03	3.113777e+05
2.132000e+03	2.900514e+05
2.134000e+03	2.535354e+05
2.136000e+03	2.039525e+05
2.138000e+03	1.348205e+05
2.141930e+03	5.890693e+04
2.145160e+03	3.756163e+04
2.147050e+03	3.079827e+04
2.148650e+03	2.047544e+04
2.150120e+03	8.020913e+03
2.151160e+03	1.160530e+03
2.152030e+03	2.104981e+02
2.152870e+03	3.390743e+01
2.153480e+03	8.772045e+00
2.154070e+03	1.362312e+00
2.154730e+03	6.983237e-01
2.155500e+03	4.551938e-01
2.156160e+03	3.656222e-01
2.156820e+03	2.850978e-01
2.157570e+03	2.066967e-01
2.158210e+03	1.716030e-01
2.158840e+03	1.489663e-01
2.159420e+03	1.349830e-01
2.160010e+03	1.256649e-01
2.160630e+03	1.176836e-01
2.161260e+03	1.097667e-01
2.162290e+03	9.870280e-02
2.163290e+03	8.828999e-02
2.164560e+03	7.919395e-02
2.166030e+03	7.197952e-02
2.167690e+03	6.590352e-02
2.169990e+03	5.943453e-02
2.172320e+03	5.454792e-02
2.175280e+03	4.892942e-02
2.178740e+03	4.357818e-02
2.182440e+03	3.903146e-02
2.186080e+03	3.377665e-02
2.191460e+03	2.861635e-02
2.196520e+03	2.531981e-02
2.201920e+03	2.272930e-02
2.207660e+03	2.068120e-02
2.213740e+03	1.822171e-02
2.220040e+03	1.569567e-02
2.227740e+03	1.354982e-02
2.235290e+03	1.206338e-02
2.243320e+03	1.084596e-02
2.251640e+03	9.890159e-03
2.259430e+03	9.162087e-03
2.269690e+03	8.401953e-03
2.282380e+03	7.664443e-03
2.294370e+03	7.109118e-03
2.308550e+03	6.573311e-03
2.325780e+03	6.057084e-03
2.346100e+03	5.571523e-03
2.378190e+03	4.989791e-03
2.418660e+03	4.009478e-03
2.457900e+03	3.351012e-03
2.495560e+03	2.926386e-03
2.535470e+03	2.602616e-03
2.578230e+03	2.348501e-03
2.628320e+03	2.132915e-03
2.688100e+03	1.936694e-03
2.761490e+03	1.753222e-03
2.844400e+03	1.595138e-03
2.970760e+03	1.084357e-03
3.133790e+03	7.714541e-04
3.424990e+03	5.325738e-04
3.752710e+03	4.086354e-04
4.295860e+03	3.065894e-04
4.968640e+03	2.417515e-04
5.762830e+03	1.978551e-04
7.360820e+03	1.497959e-04
8.974240e+03	1.225838e-04
1.159620e+04	9.626069e-05
1.539200e+04	7.879248e-05
2.113310e+04	6.244279e-05
2.667660e+04	5.182473e-05
3.607950e+04	3.962734e-05
4.700930e+04	3.038284e-05
6.808440e+04	1.967539e-05
