-1.000000e+02	1.320444e+13
-9.000000e+01	2.809426e+10
-8.000000e+01	4.778495e+10
-7.000000e+01	7.643378e+10
-6.000000e+01	1.097983e+11
-5.000000e+01	1.357472e+11
-4.000000e+01	1.536639e+11
-3.000000e+01	1.620569e+11
-2.000000e+01	1.750868e+11
-1.000000e+01	1.859058e+11
0.000000e+00	2.040290e+11
1.000000e+01	2.194346e+11
2.000000e+01	2.307893e+11
3.500000e+01	2.294481e+11
5.000000e+01	2.299343e+11
7.500000e+01	1.876310e+11
1.000000e+02	1.357024e+11
1.250000e+02	8.984928e+10
1.500000e+02	5.685605e+10
1.750000e+02	3.971415e+10
2.000000e+02	2.881822e+10
2.500000e+02	1.717210e+10
3.000000e+02	9.810670e+09
3.500000e+02	5.313995e+09
4.000000e+02	2.702384e+09
4.500000e+02	1.365587e+09
4.900000e+02	9.490142e+08
5.250000e+02	7.700333e+08
5.600000e+02	6.858885e+08
6.150000e+02	7.896346e+08
6.600000e+02	1.167653e+09
7.000000e+02	2.134852e+09
7.500000e+02	3.877222e+09
8.000000e+02	6.789258e+09
8.540000e+02	1.436174e+10
9.000000e+02	2.301702e+10
9.460000e+02	2.684328e+10
9.710000e+02	2.685889e+10
1.003000e+03	2.526156e+10
1.032000e+03	2.288465e+10
1.065000e+03	1.970701e+10
1.101000e+03	1.634538e+10
1.143000e+03	1.294867e+10
1.214000e+03	8.601458e+09
1.299000e+03	5.181676e+09
1.398000e+03	2.834077e+09
1.520000e+03	1.336552e+09
1.617000e+03	7.409845e+08
1.722000e+03	3.967590e+08
1.820000e+03	2.274919e+08
1.894000e+03	1.513187e+08
1.946000e+03	1.151543e+08
1.989000e+03	9.230762e+07
2.024000e+03	7.745061e+07
2.055000e+03	6.653677e+07
2.083000e+03	5.852296e+07
2.098000e+03	5.473528e+07
2.110000e+03	5.190319e+07
2.120000e+03	4.963490e+07
2.126000e+03	4.815956e+07
2.130000e+03	4.705125e+07
2.132000e+03	4.629460e+07
2.134000e+03	4.510069e+07
2.136000e+03	4.331711e+07
2.138000e+03	4.009069e+07
2.141930e+03	3.343639e+07
2.145160e+03	2.800431e+07
2.147050e+03	2.316698e+07
2.148650e+03	1.951124e+07
2.150120e+03	1.623501e+07
2.151160e+03	1.380260e+07
2.152030e+03	1.218179e+07
2.152870e+03	1.083287e+07
2.153480e+03	9.975202e+06
2.154070e+03	9.227474e+06
2.154730e+03	8.408038e+06
2.155500e+03	7.567776e+06
2.156160e+03	7.009238e+06
2.156820e+03	6.554533e+06
2.157570e+03	6.134507e+06
2.158210e+03	5.836619e+06
2.158840e+03	5.582779e+06
2.159420e+03	5.374990e+06
2.160010e+03	5.192118e+06
2.160630e+03	5.018398e+06
2.161260e+03	4.860749e+06
2.162290e+03	4.637944e+06
2.163290e+03	4.451383e+06
2.164560e+03	4.249956e+06
2.166030e+03	4.052589e+06
2.167690e+03	3.864579e+06
2.169990e+03	3.649194e+06
2.172320e+03	3.468793e+06
2.175280e+03	3.277595e+06
2.178740e+03	3.093938e+06
2.182440e+03	2.930382e+06
2.186080e+03	2.794821e+06
2.191460e+03	2.628008e+06
2.196520e+03	2.498103e+06
2.201920e+03	2.379676e+06
2.207660e+03	2.273831e+06
2.213740e+03	2.176179e+06
2.220040e+03	2.089259e+06
2.227740e+03	1.996756e+06
2.235290e+03	1.919221e+06
2.243320e+03	1.845090e+06
2.251640e+03	1.778661e+06
2.259430e+03	1.722281e+06
2.269690e+03	1.657233e+06
2.282380e+03	1.587112e+06
2.294370e+03	1.529129e+06
2.308550e+03	1.468366e+06
2.325780e+03	1.404847e+06
2.346100e+03	1.340102e+06
2.378190e+03	1.255374e+06
2.418660e+03	1.170711e+06
2.457900e+03	1.104023e+06
2.495560e+03	1.050711e+06
2.535470e+03	1.002862e+06
2.578230e+03	9.598419e+05
2.628320e+03	9.187426e+05
2.688100e+03	8.771171e+05
2.761490e+03	8.339654e+05
2.844400e+03	7.930040e+05
2.970760e+03	7.421739e+05
3.133790e+03	6.905747e+05
3.424990e+03	6.227077e+05
3.752710e+03	5.676540e+05
4.295860e+03	5.035813e+05
4.968640e+03	4.488855e+05
5.762830e+03	4.028200e+05
7.360820e+03	3.408272e+05
8.974240e+03	2.987121e+05
1.159620e+04	2.518002e+05
1.539200e+04	2.070376e+05
2.113310e+04	1.635795e+05
2.667660e+04	1.355014e+05
3.607950e+04	1.033798e+05
4.700930e+04	7.912605e+04
6.808440e+04	5.113125e+04
