-1.000000e+02	1.117386e+10
-9.000000e+01	2.624334e+05
-8.000000e+01	6.843256e+05
-7.000000e+01	1.585571e+06
-6.000000e+01	3.350684e+06
-5.000000e+01	6.581185e+06
-4.000000e+01	1.217087e+07
-3.000000e+01	2.144132e+07
-2.000000e+01	3.600660e+07
-1.000000e+01	5.818472e+07
0.000000e+00	9.056669e+07
1.000000e+01	1.369620e+08
2.000000e+01	2.016562e+08
3.500000e+01	3.450773e+08
5.000000e+01	5.618351e+08
7.500000e+01	1.142862e+09
1.000000e+02	2.072980e+09
1.250000e+02	3.333080e+09
1.500000e+02	4.727419e+09
1.750000e+02	5.940783e+09
2.000000e+02	6.717781e+09
2.500000e+02	6.837643e+09
3.000000e+02	5.638097e+09
3.500000e+02	4.115542e+09
4.000000e+02	2.789917e+09
4.500000e+02	1.823254e+09
4.900000e+02	1.334674e+09
5.250000e+02	1.031629e+09
5.600000e+02	8.034802e+08
6.150000e+02	5.502694e+08
6.600000e+02	3.940068e+08
7.000000e+02	2.827324e+08
7.500000e+02	1.791626e+08
8.000000e+02	1.128337e+08
8.540000e+02	6.917925e+07
9.000000e+02	4.660169e+07
9.460000e+02	3.213170e+07
9.710000e+02	2.642683e+07
1.003000e+03	2.082229e+07
1.032000e+03	1.689648e+07
1.065000e+03	1.340472e+07
1.101000e+03	1.047686e+07
1.143000e+03	7.918776e+06
1.214000e+03	4.997035e+06
1.299000e+03	2.908341e+06
1.398000e+03	1.553985e+06
1.520000e+03	7.199366e+05
1.617000e+03	3.969334e+05
1.722000e+03	2.103749e+05
1.820000e+03	1.190902e+05
1.894000e+03	7.850058e+04
1.946000e+03	5.919186e+04
1.989000e+03	4.725539e+04
2.024000e+03	3.957693e+04
2.055000e+03	3.394347e+04
2.083000e+03	2.966243e+04
2.098000e+03	2.763008e+04
2.110000e+03	2.613042e+04
2.120000e+03	2.493828e+04
2.126000e+03	2.416401e+04
2.130000e+03	2.358172e+04
2.132000e+03	2.318221e+04
2.134000e+03	2.254934e+04
2.136000e+03	2.160783e+04
2.138000e+03	2.003410e+04
2.141930e+03	1.674042e+04
2.145160e+03	1.397669e+04
2.147050e+03	1.156411e+04
2.148650e+03	9.742434e+03
2.150120e+03	8.162115e+03
2.151160e+03	7.060778e+03
2.152030e+03	6.183976e+03
2.152870e+03	5.434854e+03
2.153480e+03	4.980633e+03
2.154070e+03	4.609649e+03
2.154730e+03	4.236804e+03
2.155500e+03	3.872337e+03
2.156160e+03	3.599266e+03
2.156820e+03	3.301043e+03
2.157570e+03	3.063835e+03
2.158210e+03	2.911650e+03
2.158840e+03	2.783944e+03
2.159420e+03	2.679922e+03
2.160010e+03	2.588554e+03
2.160630e+03	2.501844e+03
2.161260e+03	2.423197e+03
2.162290e+03	2.312081e+03
2.163290e+03	2.219056e+03
2.164560e+03	2.118633e+03
2.166030e+03	2.020241e+03
2.167690e+03	1.926517e+03
2.169990e+03	1.819147e+03
2.172320e+03	1.729216e+03
2.175280e+03	1.633903e+03
2.178740e+03	1.542349e+03
2.182440e+03	1.460816e+03
2.186080e+03	1.393237e+03
2.191460e+03	1.310080e+03
2.196520e+03	1.245321e+03
2.201920e+03	1.186285e+03
2.207660e+03	1.133520e+03
2.213740e+03	1.084840e+03
2.220040e+03	1.041510e+03
2.227740e+03	9.953965e+02
2.235290e+03	9.567444e+02
2.243320e+03	9.197899e+02
2.251640e+03	8.866748e+02
2.259430e+03	8.585690e+02
2.269690e+03	8.261422e+02
2.282380e+03	7.911862e+02
2.294370e+03	7.622816e+02
2.308550e+03	7.319906e+02
2.325780e+03	7.003263e+02
2.346100e+03	6.680502e+02
2.378190e+03	6.258126e+02
2.418660e+03	5.836078e+02
2.457900e+03	5.503635e+02
2.495560e+03	5.237871e+02
2.535470e+03	4.999340e+02
2.578230e+03	4.784880e+02
2.628320e+03	4.579997e+02
2.688100e+03	4.372491e+02
2.761490e+03	4.157377e+02
2.844400e+03	3.953182e+02
2.970760e+03	3.699790e+02
3.133790e+03	3.442564e+02
3.424990e+03	3.104242e+02
3.752710e+03	2.829796e+02
4.295860e+03	2.510389e+02
4.968640e+03	2.237727e+02
5.762830e+03	2.008087e+02
7.360820e+03	1.699048e+02
8.974240e+03	1.489102e+02
1.159620e+04	1.255242e+02
1.539200e+04	1.032097e+02
2.113310e+04	8.154559e+01
2.667660e+04	6.754843e+01
3.607950e+04	5.153557e+01
4.700930e+04	3.944491e+01
6.808440e+04	2.548930e+01
