-1.000000e+02	5.930821e+10
-9.000000e+01	5.223798e+07
-8.000000e+01	9.098766e+07
-7.000000e+01	1.527908e+08
-6.000000e+01	2.480766e+08
-5.000000e+01	3.908988e+08
-4.000000e+01	5.994060e+08
-3.000000e+01	8.983609e+08
-2.000000e+01	1.309964e+09
-1.000000e+01	1.868674e+09
0.000000e+00	2.601986e+09
1.000000e+01	3.556011e+09
2.000000e+01	4.766104e+09
3.500000e+01	7.150533e+09
5.000000e+01	1.028112e+10
7.500000e+01	1.715341e+10
1.000000e+02	2.568831e+10
1.250000e+02	3.456525e+10
1.500000e+02	4.204131e+10
1.750000e+02	4.655426e+10
2.000000e+02	4.778600e+10
2.500000e+02	4.264619e+10
3.000000e+02	3.306134e+10
3.500000e+02	2.365430e+10
4.000000e+02	1.614941e+10
4.500000e+02	1.068866e+10
4.900000e+02	7.543976e+09
5.250000e+02	5.510196e+09
5.600000e+02	3.997935e+09
6.150000e+02	2.383990e+09
6.600000e+02	1.547939e+09
7.000000e+02	1.046246e+09
7.500000e+02	6.451239e+08
8.000000e+02	4.020677e+08
8.540000e+02	2.448560e+08
9.000000e+02	1.643174e+08
9.460000e+02	1.130804e+08
9.710000e+02	9.294537e+07
1.003000e+03	7.319980e+07
1.032000e+03	5.938878e+07
1.065000e+03	4.709507e+07
1.101000e+03	3.679171e+07
1.143000e+03	2.780281e+07
1.214000e+03	1.754788e+07
1.299000e+03	1.021209e+07
1.398000e+03	5.457230e+06
1.520000e+03	2.530016e+06
1.617000e+03	1.394185e+06
1.722000e+03	7.419571e+05
1.820000e+03	4.224904e+05
1.894000e+03	2.796724e+05
1.946000e+03	2.121193e+05
1.989000e+03	1.696724e+05
2.024000e+03	1.421581e+05
2.055000e+03	1.219899e+05
2.083000e+03	1.070314e+05
2.098000e+03	1.000433e+05
2.110000e+03	9.482519e+04
2.120000e+03	9.064468e+04
2.126000e+03	8.791757e+04
2.130000e+03	8.586360e+04
2.132000e+03	8.445513e+04
2.134000e+03	8.222756e+04
2.136000e+03	7.890883e+04
2.138000e+03	7.294158e+04
2.141930e+03	6.070557e+04
2.145160e+03	5.083468e+04
2.147050e+03	4.205388e+04
2.148650e+03	3.540964e+04
2.150120e+03	2.947680e+04
2.151160e+03	2.504511e+04
2.152030e+03	2.208719e+04
2.152870e+03	1.963867e+04
2.153480e+03	1.808399e+04
2.154070e+03	1.673373e+04
2.154730e+03	1.525462e+04
2.155500e+03	1.372599e+04
2.156160e+03	1.270902e+04
2.156820e+03	1.188457e+04
2.157570e+03	1.112146e+04
2.158210e+03	1.058115e+04
2.158840e+03	1.012088e+04
2.159420e+03	9.744158e+03
2.160010e+03	9.412626e+03
2.160630e+03	9.097689e+03
2.161260e+03	8.811891e+03
2.162290e+03	8.407972e+03
2.163290e+03	8.069759e+03
2.164560e+03	7.704600e+03
2.166030e+03	7.346801e+03
2.167690e+03	7.005964e+03
2.169990e+03	6.615500e+03
2.172320e+03	6.288457e+03
2.175280e+03	5.941840e+03
2.178740e+03	5.608895e+03
2.182440e+03	5.312391e+03
2.186080e+03	5.066635e+03
2.191460e+03	4.764225e+03
2.196520e+03	4.528726e+03
2.201920e+03	4.314033e+03
2.207660e+03	4.122151e+03
2.213740e+03	3.945121e+03
2.220040e+03	3.787546e+03
2.227740e+03	3.619852e+03
2.235290e+03	3.479290e+03
2.243320e+03	3.344901e+03
2.251640e+03	3.224475e+03
2.259430e+03	3.122265e+03
2.269690e+03	3.004342e+03
2.282380e+03	2.877221e+03
2.294370e+03	2.772107e+03
2.308550e+03	2.661951e+03
2.325780e+03	2.546800e+03
2.346100e+03	2.429425e+03
2.378190e+03	2.275824e+03
2.418660e+03	2.122342e+03
2.457900e+03	2.001446e+03
2.495560e+03	1.904799e+03
2.535470e+03	1.818055e+03
2.578230e+03	1.740065e+03
2.628320e+03	1.665557e+03
2.688100e+03	1.590096e+03
2.761490e+03	1.511867e+03
2.844400e+03	1.437610e+03
2.970760e+03	1.345462e+03
3.133790e+03	1.251919e+03
3.424990e+03	1.128886e+03
3.752710e+03	1.029081e+03
4.295860e+03	9.129255e+02
4.968640e+03	8.137693e+02
5.762830e+03	7.302587e+02
7.360820e+03	6.178740e+02
8.974240e+03	5.415250e+02
1.159620e+04	4.564801e+02
1.539200e+04	3.753314e+02
2.113310e+04	2.965478e+02
2.667660e+04	2.456459e+02
3.607950e+04	1.874137e+02
4.700930e+04	1.434449e+02
6.808440e+04	9.269410e+01
