-1.000000e+02	3.815647e+12
-9.000000e+01	8.890991e+07
-8.000000e+01	2.318436e+08
-7.000000e+01	5.371851e+08
-6.000000e+01	1.135228e+09
-5.000000e+01	2.229848e+09
-4.000000e+01	4.124113e+09
-3.000000e+01	7.266721e+09
-2.000000e+01	1.220759e+10
-1.000000e+01	1.974159e+10
0.000000e+00	3.076352e+10
1.000000e+01	4.658525e+10
2.000000e+01	6.867317e+10
3.500000e+01	1.176829e+11
5.000000e+01	1.917886e+11
7.500000e+01	3.909763e+11
1.000000e+02	7.124084e+11
1.250000e+02	1.158641e+12
1.500000e+02	1.678122e+12
1.750000e+02	2.164817e+12
2.000000e+02	2.517666e+12
2.500000e+02	2.675038e+12
3.000000e+02	2.272373e+12
3.500000e+02	1.693501e+12
4.000000e+02	1.168673e+12
4.500000e+02	7.735749e+11
4.900000e+02	5.598819e+11
5.250000e+02	4.235480e+11
5.600000e+02	3.204373e+11
6.150000e+02	2.063935e+11
6.600000e+02	1.410861e+11
7.000000e+02	9.829909e+10
7.500000e+02	6.144929e+10
8.000000e+02	3.849906e+10
8.540000e+02	2.352383e+10
9.000000e+02	1.581691e+10
9.460000e+02	1.089651e+10
9.710000e+02	8.959692e+09
1.003000e+03	7.058182e+09
1.032000e+03	5.726802e+09
1.065000e+03	4.542849e+09
1.101000e+03	3.550321e+09
1.143000e+03	2.683307e+09
1.214000e+03	1.693163e+09
1.299000e+03	9.853958e+08
1.398000e+03	5.264999e+08
1.520000e+03	2.439138e+08
1.617000e+03	1.344793e+08
1.722000e+03	7.127381e+07
1.820000e+03	4.034683e+07
1.894000e+03	2.659527e+07
1.946000e+03	2.005360e+07
1.989000e+03	1.600960e+07
2.024000e+03	1.340820e+07
2.055000e+03	1.149964e+07
2.083000e+03	1.004926e+07
2.098000e+03	9.360719e+06
2.110000e+03	8.852650e+06
2.120000e+03	8.448767e+06
2.126000e+03	8.186452e+06
2.130000e+03	7.989178e+06
2.132000e+03	7.853827e+06
2.134000e+03	7.639416e+06
2.136000e+03	7.320441e+06
2.138000e+03	6.787271e+06
2.141930e+03	5.671412e+06
2.145160e+03	4.735116e+06
2.147050e+03	3.917836e+06
2.148650e+03	3.300765e+06
2.150120e+03	2.765437e+06
2.151160e+03	2.392287e+06
2.152030e+03	2.095191e+06
2.152870e+03	1.841328e+06
2.153480e+03	1.687390e+06
2.154070e+03	1.561688e+06
2.154730e+03	1.435364e+06
2.155500e+03	1.311885e+06
2.156160e+03	1.219372e+06
2.156820e+03	1.118338e+06
2.157570e+03	1.037976e+06
2.158210e+03	9.864184e+05
2.158840e+03	9.431538e+05
2.159420e+03	9.079129e+05
2.160010e+03	8.769592e+05
2.160630e+03	8.475832e+05
2.161260e+03	8.209389e+05
2.162290e+03	7.832947e+05
2.163290e+03	7.517792e+05
2.164560e+03	7.177576e+05
2.166030e+03	6.844242e+05
2.167690e+03	6.526720e+05
2.169990e+03	6.162967e+05
2.172320e+03	5.858297e+05
2.175280e+03	5.535390e+05
2.178740e+03	5.225222e+05
2.182440e+03	4.949001e+05
2.186080e+03	4.720056e+05
2.191460e+03	4.438331e+05
2.196520e+03	4.218941e+05
2.201920e+03	4.018935e+05
2.207660e+03	3.840177e+05
2.213740e+03	3.675258e+05
2.220040e+03	3.528462e+05
2.227740e+03	3.372238e+05
2.235290e+03	3.241291e+05
2.243320e+03	3.116095e+05
2.251640e+03	3.003907e+05
2.259430e+03	2.908689e+05
2.269690e+03	2.798832e+05
2.282380e+03	2.680407e+05
2.294370e+03	2.582483e+05
2.308550e+03	2.479863e+05
2.325780e+03	2.372589e+05
2.346100e+03	2.263243e+05
2.378190e+03	2.120149e+05
2.418660e+03	1.977166e+05
2.457900e+03	1.864540e+05
2.495560e+03	1.774504e+05
2.535470e+03	1.693693e+05
2.578230e+03	1.621038e+05
2.628320e+03	1.551627e+05
2.688100e+03	1.481327e+05
2.761490e+03	1.408450e+05
2.844400e+03	1.339272e+05
2.970760e+03	1.253427e+05
3.133790e+03	1.166283e+05
3.424990e+03	1.051666e+05
3.752710e+03	9.586877e+04
4.295860e+03	8.504780e+04
4.968640e+03	7.581045e+04
5.762830e+03	6.803064e+04
7.360820e+03	5.756092e+04
8.974240e+03	5.044828e+04
1.159620e+04	4.252552e+04
1.539200e+04	3.496574e+04
2.113310e+04	2.762629e+04
2.667660e+04	2.288428e+04
3.607950e+04	1.745939e+04
4.700930e+04	1.336328e+04
6.808440e+04	8.635350e+03
