-1.000000e+02	1.479556e+11
-9.000000e+01	9.244549e+05
-8.000000e+01	2.680825e+06
-7.000000e+01	6.207502e+06
-6.000000e+01	1.414766e+07
-5.000000e+01	2.877410e+07
-4.000000e+01	4.642740e+07
-3.000000e+01	6.440541e+07
-2.000000e+01	7.859875e+07
-1.000000e+01	9.032204e+07
0.000000e+00	9.852502e+07
1.000000e+01	1.047011e+08
2.000000e+01	1.118912e+08
3.500000e+01	1.263193e+08
5.000000e+01	1.426742e+08
7.500000e+01	2.202160e+08
1.000000e+02	3.426694e+08
1.250000e+02	5.170061e+08
1.500000e+02	7.071360e+08
1.750000e+02	8.460373e+08
2.000000e+02	8.872535e+08
2.500000e+02	7.193723e+08
3.000000e+02	4.489846e+08
3.500000e+02	2.413432e+08
4.000000e+02	1.190546e+08
4.500000e+02	5.543603e+07
4.900000e+02	2.889234e+07
5.250000e+02	1.603253e+07
5.600000e+02	8.741997e+06
6.150000e+02	3.231187e+06
6.600000e+02	1.412512e+06
7.000000e+02	7.291763e+05
7.500000e+02	4.376485e+05
8.000000e+02	3.319309e+05
8.540000e+02	2.629287e+05
9.000000e+02	2.191026e+05
9.460000e+02	1.883028e+05
9.710000e+02	1.761380e+05
1.003000e+03	1.492721e+05
1.032000e+03	1.243776e+05
1.065000e+03	9.949530e+04
1.101000e+03	7.631770e+04
1.143000e+03	5.434212e+04
1.214000e+03	2.828474e+04
1.299000e+03	1.257919e+04
1.398000e+03	4.981010e+03
1.520000e+03	1.652927e+03
1.617000e+03	7.900607e+02
1.722000e+03	3.566807e+02
1.820000e+03	1.526189e+02
1.894000e+03	7.883076e+01
1.946000e+03	4.759204e+01
1.989000e+03	3.177273e+01
2.024000e+03	2.308015e+01
2.055000e+03	1.750844e+01
2.083000e+03	1.279551e+01
2.098000e+03	1.070138e+01
2.110000e+03	9.345647e+00
2.120000e+03	8.381605e+00
2.126000e+03	7.822363e+00
2.130000e+03	7.434608e+00
2.132000e+03	7.190631e+00
2.134000e+03	6.822297e+00
2.136000e+03	6.268188e+00
2.138000e+03	5.299771e+00
2.141930e+03	4.397846e+00
2.145160e+03	1.076838e+01
2.147050e+03	5.670276e+01
2.148650e+03	1.450715e+02
2.150120e+03	1.054739e+02
2.151160e+03	7.785456e+00
2.152030e+03	3.493452e-01
2.152870e+03	4.097885e-03
2.153480e+03	4.141422e-04
2.154070e+03	1.427662e-05
2.154730e+03	5.449400e-06
2.155500e+03	3.385450e-06
2.156160e+03	2.871498e-06
2.156820e+03	2.213204e-06
2.157570e+03	1.465826e-06
2.158210e+03	1.195922e-06
2.158840e+03	1.044037e-06
2.159420e+03	9.684893e-07
2.160010e+03	9.360754e-07
2.160630e+03	9.114208e-07
2.161260e+03	8.729676e-07
2.162290e+03	8.105608e-07
2.163290e+03	7.291744e-07
2.164560e+03	6.673105e-07
2.166030e+03	6.268024e-07
2.167690e+03	5.950961e-07
2.169990e+03	5.598240e-07
2.172320e+03	5.341147e-07
2.175280e+03	4.917589e-07
2.178740e+03	4.452768e-07
2.182440e+03	4.030108e-07
2.186080e+03	3.342739e-07
2.191460e+03	2.728723e-07
2.196520e+03	2.367253e-07
2.201920e+03	2.099412e-07
2.207660e+03	1.896855e-07
2.213740e+03	1.599399e-07
2.220040e+03	1.278934e-07
2.227740e+03	1.034224e-07
2.235290e+03	8.788413e-08
2.243320e+03	7.603599e-08
2.251640e+03	6.727632e-08
2.259430e+03	6.092403e-08
2.269690e+03	5.457658e-08
2.282380e+03	4.870141e-08
2.294370e+03	4.444755e-08
2.308550e+03	4.048707e-08
2.325780e+03	3.679349e-08
2.346100e+03	3.343023e-08
2.378190e+03	2.953463e-08
2.418660e+03	2.109209e-08
2.457900e+03	1.600625e-08
2.495560e+03	1.307520e-08
2.535470e+03	1.102307e-08
2.578230e+03	9.525840e-09
2.628320e+03	8.338297e-09
2.688100e+03	7.314077e-09
2.761490e+03	6.404991e-09
2.844400e+03	5.659095e-09
2.970760e+03	2.845040e-09
3.133790e+03	1.575502e-09
3.424990e+03	8.519149e-10
3.752710e+03	5.601500e-10
4.295860e+03	3.626816e-10
4.968640e+03	2.572152e-10
5.762830e+03	1.946035e-10
7.360820e+03	1.341525e-10
8.974240e+03	1.036791e-10
1.159620e+04	7.677423e-11
1.539200e+04	6.326491e-11
2.113310e+04	5.082450e-11
2.667660e+04	4.254974e-11
3.607950e+04	3.286158e-11
4.700930e+04	2.539138e-11
6.808440e+04	1.660145e-11
