-1.000000e+02	1.366000e+17
-9.000000e+01	1.171633e+14
-8.000000e+01	2.040843e+14
-7.000000e+01	3.427375e+14
-6.000000e+01	5.565858e+14
-5.000000e+01	8.773139e+14
-4.000000e+01	1.345778e+15
-3.000000e+01	2.017696e+15
-2.000000e+01	2.942812e+15
-1.000000e+01	4.198746e+15
0.000000e+00	5.847029e+15
1.000000e+01	7.991558e+15
2.000000e+01	1.071233e+16
3.500000e+01	1.607640e+16
5.000000e+01	2.312201e+16
7.500000e+01	3.862890e+16
1.000000e+02	5.798107e+16
1.250000e+02	7.830610e+16
1.500000e+02	9.575130e+16
1.750000e+02	1.065929e+17
2.000000e+02	1.099326e+17
2.500000e+02	9.862612e+16
3.000000e+02	7.665739e+16
3.500000e+02	5.491326e+16
4.000000e+02	3.752850e+16
4.500000e+02	2.484179e+16
4.900000e+02	1.746388e+16
5.250000e+02	1.269130e+16
5.600000e+02	9.157061e+15
6.150000e+02	5.410755e+15
6.600000e+02	3.493683e+15
7.000000e+02	2.354004e+15
7.500000e+02	1.449330e+15
8.000000e+02	9.026489e+14
8.540000e+02	5.494291e+14
9.000000e+02	3.686284e+14
9.460000e+02	2.536563e+14
9.710000e+02	2.084817e+14
1.003000e+03	1.641882e+14
1.032000e+03	1.332046e+14
1.065000e+03	1.056274e+14
1.101000e+03	8.251658e+13
1.143000e+03	6.235560e+13
1.214000e+03	3.935618e+13
1.299000e+03	2.290337e+13
1.398000e+03	1.223941e+13
1.520000e+03	5.674500e+12
1.617000e+03	3.126709e+12
1.722000e+03	1.664673e+12
1.820000e+03	9.481866e+11
1.894000e+03	6.279238e+11
1.946000e+03	4.762762e+11
1.989000e+03	3.809796e+11
2.024000e+03	3.192115e+11
2.055000e+03	2.739359e+11
2.083000e+03	2.405928e+11
2.098000e+03	2.248427e+11
2.110000e+03	2.130913e+11
2.120000e+03	2.036813e+11
2.126000e+03	1.975445e+11
2.130000e+03	1.929231e+11
2.132000e+03	1.897542e+11
2.134000e+03	1.847423e+11
2.136000e+03	1.772752e+11
2.138000e+03	1.638514e+11
2.141930e+03	1.364371e+11
2.145160e+03	1.142235e+11
2.147050e+03	9.449198e+10
2.148650e+03	7.955892e+10
2.150120e+03	6.616306e+10
2.151160e+03	5.622712e+10
2.152030e+03	4.962116e+10
2.152870e+03	4.412588e+10
2.153480e+03	4.063222e+10
2.154070e+03	3.758646e+10
2.154730e+03	3.424863e+10
2.155500e+03	3.082597e+10
2.156160e+03	2.855087e+10
2.156820e+03	2.669871e+10
2.157570e+03	2.498781e+10
2.158210e+03	2.377442e+10
2.158840e+03	2.274044e+10
2.159420e+03	2.189405e+10
2.160010e+03	2.114916e+10
2.160630e+03	2.044154e+10
2.161260e+03	1.979939e+10
2.162290e+03	1.889183e+10
2.163290e+03	1.813191e+10
2.164560e+03	1.731143e+10
2.166030e+03	1.650749e+10
2.167690e+03	1.574167e+10
2.169990e+03	1.486433e+10
2.172320e+03	1.412950e+10
2.175280e+03	1.335069e+10
2.178740e+03	1.260260e+10
2.182440e+03	1.193638e+10
2.186080e+03	1.138420e+10
2.191460e+03	1.070472e+10
2.196520e+03	1.017557e+10
2.201920e+03	9.693181e+09
2.207660e+03	9.262040e+09
2.213740e+03	8.864273e+09
2.220040e+03	8.510220e+09
2.227740e+03	8.133428e+09
2.235290e+03	7.817599e+09
2.243320e+03	7.515642e+09
2.251640e+03	7.245056e+09
2.259430e+03	7.015403e+09
2.269690e+03	6.750441e+09
2.282380e+03	6.464814e+09
2.294370e+03	6.228633e+09
2.308550e+03	5.981124e+09
2.325780e+03	5.722393e+09
2.346100e+03	5.458663e+09
2.378190e+03	5.113538e+09
2.418660e+03	4.768681e+09
2.457900e+03	4.497040e+09
2.495560e+03	4.279884e+09
2.535470e+03	4.084979e+09
2.578230e+03	3.909743e+09
2.628320e+03	3.742332e+09
2.688100e+03	3.572778e+09
2.761490e+03	3.397008e+09
2.844400e+03	3.230159e+09
2.970760e+03	3.023112e+09
3.133790e+03	2.812932e+09
3.424990e+03	2.536487e+09
3.752710e+03	2.312236e+09
4.295860e+03	2.051248e+09
4.968640e+03	1.828454e+09
5.762830e+03	1.640815e+09
7.360820e+03	1.388298e+09
8.974240e+03	1.216750e+09
1.159620e+04	1.025663e+09
1.539200e+04	8.433303e+08
2.113310e+04	6.663118e+08
2.667660e+04	5.519405e+08
3.607950e+04	4.210989e+08
4.700930e+04	3.223057e+08
6.808440e+04	2.082739e+08
