-1.000000e+02	1.366000e+16
-9.000000e+01	3.592800e+12
-8.000000e+01	1.833031e+12
-7.000000e+01	8.556050e+11
-6.000000e+01	3.537774e+11
-5.000000e+01	1.237168e+11
-4.000000e+01	1.291830e+11
-3.000000e+01	1.351259e+11
-2.000000e+01	1.405241e+11
-1.000000e+01	1.454446e+11
0.000000e+00	1.511076e+11
1.000000e+01	1.552445e+11
2.000000e+01	1.605687e+11
3.500000e+01	1.676154e+11
5.000000e+01	1.737852e+11
7.500000e+01	2.074884e+12
1.000000e+02	1.213690e+13
1.250000e+02	4.789351e+13
1.500000e+02	1.470413e+14
1.750000e+02	3.762675e+14
2.000000e+02	8.386803e+14
2.500000e+02	2.957566e+15
3.000000e+02	6.873645e+15
3.500000e+02	1.060612e+16
4.000000e+02	1.156211e+16
4.500000e+02	9.912738e+15
4.900000e+02	7.830910e+15
5.250000e+02	6.063878e+15
5.600000e+02	4.559890e+15
6.150000e+02	2.801255e+15
6.600000e+02	1.841438e+15
7.000000e+02	1.253244e+15
7.500000e+02	7.777580e+14
8.000000e+02	4.867433e+14
8.540000e+02	2.972084e+14
9.000000e+02	1.996998e+14
9.460000e+02	1.375283e+14
9.710000e+02	1.130840e+14
1.003000e+03	8.908258e+13
1.032000e+03	7.232326e+13
1.065000e+03	5.740191e+13
1.101000e+03	4.488763e+13
1.143000e+03	3.396308e+13
1.214000e+03	2.144587e+13
1.299000e+03	1.248270e+13
1.398000e+03	6.664124e+12
1.520000e+03	3.084129e+12
1.617000e+03	1.698230e+12
1.722000e+03	9.005298e+11
1.820000e+03	5.064706e+11
1.894000e+03	3.304748e+11
1.946000e+03	2.468499e+11
1.989000e+03	1.955075e+11
2.024000e+03	1.627116e+11
2.055000e+03	1.388657e+11
2.083000e+03	1.208788e+11
2.098000e+03	1.123839e+11
2.110000e+03	1.061354e+11
2.120000e+03	1.012149e+11
2.126000e+03	9.808187e+10
2.130000e+03	9.576961e+10
2.132000e+03	9.423170e+10
2.134000e+03	9.185850e+10
2.136000e+03	8.832924e+10
2.138000e+03	8.182758e+10
2.141930e+03	6.720883e+10
2.145160e+03	5.507248e+10
2.147050e+03	4.543968e+10
2.148650e+03	3.819445e+10
2.150120e+03	3.168687e+10
2.151160e+03	2.682930e+10
2.152030e+03	2.238640e+10
2.152870e+03	1.753102e+10
2.153480e+03	1.406200e+10
2.154070e+03	1.107252e+10
2.154730e+03	8.248440e+09
2.155500e+03	5.866337e+09
2.156160e+03	4.454093e+09
2.156820e+03	3.340379e+09
2.157570e+03	2.385559e+09
2.158210e+03	1.860944e+09
2.158840e+03	1.497718e+09
2.159420e+03	1.250572e+09
2.160010e+03	1.064636e+09
2.160630e+03	8.872502e+08
2.161260e+03	6.972173e+08
2.162290e+03	5.050542e+08
2.163290e+03	3.899676e+08
2.164560e+03	2.649243e+08
2.166030e+03	1.868554e+08
2.167690e+03	1.357033e+08
2.169990e+03	7.694388e+07
2.172320e+03	4.576028e+07
2.175280e+03	1.877082e+07
2.178740e+03	6.617236e+06
2.182440e+03	5.158093e+05
2.186080e+03	1.549500e+05
2.191460e+03	1.707053e+04
2.196520e+03	2.157077e+03
2.201920e+03	5.492622e+02
2.207660e+03	4.839606e+01
2.213740e+03	1.411888e+01
2.220040e+03	6.132056e+00
2.227740e+03	7.807541e-02
2.235290e+03	2.073860e-02
2.243320e+03	8.445740e-03
2.251640e+03	4.380703e-03
2.259430e+03	2.684593e-03
2.269690e+03	1.610756e-03
2.282380e+03	9.732246e-04
2.294370e+03	6.594658e-04
2.308550e+03	4.482269e-04
2.325780e+03	3.046989e-04
2.346100e+03	1.540184e-04
2.378190e+03	6.866455e-05
2.418660e+03	3.433228e-05
2.457900e+03	2.145767e-05
2.495560e+03	1.549721e-05
2.535470e+03	1.096725e-05
2.578230e+03	8.344650e-06
2.628320e+03	5.722046e-06
2.688100e+03	4.291534e-06
2.761490e+03	3.099442e-06
2.844400e+03	2.384186e-06
2.970760e+03	1.907349e-06
3.133790e+03	1.192093e-06
3.424990e+03	7.152557e-07
3.752710e+03	2.384186e-07
4.295860e+03	1.192093e-07
4.968640e+03	1.192093e-07
5.762830e+03	0.000000e+00
7.360820e+03	0.000000e+00
8.974240e+03	1.192093e-07
1.159620e+04	0.000000e+00
1.539200e+04	0.000000e+00
2.113310e+04	0.000000e+00
2.667660e+04	2.980232e-08
3.607950e+04	2.980232e-08
4.700930e+04	0.000000e+00
6.808440e+04	0.000000e+00
