-1.000000e+02	3.702292e+15
-9.000000e+01	7.307469e+13
-8.000000e+01	8.701305e+13
-7.000000e+01	8.302983e+13
-6.000000e+01	5.807157e+13
-5.000000e+01	3.572800e+13
-4.000000e+01	2.484898e+13
-3.000000e+01	1.805631e+13
-2.000000e+01	1.514174e+13
-1.000000e+01	1.298199e+13
0.000000e+00	1.208413e+13
1.000000e+01	1.113873e+13
2.000000e+01	1.018784e+13
3.500000e+01	8.332667e+12
5.000000e+01	7.127318e+12
7.500000e+01	4.744295e+12
1.000000e+02	2.901620e+12
1.250000e+02	1.669512e+12
1.500000e+02	9.324687e+11
1.750000e+02	5.958193e+11
2.000000e+02	4.009834e+11
2.500000e+02	2.131065e+11
3.000000e+02	1.082052e+11
3.500000e+02	5.163570e+10
4.000000e+02	2.285347e+10
4.500000e+02	1.005070e+10
4.900000e+02	6.522760e+09
5.250000e+02	5.111733e+09
5.600000e+02	4.489983e+09
6.150000e+02	5.429335e+09
6.600000e+02	8.898060e+09
7.000000e+02	1.931096e+10
7.500000e+02	4.501746e+10
8.000000e+02	1.060155e+11
8.540000e+02	3.398951e+11
9.000000e+02	8.402523e+11
9.460000e+02	1.560276e+12
9.710000e+02	2.053665e+12
1.003000e+03	2.672080e+12
1.032000e+03	3.178855e+12
1.065000e+03	3.587776e+12
1.101000e+03	3.832573e+12
1.143000e+03	3.880992e+12
1.214000e+03	3.608270e+12
1.299000e+03	2.956516e+12
1.398000e+03	2.133064e+12
1.520000e+03	1.319419e+12
1.617000e+03	8.258159e+11
1.722000e+03	5.021486e+11
1.820000e+03	3.408853e+11
1.894000e+03	2.584359e+11
1.946000e+03	2.196576e+11
1.989000e+03	1.903222e+11
2.024000e+03	1.688184e+11
2.055000e+03	1.516736e+11
2.083000e+03	1.421465e+11
2.098000e+03	1.379055e+11
2.110000e+03	1.342862e+11
2.120000e+03	1.316523e+11
2.126000e+03	1.308795e+11
2.130000e+03	1.309850e+11
2.132000e+03	1.318394e+11
2.134000e+03	1.340275e+11
2.136000e+03	1.368125e+11
2.138000e+03	1.383763e+11
2.141930e+03	1.276037e+11
2.145160e+03	1.104652e+11
2.147050e+03	9.261147e+10
2.148650e+03	7.872725e+10
2.150120e+03	6.592851e+10
2.151160e+03	5.620000e+10
2.152030e+03	4.961703e+10
2.152870e+03	4.412530e+10
2.153480e+03	4.063209e+10
2.154070e+03	3.758644e+10
2.154730e+03	3.424862e+10
2.155500e+03	3.082597e+10
2.156160e+03	2.855086e+10
2.156820e+03	2.669871e+10
2.157570e+03	2.498781e+10
2.158210e+03	2.377442e+10
2.158840e+03	2.274044e+10
2.159420e+03	2.189405e+10
2.160010e+03	2.114916e+10
2.160630e+03	2.044154e+10
2.161260e+03	1.979939e+10
2.162290e+03	1.889183e+10
2.163290e+03	1.813191e+10
2.164560e+03	1.731143e+10
2.166030e+03	1.650749e+10
2.167690e+03	1.574167e+10
2.169990e+03	1.486433e+10
2.172320e+03	1.412950e+10
2.175280e+03	1.335069e+10
2.178740e+03	1.260260e+10
2.182440e+03	1.193638e+10
2.186080e+03	1.138420e+10
2.191460e+03	1.070472e+10
2.196520e+03	1.017557e+10
2.201920e+03	9.693181e+09
2.207660e+03	9.262040e+09
2.213740e+03	8.864273e+09
2.220040e+03	8.510220e+09
2.227740e+03	8.133427e+09
2.235290e+03	7.817599e+09
2.243320e+03	7.515642e+09
2.251640e+03	7.245056e+09
2.259430e+03	7.015402e+09
2.269690e+03	6.750441e+09
2.282380e+03	6.464814e+09
2.294370e+03	6.228633e+09
2.308550e+03	5.981124e+09
2.325780e+03	5.722393e+09
2.346100e+03	5.458663e+09
2.378190e+03	5.113538e+09
2.418660e+03	4.768681e+09
2.457900e+03	4.497040e+09
2.495560e+03	4.279884e+09
2.535470e+03	4.084979e+09
2.578230e+03	3.909743e+09
2.628320e+03	3.742332e+09
2.688100e+03	3.572778e+09
2.761490e+03	3.397008e+09
2.844400e+03	3.230159e+09
2.970760e+03	3.023112e+09
3.133790e+03	2.812932e+09
3.424990e+03	2.536487e+09
3.752710e+03	2.312236e+09
4.295860e+03	2.051248e+09
4.968640e+03	1.828454e+09
5.762830e+03	1.640815e+09
7.360820e+03	1.388298e+09
8.974240e+03	1.216750e+09
1.159620e+04	1.025663e+09
1.539200e+04	8.433303e+08
2.113310e+04	6.663118e+08
2.667660e+04	5.519405e+08
3.607950e+04	4.210989e+08
4.700930e+04	3.223057e+08
6.808440e+04	2.082739e+08
