-1.000000e+02	6.664459e+06
-9.000000e+01	3.482406e-01
-8.000000e+01	9.027930e-01
-7.000000e+01	2.786379e+00
-6.000000e+01	8.388282e+00
-5.000000e+01	2.380362e+01
-4.000000e+01	6.308240e+01
-3.000000e+01	1.670602e+02
-2.000000e+01	4.497085e+02
-1.000000e+01	1.182438e+03
0.000000e+00	2.709056e+03
1.000000e+01	5.168968e+03
2.000000e+01	8.399818e+03
3.500000e+01	1.437775e+04
5.000000e+01	2.174374e+04
7.500000e+01	4.346456e+04
1.000000e+02	9.258869e+04
1.250000e+02	2.274353e+05
1.500000e+02	5.250586e+05
1.750000e+02	9.962306e+05
2.000000e+02	1.557288e+06
2.500000e+02	2.273167e+06
3.000000e+02	2.155583e+06
3.500000e+02	1.596870e+06
4.000000e+02	1.039830e+06
4.500000e+02	6.196861e+05
4.900000e+02	3.669083e+05
5.250000e+02	2.184432e+05
5.600000e+02	1.239749e+05
6.150000e+02	4.408330e+04
6.600000e+02	1.675227e+04
7.000000e+02	6.516071e+03
7.500000e+02	2.699611e+03
8.000000e+02	1.466334e+03
8.540000e+02	7.696829e+02
9.000000e+02	3.753731e+02
9.460000e+02	1.886520e+02
9.710000e+02	1.358607e+02
1.003000e+03	9.110739e+01
1.032000e+03	6.503052e+01
1.065000e+03	4.303544e+01
1.101000e+03	2.795329e+01
1.143000e+03	1.757502e+01
1.214000e+03	8.247854e+00
1.299000e+03	3.301364e+00
1.398000e+03	1.213825e+00
1.520000e+03	3.866419e-01
1.617000e+03	1.694591e-01
1.722000e+03	8.090570e-02
1.820000e+03	3.762282e-02
1.894000e+03	2.070661e-02
1.946000e+03	1.365896e-02
1.989000e+03	9.556531e-03
2.024000e+03	7.130662e-03
2.055000e+03	5.565168e-03
2.083000e+03	4.497663e-03
2.098000e+03	4.028607e-03
2.110000e+03	3.698632e-03
2.120000e+03	3.457479e-03
2.126000e+03	3.329102e-03
2.130000e+03	3.252616e-03
2.132000e+03	3.221641e-03
2.134000e+03	3.203178e-03
2.136000e+03	3.195936e-03
2.138000e+03	3.067345e-03
2.141930e+03	3.354707e-03
2.145160e+03	8.635843e-03
2.147050e+03	4.477507e-02
2.148650e+03	1.468352e-01
2.150120e+03	3.196974e-01
2.151160e+03	3.868616e-01
2.152030e+03	3.842382e-01
2.152870e+03	2.654902e-01
2.153480e+03	1.171942e-01
2.154070e+03	5.896728e-02
2.154730e+03	2.207996e-02
2.155500e+03	8.714462e-03
2.156160e+03	2.647654e-03
2.156820e+03	3.454576e-04
2.157570e+03	1.335491e-04
2.158210e+03	1.022979e-04
2.158840e+03	8.805148e-05
2.159420e+03	8.025791e-05
2.160010e+03	7.515588e-05
2.160630e+03	7.131299e-05
2.161260e+03	6.847477e-05
2.162290e+03	6.525255e-05
2.163290e+03	5.723239e-05
2.164560e+03	4.807785e-05
2.166030e+03	4.206121e-05
2.167690e+03	3.784295e-05
2.169990e+03	3.447014e-05
2.172320e+03	3.282759e-05
2.175280e+03	3.082029e-05
2.178740e+03	2.835161e-05
2.182440e+03	2.579891e-05
2.186080e+03	2.429728e-05
2.191460e+03	2.269798e-05
2.196520e+03	2.148208e-05
2.201920e+03	2.043926e-05
2.207660e+03	1.942179e-05
2.213740e+03	1.820759e-05
2.220040e+03	1.721104e-05
2.227740e+03	1.614454e-05
2.235290e+03	1.457869e-05
2.243320e+03	1.330756e-05
2.251640e+03	1.231278e-05
2.259430e+03	1.155545e-05
2.269690e+03	1.076222e-05
2.282380e+03	9.989321e-06
2.294370e+03	9.401929e-06
2.308550e+03	8.358777e-06
2.325780e+03	7.257722e-06
2.346100e+03	6.359555e-06
2.378190e+03	5.420108e-06
2.418660e+03	4.666642e-06
2.457900e+03	4.166925e-06
2.495560e+03	3.812956e-06
2.535470e+03	3.523455e-06
2.578230e+03	3.283621e-06
2.628320e+03	3.071911e-06
2.688100e+03	2.869296e-06
2.761490e+03	2.622234e-06
2.844400e+03	2.226127e-06
2.970760e+03	1.846694e-06
3.133790e+03	1.546910e-06
3.424990e+03	1.239428e-06
3.752710e+03	1.039925e-06
4.295860e+03	6.440078e-07
4.968640e+03	3.934227e-07
5.762830e+03	2.810113e-07
7.360820e+03	1.878629e-07
8.974240e+03	1.446471e-07
1.159620e+04	1.077028e-07
1.539200e+04	7.987222e-08
2.113310e+04	5.826325e-08
2.667660e+04	4.863368e-08
3.607950e+04	3.743307e-08
4.700930e+04	2.884759e-08
6.808440e+04	1.879982e-08
