-1.000000e+02	2.387164e+08
-9.000000e+01	2.896128e+03
-8.000000e+01	8.854294e+03
-7.000000e+01	2.591363e+04
-6.000000e+01	8.321554e+04
-5.000000e+01	2.511250e+05
-4.000000e+01	6.036210e+05
-3.000000e+01	1.249070e+06
-2.000000e+01	2.191003e+06
-1.000000e+01	3.617016e+06
0.000000e+00	5.492850e+06
1.000000e+01	8.111055e+06
2.000000e+01	1.187504e+07
3.500000e+01	2.122448e+07
5.000000e+01	3.571892e+07
7.500000e+01	9.253553e+07
1.000000e+02	2.245487e+08
1.250000e+02	4.934761e+08
1.500000e+02	9.433821e+08
1.750000e+02	1.429463e+09
2.000000e+02	1.829720e+09
2.500000e+02	2.018574e+09
3.000000e+02	1.743920e+09
3.500000e+02	1.334680e+09
4.000000e+02	9.705018e+08
4.500000e+02	6.677828e+08
4.900000e+02	4.291082e+08
5.250000e+02	2.679517e+08
5.600000e+02	1.558155e+08
6.150000e+02	5.276772e+07
6.600000e+02	1.789287e+07
7.000000e+02	5.885995e+06
7.500000e+02	1.819920e+06
8.000000e+02	6.232627e+05
8.540000e+02	1.750496e+05
9.000000e+02	6.238334e+04
9.460000e+02	2.660064e+04
9.710000e+02	1.755243e+04
1.003000e+03	1.057701e+04
1.032000e+03	6.815712e+03
1.065000e+03	4.358622e+03
1.101000e+03	2.789092e+03
1.143000e+03	1.703283e+03
1.214000e+03	7.623410e+02
1.299000e+03	3.126474e+02
1.398000e+03	1.194010e+02
1.520000e+03	3.930583e+01
1.617000e+03	1.847990e+01
1.722000e+03	8.356003e+00
1.820000e+03	3.720849e+00
1.894000e+03	2.010059e+00
1.946000e+03	1.259031e+00
1.989000e+03	8.726472e-01
2.024000e+03	6.561742e-01
2.055000e+03	5.142526e-01
2.083000e+03	3.979281e-01
2.098000e+03	3.410870e-01
2.110000e+03	3.034249e-01
2.120000e+03	2.753467e-01
2.126000e+03	2.572886e-01
2.130000e+03	2.436573e-01
2.132000e+03	2.339492e-01
2.134000e+03	2.183521e-01
2.136000e+03	1.963516e-01
2.138000e+03	1.620889e-01
2.141930e+03	1.225294e-01
2.145160e+03	1.596089e-01
2.147050e+03	3.111943e-01
2.148650e+03	4.069435e-01
2.150120e+03	3.003838e-01
2.151160e+03	6.588682e-02
2.152030e+03	1.759928e-02
2.152870e+03	3.538401e-03
2.153480e+03	1.811823e-03
2.154070e+03	1.812997e-04
2.154730e+03	9.341973e-05
2.155500e+03	6.624595e-05
2.156160e+03	5.742572e-05
2.156820e+03	5.200088e-05
2.157570e+03	3.922679e-05
2.158210e+03	3.390457e-05
2.158840e+03	3.058435e-05
2.159420e+03	2.841080e-05
2.160010e+03	2.719346e-05
2.160630e+03	2.629420e-05
2.161260e+03	2.537590e-05
2.162290e+03	2.395558e-05
2.163290e+03	2.236731e-05
2.164560e+03	2.058190e-05
2.166030e+03	1.932368e-05
2.167690e+03	1.828973e-05
2.169990e+03	1.716427e-05
2.172320e+03	1.627018e-05
2.175280e+03	1.526937e-05
2.178740e+03	1.403096e-05
2.182440e+03	1.304340e-05
2.186080e+03	1.172707e-05
2.191460e+03	1.017573e-05
2.196520e+03	9.182072e-06
2.201920e+03	8.396388e-06
2.207660e+03	7.769205e-06
2.213740e+03	7.243520e-06
2.220040e+03	6.279533e-06
2.227740e+03	5.470141e-06
2.235290e+03	4.912006e-06
2.243320e+03	4.455991e-06
2.251640e+03	4.097892e-06
2.259430e+03	3.824774e-06
2.269690e+03	3.538743e-06
2.282380e+03	3.260188e-06
2.294370e+03	3.049155e-06
2.308550e+03	2.844439e-06
2.325780e+03	2.645662e-06
2.346100e+03	2.457158e-06
2.378190e+03	2.228831e-06
2.418660e+03	1.877478e-06
2.457900e+03	1.573929e-06
2.495560e+03	1.379606e-06
2.535470e+03	1.231940e-06
2.578230e+03	1.116354e-06
2.628320e+03	1.018661e-06
2.688100e+03	9.295192e-07
2.761490e+03	8.458811e-07
2.844400e+03	7.735115e-07
2.970760e+03	5.714868e-07
3.133790e+03	3.986613e-07
3.424990e+03	2.724450e-07
3.752710e+03	2.085898e-07
4.295860e+03	1.566367e-07
4.968640e+03	1.238077e-07
5.762830e+03	1.016041e-07
7.360820e+03	7.725220e-08
8.974240e+03	6.341742e-08
1.159620e+04	4.997946e-08
1.539200e+04	4.081542e-08
2.113310e+04	3.250713e-08
2.667660e+04	2.706500e-08
3.607950e+04	2.077050e-08
4.700930e+04	1.597010e-08
6.808440e+04	1.037820e-08
