-1.000000e+02	3.329658e+10
-9.000000e+01	2.876079e+07
-8.000000e+01	5.009419e+07
-7.000000e+01	8.411727e+07
-6.000000e+01	1.365622e+08
-5.000000e+01	2.151387e+08
-4.000000e+01	3.298107e+08
-3.000000e+01	4.941381e+08
-2.000000e+01	7.203283e+08
-1.000000e+01	1.027260e+09
0.000000e+00	1.430078e+09
1.000000e+01	1.953999e+09
2.000000e+01	2.618318e+09
3.500000e+01	3.926080e+09
5.000000e+01	5.641889e+09
7.500000e+01	9.394042e+09
1.000000e+02	1.401809e+10
1.250000e+02	1.874895e+10
1.500000e+02	2.259887e+10
1.750000e+02	2.479252e+10
2.000000e+02	2.522669e+10
2.500000e+02	2.226839e+10
3.000000e+02	1.713929e+10
3.500000e+02	1.219521e+10
4.000000e+02	8.277951e+09
4.500000e+02	5.455014e+09
4.900000e+02	3.873877e+09
5.250000e+02	2.857617e+09
5.600000e+02	2.098046e+09
6.150000e+02	1.277580e+09
6.600000e+02	8.404865e+08
7.000000e+02	5.722292e+08
7.500000e+02	3.540537e+08
8.000000e+02	2.210002e+08
8.540000e+02	1.347172e+08
9.000000e+02	9.043875e+07
9.460000e+02	6.224711e+07
9.710000e+02	5.116537e+07
1.003000e+03	4.029807e+07
1.032000e+03	3.269517e+07
1.065000e+03	2.592734e+07
1.101000e+03	2.025513e+07
1.143000e+03	1.530666e+07
1.214000e+03	9.661206e+06
1.299000e+03	5.622476e+06
1.398000e+03	3.004659e+06
1.520000e+03	1.393052e+06
1.617000e+03	7.675891e+05
1.722000e+03	4.086690e+05
1.820000e+03	2.327762e+05
1.894000e+03	1.541534e+05
1.946000e+03	1.169246e+05
1.989000e+03	9.352964e+04
2.024000e+03	7.836578e+04
2.055000e+03	6.725077e+04
2.083000e+03	5.906515e+04
2.098000e+03	5.519856e+04
2.110000e+03	5.231363e+04
2.120000e+03	5.000348e+04
2.126000e+03	4.849693e+04
2.130000e+03	4.736239e+04
2.132000e+03	4.658443e+04
2.134000e+03	4.535401e+04
2.136000e+03	4.352087e+04
2.138000e+03	4.022535e+04
2.141930e+03	3.349518e+04
2.145160e+03	2.804172e+04
2.147050e+03	2.319749e+04
2.148650e+03	1.953134e+04
2.150120e+03	1.624278e+04
2.151160e+03	1.380371e+04
2.152030e+03	1.218198e+04
2.152870e+03	1.083290e+04
2.153480e+03	9.975210e+03
2.154070e+03	9.227475e+03
2.154730e+03	8.408038e+03
2.155500e+03	7.567776e+03
2.156160e+03	7.009238e+03
2.156820e+03	6.554534e+03
2.157570e+03	6.134508e+03
2.158210e+03	5.836619e+03
2.158840e+03	5.582779e+03
2.159420e+03	5.374990e+03
2.160010e+03	5.192119e+03
2.160630e+03	5.018398e+03
2.161260e+03	4.860750e+03
2.162290e+03	4.637945e+03
2.163290e+03	4.451383e+03
2.164560e+03	4.249956e+03
2.166030e+03	4.052589e+03
2.167690e+03	3.864579e+03
2.169990e+03	3.649194e+03
2.172320e+03	3.468793e+03
2.175280e+03	3.277595e+03
2.178740e+03	3.093938e+03
2.182440e+03	2.930383e+03
2.186080e+03	2.794821e+03
2.191460e+03	2.628008e+03
2.196520e+03	2.498103e+03
2.201920e+03	2.379676e+03
2.207660e+03	2.273831e+03
2.213740e+03	2.176179e+03
2.220040e+03	2.089259e+03
2.227740e+03	1.996756e+03
2.235290e+03	1.919221e+03
2.243320e+03	1.845090e+03
2.251640e+03	1.778661e+03
2.259430e+03	1.722281e+03
2.269690e+03	1.657233e+03
2.282380e+03	1.587112e+03
2.294370e+03	1.529129e+03
2.308550e+03	1.468366e+03
2.325780e+03	1.404847e+03
2.346100e+03	1.340102e+03
2.378190e+03	1.255374e+03
2.418660e+03	1.170711e+03
2.457900e+03	1.104023e+03
2.495560e+03	1.050711e+03
2.535470e+03	1.002862e+03
2.578230e+03	9.598419e+02
2.628320e+03	9.187426e+02
2.688100e+03	8.771171e+02
2.761490e+03	8.339654e+02
2.844400e+03	7.930040e+02
2.970760e+03	7.421739e+02
3.133790e+03	6.905747e+02
3.424990e+03	6.227077e+02
3.752710e+03	5.676540e+02
4.295860e+03	5.035813e+02
4.968640e+03	4.488855e+02
5.762830e+03	4.028200e+02
7.360820e+03	3.408272e+02
8.974240e+03	2.987121e+02
1.159620e+04	2.518002e+02
1.539200e+04	2.070376e+02
2.113310e+04	1.635795e+02
2.667660e+04	1.355014e+02
3.607950e+04	1.033798e+02
4.700930e+04	7.912605e+01
6.808440e+04	5.113125e+01
