-1.000000e+02	2.068590e+08
-9.000000e+01	1.112921e+01
-8.000000e+01	2.977348e+01
-7.000000e+01	9.550492e+01
-6.000000e+01	3.001011e+02
-5.000000e+01	8.919771e+02
-4.000000e+01	2.481553e+03
-3.000000e+01	6.927708e+03
-2.000000e+01	1.956198e+04
-1.000000e+01	5.393098e+04
0.000000e+00	1.287916e+05
1.000000e+01	2.561510e+05
2.000000e+01	4.328706e+05
3.500000e+01	7.840083e+05
5.000000e+01	1.244414e+06
7.500000e+01	2.649306e+06
1.000000e+02	5.958523e+06
1.250000e+02	1.533677e+07
1.500000e+02	3.693282e+07
1.750000e+02	7.223057e+07
2.000000e+02	1.158474e+08
2.500000e+02	1.758535e+08
3.000000e+02	1.736592e+08
3.500000e+02	1.343931e+08
4.000000e+02	9.181179e+07
4.500000e+02	5.740619e+07
4.900000e+02	3.480671e+07
5.250000e+02	2.097593e+07
5.600000e+02	1.196410e+07
6.150000e+02	4.183977e+06
6.600000e+02	1.535106e+06
7.000000e+02	5.632790e+05
7.500000e+02	2.146339e+05
8.000000e+02	1.059761e+05
8.540000e+02	4.955324e+04
9.000000e+02	2.213664e+04
9.460000e+02	1.038821e+04
9.710000e+02	7.232467e+03
1.003000e+03	4.702282e+03
1.032000e+03	3.284933e+03
1.065000e+03	2.131329e+03
1.101000e+03	1.361340e+03
1.143000e+03	8.451358e+02
1.214000e+03	3.927307e+02
1.299000e+03	1.564508e+02
1.398000e+03	5.737432e+01
1.520000e+03	1.822461e+01
1.617000e+03	7.970491e+00
1.722000e+03	3.797282e+00
1.820000e+03	1.762437e+00
1.894000e+03	9.683542e-01
1.946000e+03	6.378215e-01
1.989000e+03	4.455944e-01
2.024000e+03	3.320625e-01
2.055000e+03	2.588332e-01
2.083000e+03	2.088329e-01
2.098000e+03	1.868188e-01
2.110000e+03	1.713017e-01
2.120000e+03	1.597323e-01
2.126000e+03	1.531006e-01
2.130000e+03	1.487225e-01
2.132000e+03	1.463466e-01
2.134000e+03	1.434728e-01
2.136000e+03	1.397713e-01
2.138000e+03	1.279265e-01
2.141930e+03	1.247721e-01
2.145160e+03	2.761440e-01
2.147050e+03	1.201692e+00
2.148650e+03	3.412357e+00
2.150120e+03	6.617937e+00
2.151160e+03	7.405466e+00
2.152030e+03	6.927759e+00
2.152870e+03	4.547020e+00
2.153480e+03	1.942569e+00
2.154070e+03	9.506978e-01
2.154730e+03	3.462115e-01
2.155500e+03	1.329672e-01
2.156160e+03	3.961642e-02
2.156820e+03	5.082489e-03
2.157570e+03	1.932914e-03
2.158210e+03	1.463235e-03
2.158840e+03	1.246691e-03
2.159420e+03	1.126897e-03
2.160010e+03	1.047494e-03
2.160630e+03	9.869995e-04
2.161260e+03	9.416908e-04
2.162290e+03	8.892725e-04
2.163290e+03	7.741020e-04
2.164560e+03	6.449780e-04
2.166030e+03	5.597517e-04
2.167690e+03	4.997817e-04
2.169990e+03	4.512698e-04
2.172320e+03	4.266257e-04
2.175280e+03	3.974462e-04
2.178740e+03	3.629103e-04
2.182440e+03	3.280674e-04
2.186080e+03	3.072950e-04
2.191460e+03	2.851627e-04
2.196520e+03	2.684978e-04
2.201920e+03	2.542691e-04
2.207660e+03	2.406086e-04
2.213740e+03	2.247002e-04
2.220040e+03	2.116839e-04
2.227740e+03	1.978513e-04
2.235290e+03	1.781307e-04
2.243320e+03	1.621389e-04
2.251640e+03	1.496401e-04
2.259430e+03	1.401362e-04
2.269690e+03	1.301968e-04
2.282380e+03	1.205278e-04
2.294370e+03	1.131951e-04
2.308550e+03	1.004080e-04
2.325780e+03	8.697702e-05
2.346100e+03	7.603138e-05
2.378190e+03	6.459857e-05
2.418660e+03	5.544774e-05
2.457900e+03	4.939130e-05
2.495560e+03	4.510944e-05
2.535470e+03	4.161349e-05
2.578230e+03	3.872075e-05
2.628320e+03	3.616796e-05
2.688100e+03	3.373017e-05
2.761490e+03	3.077726e-05
2.844400e+03	2.608973e-05
2.970760e+03	2.160419e-05
3.133790e+03	1.806499e-05
3.424990e+03	1.444143e-05
3.752710e+03	1.209532e-05
4.295860e+03	7.475427e-06
4.968640e+03	4.559196e-06
5.762830e+03	3.252142e-06
7.360820e+03	2.170379e-06
8.974240e+03	1.669219e-06
1.159620e+04	1.241381e-06
1.539200e+04	9.195821e-07
2.113310e+04	6.700900e-07
2.667660e+04	5.589654e-07
3.607950e+04	4.299014e-07
4.700930e+04	3.311034e-07
6.808440e+04	2.156185e-07
