-1.000000e+02	3.618032e+11
-9.000000e+01	5.825334e+09
-8.000000e+01	7.196366e+09
-7.000000e+01	6.946806e+09
-6.000000e+01	4.794678e+09
-5.000000e+01	2.850195e+09
-4.000000e+01	1.870195e+09
-3.000000e+01	1.292234e+09
-2.000000e+01	1.034142e+09
-1.000000e+01	8.430491e+08
0.000000e+00	7.488528e+08
1.000000e+01	6.585689e+08
2.000000e+01	5.735002e+08
3.500000e+01	4.401382e+08
5.000000e+01	3.538378e+08
7.500000e+01	2.186966e+08
1.000000e+02	1.253721e+08
1.250000e+02	6.835994e+07
1.500000e+02	3.635623e+07
1.750000e+02	2.243245e+07
2.000000e+02	1.465838e+07
2.500000e+02	7.448773e+06
3.000000e+02	3.610769e+06
3.500000e+02	1.639266e+06
4.000000e+02	6.869836e+05
4.500000e+02	2.860616e+05
4.900000e+02	1.806975e+05
5.250000e+02	1.396506e+05
5.600000e+02	1.219626e+05
6.150000e+02	1.502942e+05
6.600000e+02	2.565209e+05
7.000000e+02	5.969464e+05
7.500000e+02	1.532030e+06
8.000000e+02	4.012762e+06
8.540000e+02	1.460312e+07
9.000000e+02	3.978943e+07
9.460000e+02	8.036819e+07
9.710000e+02	1.103534e+08
1.003000e+03	1.482035e+08
1.032000e+03	1.816407e+08
1.065000e+03	2.105261e+08
1.101000e+03	2.299953e+08
1.143000e+03	2.368380e+08
1.214000e+03	2.234943e+08
1.299000e+03	1.854511e+08
1.398000e+03	1.353164e+08
1.520000e+03	8.479189e+07
1.617000e+03	5.364850e+07
1.722000e+03	3.269209e+07
1.820000e+03	2.238146e+07
1.894000e+03	1.706787e+07
1.946000e+03	1.463182e+07
1.989000e+03	1.276499e+07
2.024000e+03	1.138096e+07
2.055000e+03	1.026954e+07
2.083000e+03	9.615845e+06
2.098000e+03	9.377082e+06
2.110000e+03	9.165479e+06
2.120000e+03	9.021240e+06
2.126000e+03	9.008787e+06
2.130000e+03	9.058962e+06
2.132000e+03	9.160644e+06
2.134000e+03	9.394163e+06
2.136000e+03	9.702892e+06
2.138000e+03	9.958848e+06
2.141930e+03	9.265699e+06
2.145160e+03	8.036389e+06
2.147050e+03	6.731853e+06
2.148650e+03	5.709769e+06
2.150120e+03	4.771673e+06
2.151160e+03	4.060767e+06
2.152030e+03	3.581872e+06
2.152870e+03	3.184911e+06
2.153480e+03	2.932789e+06
2.154070e+03	2.713815e+06
2.154730e+03	2.473940e+06
2.155500e+03	2.226032e+06
2.156160e+03	2.061102e+06
2.156820e+03	1.927397e+06
2.157570e+03	1.803638e+06
2.158210e+03	1.716012e+06
2.158840e+03	1.641368e+06
2.159420e+03	1.580272e+06
2.160010e+03	1.526506e+06
2.160630e+03	1.475430e+06
2.161260e+03	1.429081e+06
2.162290e+03	1.363575e+06
2.163290e+03	1.308725e+06
2.164560e+03	1.249504e+06
2.166030e+03	1.191478e+06
2.167690e+03	1.136202e+06
2.169990e+03	1.072878e+06
2.172320e+03	1.019839e+06
2.175280e+03	9.636262e+05
2.178740e+03	9.096305e+05
2.182440e+03	8.615444e+05
2.186080e+03	8.216887e+05
2.191460e+03	7.726449e+05
2.196520e+03	7.344524e+05
2.201920e+03	6.996344e+05
2.207660e+03	6.685155e+05
2.213740e+03	6.398055e+05
2.220040e+03	6.142507e+05
2.227740e+03	5.870545e+05
2.235290e+03	5.642587e+05
2.243320e+03	5.424640e+05
2.251640e+03	5.229337e+05
2.259430e+03	5.063577e+05
2.269690e+03	4.872334e+05
2.282380e+03	4.666174e+05
2.294370e+03	4.495703e+05
2.308550e+03	4.317056e+05
2.325780e+03	4.130309e+05
2.346100e+03	3.939954e+05
2.378190e+03	3.690850e+05
2.418660e+03	3.441939e+05
2.457900e+03	3.245874e+05
2.495560e+03	3.089135e+05
2.535470e+03	2.948456e+05
2.578230e+03	2.821974e+05
2.628320e+03	2.701141e+05
2.688100e+03	2.578760e+05
2.761490e+03	2.451892e+05
2.844400e+03	2.331464e+05
2.970760e+03	2.182022e+05
3.133790e+03	2.030318e+05
3.424990e+03	1.830786e+05
3.752710e+03	1.668926e+05
4.295860e+03	1.480550e+05
4.968640e+03	1.319742e+05
5.762830e+03	1.184307e+05
7.360820e+03	1.002046e+05
8.974240e+03	8.782258e+04
1.159620e+04	7.403029e+04
1.539200e+04	6.086990e+04
2.113310e+04	4.809305e+04
2.667660e+04	3.983796e+04
3.607950e+04	3.039408e+04
4.700930e+04	2.326338e+04
6.808440e+04	1.503280e+04
