-1.000000e+02	7.151958e+09
-9.000000e+01	8.613044e+04
-8.000000e+01	2.652096e+05
-7.000000e+01	7.786578e+05
-6.000000e+01	2.526455e+06
-5.000000e+01	7.744599e+06
-4.000000e+01	1.867635e+07
-3.000000e+01	3.940040e+07
-2.000000e+01	7.031997e+07
-1.000000e+01	1.176487e+08
0.000000e+00	1.803535e+08
1.000000e+01	2.688064e+08
2.000000e+01	3.950199e+08
3.500000e+01	7.139513e+08
5.000000e+01	1.203247e+09
7.500000e+01	3.114891e+09
1.000000e+02	7.457732e+09
1.250000e+02	1.593972e+10
1.500000e+02	2.912350e+10
1.750000e+02	4.216163e+10
2.000000e+02	5.184733e+10
2.500000e+02	5.473287e+10
3.000000e+02	4.621840e+10
3.500000e+02	3.491869e+10
4.000000e+02	2.508262e+10
4.500000e+02	1.716201e+10
4.900000e+02	1.139604e+10
5.250000e+02	7.462343e+09
5.600000e+02	4.597752e+09
6.150000e+02	1.732123e+09
6.600000e+02	6.295303e+08
7.000000e+02	2.144935e+08
7.500000e+02	6.649922e+07
8.000000e+02	2.241902e+07
8.540000e+02	6.126804e+06
9.000000e+02	2.134904e+06
9.460000e+02	9.003839e+05
9.710000e+02	5.911034e+05
1.003000e+03	3.518705e+05
1.032000e+03	2.264732e+05
1.065000e+03	1.445056e+05
1.101000e+03	9.224741e+04
1.143000e+03	5.617891e+04
1.214000e+03	2.507618e+04
1.299000e+03	1.029460e+04
1.398000e+03	3.938090e+03
1.520000e+03	1.298504e+03
1.617000e+03	6.135740e+02
1.722000e+03	2.757448e+02
1.820000e+03	1.225863e+02
1.894000e+03	6.597072e+01
1.946000e+03	4.133806e+01
1.989000e+03	2.866528e+01
2.024000e+03	2.155915e+01
2.055000e+03	1.689759e+01
2.083000e+03	1.290994e+01
2.098000e+03	1.108437e+01
2.110000e+03	9.870065e+00
2.120000e+03	8.959497e+00
2.126000e+03	8.367181e+00
2.130000e+03	7.915792e+00
2.132000e+03	7.590157e+00
2.134000e+03	7.062370e+00
2.136000e+03	6.317028e+00
2.138000e+03	5.159127e+00
2.141930e+03	3.759940e+00
2.145160e+03	4.717373e+00
2.147050e+03	8.479783e+00
2.148650e+03	1.074448e+01
2.150120e+03	7.064425e+00
2.151160e+03	1.450968e+00
2.152030e+03	3.441647e-01
2.152870e+03	6.979445e-02
2.153480e+03	2.090805e-02
2.154070e+03	3.676608e-03
2.154730e+03	2.135030e-03
2.155500e+03	1.572541e-03
2.156160e+03	1.378752e-03
2.156820e+03	1.159599e-03
2.157570e+03	9.047117e-04
2.158210e+03	7.918932e-04
2.158840e+03	7.195501e-04
2.159420e+03	6.768638e-04
2.160010e+03	6.513464e-04
2.160630e+03	6.294172e-04
2.161260e+03	6.041006e-04
2.162290e+03	5.657528e-04
2.163290e+03	5.234954e-04
2.164560e+03	4.871151e-04
2.166030e+03	4.589567e-04
2.167690e+03	4.348531e-04
2.169990e+03	4.078604e-04
2.172320e+03	3.868349e-04
2.175280e+03	3.592560e-04
2.178740e+03	3.307757e-04
2.182440e+03	3.051376e-04
2.186080e+03	2.705771e-04
2.191460e+03	2.361839e-04
2.196520e+03	2.138654e-04
2.201920e+03	1.960607e-04
2.207660e+03	1.817507e-04
2.213740e+03	1.629214e-04
2.220040e+03	1.424809e-04
2.227740e+03	1.250075e-04
2.235290e+03	1.127888e-04
2.243320e+03	1.027030e-04
2.251640e+03	9.471824e-05
2.259430e+03	8.859040e-05
2.269690e+03	8.213802e-05
2.282380e+03	7.582053e-05
2.294370e+03	7.101274e-05
2.308550e+03	6.633134e-05
2.325780e+03	6.176983e-05
2.346100e+03	5.742998e-05
2.378190e+03	5.215576e-05
2.418660e+03	4.249064e-05
2.457900e+03	3.589738e-05
2.495560e+03	3.161800e-05
2.535470e+03	2.833541e-05
2.578230e+03	2.574746e-05
2.628320e+03	2.354744e-05
2.688100e+03	2.152997e-05
2.761490e+03	1.962854e-05
2.844400e+03	1.797676e-05
2.970760e+03	1.231873e-05
3.133790e+03	8.833978e-06
3.424990e+03	6.160776e-06
3.752710e+03	4.764964e-06
4.295860e+03	3.607282e-06
4.968640e+03	2.865505e-06
5.762830e+03	2.359349e-06
7.360820e+03	1.800160e-06
8.974240e+03	1.480621e-06
1.159620e+04	1.169004e-06
1.539200e+04	9.616517e-07
2.113310e+04	7.657018e-07
2.667660e+04	6.374079e-07
3.607950e+04	4.890728e-07
4.700930e+04	3.759849e-07
6.808440e+04	2.442898e-07
