-1.000000e+02	6.089601e+13
-9.000000e+01	3.672859e+09
-8.000000e+01	1.700749e+09
-7.000000e+01	7.788857e+08
-6.000000e+01	3.493394e+08
-5.000000e+01	1.366950e+08
-4.000000e+01	1.924336e+08
-3.000000e+01	2.702779e+08
-2.000000e+01	3.513605e+08
-1.000000e+01	4.330488e+08
0.000000e+00	5.064411e+08
1.000000e+01	5.683842e+08
2.000000e+01	6.257571e+08
3.500000e+01	6.947679e+08
5.000000e+01	7.452488e+08
7.500000e+01	9.342870e+09
1.000000e+02	5.532520e+10
1.250000e+02	2.188287e+11
1.500000e+02	6.720657e+11
1.750000e+02	1.719843e+12
2.000000e+02	3.833511e+12
2.500000e+02	1.351896e+13
3.000000e+02	3.141939e+13
3.500000e+02	4.848053e+13
4.000000e+02	5.285037e+13
4.500000e+02	4.531112e+13
4.900000e+02	3.579509e+13
5.250000e+02	2.771798e+13
5.600000e+02	2.084326e+13
6.150000e+02	1.280454e+13
6.600000e+02	8.417210e+12
7.000000e+02	5.728567e+12
7.500000e+02	3.555093e+12
8.000000e+02	2.224809e+12
8.540000e+02	1.358347e+12
9.000000e+02	9.125025e+11
9.460000e+02	6.281233e+11
9.710000e+02	5.162102e+11
1.003000e+03	4.063171e+11
1.032000e+03	3.294522e+11
1.065000e+03	2.609411e+11
1.101000e+03	2.034210e+11
1.143000e+03	1.531045e+11
1.214000e+03	9.574617e+10
1.299000e+03	5.478688e+10
1.398000e+03	2.854397e+10
1.520000e+03	1.261152e+10
1.617000e+03	6.629680e+09
1.722000e+03	3.327261e+09
1.820000e+03	1.775568e+09
1.894000e+03	1.126585e+09
1.946000e+03	8.306462e+08
1.989000e+03	6.430147e+08
2.024000e+03	5.220868e+08
2.055000e+03	4.351631e+08
2.083000e+03	3.698632e+08
2.098000e+03	3.389860e+08
2.110000e+03	3.161879e+08
2.120000e+03	2.968042e+08
2.126000e+03	2.818084e+08
2.130000e+03	2.686841e+08
2.132000e+03	2.575829e+08
2.134000e+03	2.370457e+08
2.136000e+03	2.048091e+08
2.138000e+03	1.479048e+08
2.141930e+03	5.934414e+07
2.145160e+03	2.707803e+07
2.147050e+03	1.967627e+07
2.148650e+03	1.586033e+07
2.150120e+03	1.285008e+07
2.151160e+03	1.092266e+07
2.152030e+03	8.778360e+06
2.152870e+03	6.602413e+06
2.153480e+03	5.520088e+06
2.154070e+03	4.735169e+06
2.154730e+03	4.046307e+06
2.155500e+03	3.461260e+06
2.156160e+03	3.085899e+06
2.156820e+03	2.680985e+06
2.157570e+03	2.228715e+06
2.158210e+03	1.963955e+06
2.158840e+03	1.767609e+06
2.159420e+03	1.623552e+06
2.160010e+03	1.507468e+06
2.160630e+03	1.364237e+06
2.161260e+03	1.154128e+06
2.162290e+03	9.348886e+05
2.163290e+03	7.961309e+05
2.164560e+03	6.044962e+05
2.166030e+03	4.799637e+05
2.167690e+03	3.943950e+05
2.169990e+03	2.673482e+05
2.172320e+03	1.933498e+05
2.175280e+03	1.122206e+05
2.178740e+03	6.541130e+04
2.182440e+03	1.783817e+04
2.186080e+03	1.096487e+04
2.191460e+03	4.255763e+03
2.196520e+03	1.726618e+03
2.201920e+03	9.859490e+02
2.207660e+03	3.263627e+02
2.213740e+03	1.949762e+02
2.220040e+03	1.402774e+02
2.227740e+03	1.736476e+01
2.235290e+03	9.650073e+00
2.243320e+03	6.610994e+00
2.251640e+03	5.067734e+00
2.259430e+03	4.180391e+00
2.269690e+03	3.435480e+00
2.282380e+03	2.842859e+00
2.294370e+03	2.462214e+00
2.308550e+03	2.137951e+00
2.325780e+03	1.859328e+00
2.346100e+03	1.394269e+00
2.378190e+03	9.944193e-01
2.418660e+03	7.476516e-01
2.457900e+03	6.193687e-01
2.495560e+03	5.463434e-01
2.535470e+03	4.811744e-01
2.578230e+03	4.243716e-01
2.628320e+03	3.675203e-01
2.688100e+03	3.234678e-01
2.761490e+03	2.858936e-01
2.844400e+03	2.546361e-01
2.970760e+03	2.200946e-01
3.133790e+03	1.879915e-01
3.424990e+03	1.473954e-01
3.752710e+03	1.102972e-01
4.295860e+03	7.949445e-02
4.968640e+03	5.771225e-02
5.762830e+03	3.947788e-02
7.360820e+03	2.530609e-02
8.974240e+03	1.904322e-02
1.159620e+04	1.325515e-02
1.539200e+04	7.370206e-03
2.113310e+04	4.421362e-03
2.667660e+04	1.720762e-03
3.607950e+04	8.171969e-04
4.700930e+04	4.867263e-04
6.808440e+04	2.507369e-04
