-1.000000e+02	1.543848e+12
-9.000000e+01	1.275004e+10
-8.000000e+01	6.678115e+09
-7.000000e+01	3.132107e+09
-6.000000e+01	1.267782e+09
-5.000000e+01	4.288152e+08
-4.000000e+01	3.980623e+08
-3.000000e+01	3.473826e+08
-2.000000e+01	2.909752e+08
-1.000000e+01	2.317785e+08
0.000000e+00	1.842717e+08
1.000000e+01	1.412386e+08
2.000000e+01	1.082025e+08
3.500000e+01	7.140206e+07
5.000000e+01	4.912349e+07
7.500000e+01	1.414227e+08
1.000000e+02	1.525576e+08
1.250000e+02	9.251722e+07
1.500000e+02	5.993766e+07
1.750000e+02	7.560478e+07
2.000000e+02	9.680682e+07
2.500000e+02	7.437773e+07
3.000000e+02	4.395697e+07
3.500000e+02	2.425742e+07
4.000000e+02	1.197845e+07
4.500000e+02	5.643933e+06
4.900000e+02	3.741629e+06
5.250000e+02	2.932037e+06
5.600000e+02	2.542897e+06
6.150000e+02	2.950969e+06
6.600000e+02	4.733244e+06
7.000000e+02	1.135128e+07
7.500000e+02	3.825916e+07
8.000000e+02	9.485802e+07
8.540000e+02	1.930403e+08
9.000000e+02	3.254466e+08
9.460000e+02	5.185099e+08
9.710000e+02	6.968597e+08
1.003000e+03	8.793496e+08
1.032000e+03	1.137414e+09
1.065000e+03	1.443013e+09
1.101000e+03	1.760350e+09
1.143000e+03	2.140690e+09
1.214000e+03	2.282885e+09
1.299000e+03	2.271530e+09
1.398000e+03	1.917742e+09
1.520000e+03	1.486035e+09
1.617000e+03	1.132930e+09
1.722000e+03	7.890608e+08
1.820000e+03	5.395087e+08
1.894000e+03	3.840155e+08
1.946000e+03	2.977046e+08
1.989000e+03	2.506503e+08
2.024000e+03	2.216679e+08
2.055000e+03	1.995919e+08
2.083000e+03	1.826738e+08
2.098000e+03	1.747209e+08
2.110000e+03	1.689570e+08
2.120000e+03	1.658491e+08
2.126000e+03	1.665238e+08
2.130000e+03	1.690788e+08
2.132000e+03	1.731502e+08
2.134000e+03	1.828395e+08
2.136000e+03	1.989439e+08
2.138000e+03	2.261291e+08
2.141930e+03	2.478680e+08
2.145160e+03	2.246660e+08
2.147050e+03	1.881077e+08
2.148650e+03	1.592186e+08
2.150120e+03	1.340253e+08
2.151160e+03	1.168170e+08
2.152030e+03	1.041899e+08
2.152870e+03	9.347921e+07
2.153480e+03	8.628245e+07
2.154070e+03	7.998319e+07
2.154730e+03	7.350878e+07
2.155500e+03	6.715821e+07
2.156160e+03	6.259345e+07
2.156820e+03	5.875787e+07
2.157570e+03	5.520593e+07
2.158210e+03	5.262805e+07
2.158840e+03	5.041009e+07
2.159420e+03	4.858375e+07
2.160010e+03	4.697028e+07
2.160630e+03	4.546910e+07
2.161260e+03	4.418071e+07
2.162290e+03	4.229417e+07
2.163290e+03	4.067493e+07
2.164560e+03	3.896175e+07
2.166030e+03	3.722007e+07
2.167690e+03	3.552179e+07
2.169990e+03	3.356521e+07
2.172320e+03	3.186071e+07
2.175280e+03	2.996686e+07
2.178740e+03	2.809533e+07
2.182440e+03	2.635233e+07
2.186080e+03	2.507814e+07
2.191460e+03	2.354326e+07
2.196520e+03	2.236920e+07
2.201920e+03	2.130624e+07
2.207660e+03	2.035721e+07
2.213740e+03	1.948271e+07
2.220040e+03	1.870445e+07
2.227740e+03	1.787623e+07
2.235290e+03	1.718208e+07
2.243320e+03	1.651841e+07
2.251640e+03	1.592370e+07
2.259430e+03	1.541896e+07
2.269690e+03	1.483661e+07
2.282380e+03	1.420884e+07
2.294370e+03	1.368974e+07
2.308550e+03	1.314575e+07
2.325780e+03	1.257710e+07
2.346100e+03	1.199746e+07
2.378190e+03	1.123892e+07
2.418660e+03	1.048097e+07
2.457900e+03	9.883935e+06
2.495560e+03	9.406653e+06
2.535470e+03	8.978277e+06
2.578230e+03	8.593131e+06
2.628320e+03	8.225184e+06
2.688100e+03	7.852526e+06
2.761490e+03	7.466205e+06
2.844400e+03	7.099492e+06
2.970760e+03	6.644428e+06
3.133790e+03	6.182478e+06
3.424990e+03	5.574888e+06
3.752710e+03	5.082012e+06
4.295860e+03	4.508392e+06
4.968640e+03	4.018719e+06
5.762830e+03	3.606310e+06
7.360820e+03	3.051310e+06
8.974240e+03	2.674268e+06
1.159620e+04	2.254282e+06
1.539200e+04	1.853537e+06
2.113310e+04	1.464472e+06
2.667660e+04	1.213098e+06
3.607950e+04	9.255242e+05
4.700930e+04	7.083888e+05
6.808440e+04	4.577608e+05
