-1.000000e+02	2.059000e+05
-9.000000e+01	2.058978e+05
-8.000000e+01	2.058961e+05
-7.000000e+01	2.058952e+05
-6.000000e+01	2.058948e+05
-5.000000e+01	2.058946e+05
-4.000000e+01	2.058946e+05
-3.000000e+01	2.058945e+05
-2.000000e+01	2.058944e+05
-1.000000e+01	2.058943e+05
0.000000e+00	2.058942e+05
1.000000e+01	2.058941e+05
2.000000e+01	2.058940e+05
3.500000e+01	2.058938e+05
5.000000e+01	2.058937e+05
7.500000e+01	2.058919e+05
1.000000e+02	2.058805e+05
1.250000e+02	2.058323e+05
1.500000e+02	2.056758e+05
1.750000e+02	2.052557e+05
2.000000e+02	2.042798e+05
2.500000e+02	1.981340e+05
3.000000e+02	1.820703e+05
3.500000e+02	1.533623e+05
4.000000e+02	1.171425e+05
4.500000e+02	8.243171e+04
4.900000e+02	5.968636e+04
5.250000e+02	4.413946e+04
5.600000e+02	3.227445e+04
6.150000e+02	1.952101e+04
6.600000e+02	1.291272e+04
7.000000e+02	8.990003e+03
7.500000e+02	5.794748e+03
8.000000e+02	3.804539e+03
8.540000e+02	2.475111e+03
9.000000e+02	1.751814e+03
9.460000e+02	1.260068e+03
9.710000e+02	1.059648e+03
1.003000e+03	8.530356e+02
1.032000e+03	7.033594e+02
1.065000e+03	5.665844e+02
1.101000e+03	4.489998e+02
1.143000e+03	3.434019e+02
1.214000e+03	2.193500e+02
1.299000e+03	1.290121e+02
1.398000e+03	7.013974e+01
1.520000e+03	3.383191e+01
1.617000e+03	1.939258e+01
1.722000e+03	1.093796e+01
1.820000e+03	6.641623e+00
1.894000e+03	4.686649e+00
1.946000e+03	3.730593e+00
1.989000e+03	3.123105e+00
2.024000e+03	2.721915e+00
2.055000e+03	2.422522e+00
2.083000e+03	2.189485e+00
2.098000e+03	2.077225e+00
2.110000e+03	1.993077e+00
2.120000e+03	1.926532e+00
2.126000e+03	1.888151e+00
2.130000e+03	1.863262e+00
2.132000e+03	1.851064e+00
2.134000e+03	1.839118e+00
2.136000e+03	1.827551e+00
2.138000e+03	1.816628e+00
2.141930e+03	1.797836e+00
2.145160e+03	1.785161e+00
2.147050e+03	1.779063e+00
2.148650e+03	1.774762e+00
2.150120e+03	1.771439e+00
2.151160e+03	1.769433e+00
2.152030e+03	1.767962e+00
2.152870e+03	1.766706e+00
2.153480e+03	1.765884e+00
2.154070e+03	1.765152e+00
2.154730e+03	1.764400e+00
2.155500e+03	1.763599e+00
2.156160e+03	1.762967e+00
2.156820e+03	1.762378e+00
2.157570e+03	1.761752e+00
2.158210e+03	1.761249e+00
2.158840e+03	1.760776e+00
2.159420e+03	1.760359e+00
2.160010e+03	1.759950e+00
2.160630e+03	1.759535e+00
2.161260e+03	1.759128e+00
2.162290e+03	1.758487e+00
2.163290e+03	1.757892e+00
2.164560e+03	1.757169e+00
2.166030e+03	1.756372e+00
2.167690e+03	1.755514e+00
2.169990e+03	1.754387e+00
2.172320e+03	1.753309e+00
2.175280e+03	1.752017e+00
2.178740e+03	1.750602e+00
2.182440e+03	1.749186e+00
2.186080e+03	1.747870e+00
2.191460e+03	1.746033e+00
2.196520e+03	1.744401e+00
2.201920e+03	1.742745e+00
2.207660e+03	1.741065e+00
2.213740e+03	1.739364e+00
2.220040e+03	1.737675e+00
2.227740e+03	1.735697e+00
2.235290e+03	1.733838e+00
2.243320e+03	1.731938e+00
2.251640e+03	1.730042e+00
2.259430e+03	1.728327e+00
2.269690e+03	1.726148e+00
2.282380e+03	1.723559e+00
2.294370e+03	1.721210e+00
2.308550e+03	1.718538e+00
2.325780e+03	1.715426e+00
2.346100e+03	1.711919e+00
2.378190e+03	1.706683e+00
2.418660e+03	1.700510e+00
2.457900e+03	1.694899e+00
2.495560e+03	1.689797e+00
2.535470e+03	1.684645e+00
2.578230e+03	1.679369e+00
2.628320e+03	1.673453e+00
2.688100e+03	1.666704e+00
2.761490e+03	1.658809e+00
2.844400e+03	1.650329e+00
2.970760e+03	1.638134e+00
3.133790e+03	1.623451e+00
3.424990e+03	1.599417e+00
3.752710e+03	1.574898e+00
4.295860e+03	1.538340e+00
4.968640e+03	1.498079e+00
5.762830e+03	1.455580e+00
7.360820e+03	1.380998e+00
8.974240e+03	1.316204e+00
1.159620e+04	1.225655e+00
1.539200e+04	1.116496e+00
2.113310e+04	9.833620e-01
2.667660e+04	8.794564e-01
3.607950e+04	7.391814e-01
4.700930e+04	6.146004e-01
6.808440e+04	4.450364e-01
