-1.000000e+02	2.594451e+10
-9.000000e+01	7.224247e+05
-8.000000e+01	1.883532e+06
-7.000000e+01	4.361733e+06
-6.000000e+01	9.206211e+06
-5.000000e+01	1.803527e+07
-4.000000e+01	3.317242e+07
-3.000000e+01	5.768455e+07
-2.000000e+01	9.400738e+07
-1.000000e+01	1.420427e+08
0.000000e+00	1.982566e+08
1.000000e+01	2.610227e+08
2.000000e+01	3.346703e+08
3.500000e+01	4.728291e+08
5.000000e+01	6.579884e+08
7.500000e+01	1.005986e+09
1.000000e+02	1.211588e+09
1.250000e+02	1.052194e+09
1.500000e+02	7.710689e+08
1.750000e+02	5.844086e+08
2.000000e+02	4.504044e+08
2.500000e+02	2.920717e+08
3.000000e+02	1.784300e+08
3.500000e+02	1.024008e+08
4.000000e+02	5.510244e+07
4.500000e+02	2.934498e+07
4.900000e+02	2.086283e+07
5.250000e+02	1.706967e+07
5.600000e+02	1.519112e+07
6.150000e+02	1.700657e+07
6.600000e+02	2.420514e+07
7.000000e+02	4.266664e+07
7.500000e+02	6.750011e+07
8.000000e+02	8.420835e+07
8.540000e+02	9.679960e+07
9.000000e+02	9.424715e+07
9.460000e+02	7.649843e+07
9.710000e+02	6.579847e+07
1.003000e+03	5.352770e+07
1.032000e+03	4.418216e+07
1.065000e+03	3.556029e+07
1.101000e+03	2.807124e+07
1.143000e+03	2.135951e+07
1.214000e+03	1.356562e+07
1.299000e+03	7.933726e+06
1.398000e+03	4.252381e+06
1.520000e+03	1.974239e+06
1.617000e+03	1.089524e+06
1.722000e+03	5.776728e+05
1.820000e+03	3.272010e+05
1.894000e+03	2.157740e+05
1.946000e+03	1.627448e+05
1.989000e+03	1.299565e+05
2.024000e+03	1.088595e+05
2.055000e+03	9.337655e+04
2.083000e+03	8.160823e+04
2.098000e+03	7.602073e+04
2.110000e+03	7.189752e+04
2.120000e+03	6.862008e+04
2.126000e+03	6.649221e+04
2.130000e+03	6.489248e+04
2.132000e+03	6.379547e+04
2.134000e+03	6.205824e+04
2.136000e+03	5.947332e+04
2.138000e+03	5.515232e+04
2.141930e+03	4.609544e+04
2.145160e+03	3.848590e+04
2.147050e+03	3.183823e+04
2.148650e+03	2.682085e+04
2.150120e+03	2.247076e+04
2.151160e+03	1.944150e+04
2.152030e+03	1.702918e+04
2.152870e+03	1.496782e+04
2.153480e+03	1.371763e+04
2.154070e+03	1.269608e+04
2.154730e+03	1.166926e+04
2.155500e+03	1.066545e+04
2.156160e+03	9.913341e+03
2.156820e+03	9.091955e+03
2.157570e+03	8.438622e+03
2.158210e+03	8.019463e+03
2.158840e+03	7.667727e+03
2.159420e+03	7.381222e+03
2.160010e+03	7.129572e+03
2.160630e+03	6.890749e+03
2.161260e+03	6.674134e+03
2.162290e+03	6.368091e+03
2.163290e+03	6.111874e+03
2.164560e+03	5.835283e+03
2.166030e+03	5.564286e+03
2.167690e+03	5.306144e+03
2.169990e+03	5.010418e+03
2.172320e+03	4.762724e+03
2.175280e+03	4.500205e+03
2.178740e+03	4.248042e+03
2.182440e+03	4.023478e+03
2.186080e+03	3.837348e+03
2.191460e+03	3.608310e+03
2.196520e+03	3.429948e+03
2.201920e+03	3.267345e+03
2.207660e+03	3.122018e+03
2.213740e+03	2.987940e+03
2.220040e+03	2.868597e+03
2.227740e+03	2.741589e+03
2.235290e+03	2.635130e+03
2.243320e+03	2.533348e+03
2.251640e+03	2.442140e+03
2.259430e+03	2.364729e+03
2.269690e+03	2.275417e+03
2.282380e+03	2.179139e+03
2.294370e+03	2.099528e+03
2.308550e+03	2.016098e+03
2.325780e+03	1.928886e+03
2.346100e+03	1.839989e+03
2.378190e+03	1.723656e+03
2.418660e+03	1.607412e+03
2.457900e+03	1.515849e+03
2.495560e+03	1.442650e+03
2.535470e+03	1.376952e+03
2.578230e+03	1.317884e+03
2.628320e+03	1.261454e+03
2.688100e+03	1.204301e+03
2.761490e+03	1.145053e+03
2.844400e+03	1.088812e+03
2.970760e+03	1.019021e+03
3.133790e+03	9.481744e+02
3.424990e+03	8.549914e+02
3.752710e+03	7.794015e+02
4.295860e+03	6.914284e+02
4.968640e+03	6.163298e+02
5.762830e+03	5.530809e+02
7.360820e+03	4.679634e+02
8.974240e+03	4.101385e+02
1.159620e+04	3.457274e+02
1.539200e+04	2.842673e+02
2.113310e+04	2.245984e+02
2.667660e+04	1.860465e+02
3.607950e+04	1.419428e+02
4.700930e+04	1.086418e+02
6.808440e+04	7.020435e+01
