-1.000000e+02	7.243186e+11
-9.000000e+01	1.497812e+07
-8.000000e+01	5.081906e+07
-7.000000e+01	1.669413e+08
-6.000000e+01	5.986402e+08
-5.000000e+01	1.954682e+09
-4.000000e+01	4.889962e+09
-3.000000e+01	1.046725e+10
-2.000000e+01	1.886787e+10
-1.000000e+01	3.155786e+10
0.000000e+00	4.861947e+10
1.000000e+01	7.230401e+10
2.000000e+01	1.041572e+11
3.500000e+01	1.724251e+11
5.000000e+01	2.643573e+11
7.500000e+01	4.818835e+11
1.000000e+02	7.592530e+11
1.250000e+02	1.051508e+12
1.500000e+02	1.301849e+12
1.750000e+02	1.456812e+12
2.000000e+02	1.506461e+12
2.500000e+02	1.354421e+12
3.000000e+02	1.053910e+12
3.500000e+02	7.555474e+11
4.000000e+02	5.166822e+11
4.500000e+02	3.421705e+11
4.900000e+02	2.405404e+11
5.250000e+02	1.747608e+11
5.600000e+02	1.260281e+11
6.150000e+02	7.428586e+10
6.600000e+02	4.767200e+10
7.000000e+02	3.157290e+10
7.500000e+02	1.855092e+10
8.000000e+02	1.036814e+10
8.540000e+02	4.548605e+09
9.000000e+02	1.863590e+09
9.460000e+02	7.680809e+08
9.710000e+02	4.801943e+08
1.003000e+03	2.720159e+08
1.032000e+03	1.681196e+08
1.065000e+03	1.026834e+08
1.101000e+03	6.295736e+07
1.143000e+03	3.720772e+07
1.214000e+03	1.628782e+07
1.299000e+03	6.640697e+06
1.398000e+03	2.533631e+06
1.520000e+03	8.312575e+05
1.617000e+03	3.905854e+05
1.722000e+03	1.745318e+05
1.820000e+03	7.722343e+04
1.894000e+03	4.136844e+04
1.946000e+03	2.581496e+04
1.989000e+03	1.782183e+04
2.024000e+03	1.335172e+04
2.055000e+03	1.042333e+04
2.083000e+03	7.921639e+03
2.098000e+03	6.774155e+03
2.110000e+03	6.007499e+03
2.120000e+03	5.408252e+03
2.126000e+03	4.974331e+03
2.130000e+03	4.616092e+03
2.132000e+03	4.330456e+03
2.134000e+03	3.843750e+03
2.136000e+03	3.173882e+03
2.138000e+03	2.210766e+03
2.141930e+03	1.097252e+03
2.145160e+03	8.288221e+02
2.147050e+03	8.272861e+02
2.148650e+03	6.464138e+02
2.150120e+03	2.882820e+02
2.151160e+03	4.553706e+01
2.152030e+03	8.834120e+00
2.152870e+03	1.507580e+00
2.153480e+03	4.046242e-01
2.154070e+03	6.482674e-02
2.154730e+03	3.428593e-02
2.155500e+03	2.304394e-02
2.156160e+03	1.892043e-02
2.156820e+03	1.503592e-02
2.157570e+03	1.110344e-02
2.158210e+03	9.341269e-03
2.158840e+03	8.202391e-03
2.159420e+03	7.502483e-03
2.160010e+03	7.042774e-03
2.160630e+03	6.647545e-03
2.161260e+03	6.244944e-03
2.162290e+03	5.673017e-03
2.163290e+03	5.117788e-03
2.164560e+03	4.632958e-03
2.166030e+03	4.249050e-03
2.167690e+03	3.923915e-03
2.169990e+03	3.573725e-03
2.172320e+03	3.307037e-03
2.175280e+03	2.992354e-03
2.178740e+03	2.687383e-03
2.182440e+03	2.424869e-03
2.186080e+03	2.111279e-03
2.191460e+03	1.802157e-03
2.196520e+03	1.603824e-03
2.201920e+03	1.447338e-03
2.207660e+03	1.323089e-03
2.213740e+03	1.170792e-03
2.220040e+03	1.012330e-03
2.227740e+03	8.774791e-04
2.235290e+03	7.838357e-04
2.243320e+03	7.069803e-04
2.251640e+03	6.465092e-04
2.259430e+03	6.003565e-04
2.269690e+03	5.520664e-04
2.282380e+03	5.051039e-04
2.294370e+03	4.696479e-04
2.308550e+03	4.353588e-04
2.325780e+03	4.022300e-04
2.346100e+03	3.709804e-04
2.378190e+03	3.334091e-04
2.418660e+03	2.688335e-04
2.457900e+03	2.252916e-04
2.495560e+03	1.971661e-04
2.535470e+03	1.756881e-04
2.578230e+03	1.588112e-04
2.628320e+03	1.444849e-04
2.688100e+03	1.314211e-04
2.761490e+03	1.191819e-04
2.844400e+03	1.086148e-04
2.970760e+03	7.398364e-05
3.133790e+03	5.273986e-05
3.424990e+03	3.650178e-05
3.752710e+03	2.806336e-05
4.295860e+03	2.110272e-05
4.968640e+03	1.667074e-05
5.762830e+03	1.366431e-05
7.360820e+03	1.036536e-05
8.974240e+03	8.493160e-06
1.159620e+04	6.678451e-06
1.539200e+04	5.473365e-06
2.113310e+04	4.342744e-06
2.667660e+04	3.606997e-06
3.607950e+04	2.760446e-06
4.700930e+04	2.117895e-06
6.808440e+04	1.372652e-06
