-1.000000e+02	1.160761e+12
-9.000000e+01	4.938068e+08
-8.000000e+01	2.521627e+08
-7.000000e+01	1.177626e+08
-6.000000e+01	4.870126e+07
-5.000000e+01	1.703259e+07
-4.000000e+01	1.777475e+07
-3.000000e+01	1.857594e+07
-2.000000e+01	1.929733e+07
-1.000000e+01	1.994581e+07
0.000000e+00	2.069074e+07
1.000000e+01	2.121778e+07
2.000000e+01	2.189754e+07
3.500000e+01	2.276732e+07
5.000000e+01	2.350068e+07
7.500000e+01	2.677871e+08
1.000000e+02	1.282926e+09
1.250000e+02	2.493559e+09
1.500000e+02	2.670372e+09
1.750000e+02	4.043000e+09
2.000000e+02	5.911239e+09
2.500000e+02	5.532046e+09
3.000000e+02	3.887674e+09
3.500000e+02	2.564009e+09
4.000000e+02	1.536723e+09
4.500000e+02	8.784538e+08
4.900000e+02	6.405013e+08
5.250000e+02	5.267618e+08
5.600000e+02	4.657931e+08
6.150000e+02	5.047938e+08
6.600000e+02	7.015644e+08
7.000000e+02	1.323578e+09
7.500000e+02	3.116458e+09
8.000000e+02	5.016155e+09
8.540000e+02	5.926506e+09
9.000000e+02	6.322763e+09
9.460000e+02	6.517164e+09
9.710000e+02	6.669745e+09
1.003000e+03	6.315541e+09
1.032000e+03	6.059781e+09
1.065000e+03	5.510983e+09
1.101000e+03	4.768481e+09
1.143000e+03	3.922839e+09
1.214000e+03	2.645186e+09
1.299000e+03	1.610426e+09
1.398000e+03	8.813629e+08
1.520000e+03	4.152095e+08
1.617000e+03	2.303430e+08
1.722000e+03	1.227193e+08
1.820000e+03	6.920377e+07
1.894000e+03	4.520152e+07
1.946000e+03	3.377644e+07
1.989000e+03	2.676832e+07
2.024000e+03	2.229150e+07
2.055000e+03	1.903420e+07
2.083000e+03	1.657603e+07
2.098000e+03	1.541472e+07
2.110000e+03	1.456037e+07
2.120000e+03	1.388813e+07
2.126000e+03	1.346105e+07
2.130000e+03	1.314652e+07
2.132000e+03	1.293806e+07
2.134000e+03	1.261719e+07
2.136000e+03	1.213957e+07
2.138000e+03	1.125665e+07
2.141930e+03	9.257862e+06
2.145160e+03	7.587371e+06
2.147050e+03	6.254439e+06
2.148650e+03	5.259062e+06
2.150120e+03	4.400060e+06
2.151160e+03	3.816910e+06
2.152030e+03	3.370461e+06
2.152870e+03	2.984898e+06
2.153480e+03	2.736873e+06
2.154070e+03	2.524582e+06
2.154730e+03	2.309923e+06
2.155500e+03	2.102082e+06
2.156160e+03	1.954075e+06
2.156820e+03	1.828164e+06
2.157570e+03	1.710368e+06
2.158210e+03	1.626395e+06
2.158840e+03	1.554900e+06
2.159420e+03	1.496461e+06
2.160010e+03	1.445106e+06
2.160630e+03	1.396763e+06
2.161260e+03	1.353824e+06
2.162290e+03	1.292655e+06
2.163290e+03	1.241119e+06
2.164560e+03	1.185980e+06
2.166030e+03	1.131186e+06
2.167690e+03	1.078404e+06
2.169990e+03	1.017268e+06
2.172320e+03	9.646360e+05
2.175280e+03	9.062513e+05
2.178740e+03	8.490741e+05
2.182440e+03	7.958142e+05
2.186080e+03	7.572535e+05
2.191460e+03	7.108297e+05
2.196520e+03	6.753536e+05
2.201920e+03	6.432536e+05
2.207660e+03	6.145943e+05
2.213740e+03	5.881914e+05
2.220040e+03	5.646950e+05
2.227740e+03	5.396893e+05
2.235290e+03	5.187326e+05
2.243320e+03	4.986964e+05
2.251640e+03	4.807419e+05
2.259430e+03	4.655034e+05
2.269690e+03	4.479221e+05
2.282380e+03	4.289696e+05
2.294370e+03	4.132979e+05
2.308550e+03	3.968747e+05
2.325780e+03	3.797067e+05
2.346100e+03	3.622071e+05
2.378190e+03	3.393066e+05
2.418660e+03	3.164238e+05
2.457900e+03	2.983993e+05
2.495560e+03	2.839900e+05
2.535470e+03	2.710572e+05
2.578230e+03	2.594295e+05
2.628320e+03	2.483210e+05
2.688100e+03	2.370704e+05
2.761490e+03	2.254072e+05
2.844400e+03	2.143360e+05
2.970760e+03	2.005975e+05
3.133790e+03	1.866511e+05
3.424990e+03	1.683077e+05
3.752710e+03	1.534276e+05
4.295860e+03	1.361098e+05
4.968640e+03	1.213264e+05
5.762830e+03	1.088757e+05
7.360820e+03	9.212005e+04
8.974240e+03	8.073704e+04
1.159620e+04	6.805752e+04
1.539200e+04	5.595891e+04
2.113310e+04	4.421290e+04
2.667660e+04	3.662384e+04
3.607950e+04	2.794188e+04
4.700930e+04	2.138649e+04
6.808440e+04	1.381995e+04
