-1.000000e+02	4.277320e+12
-9.000000e+01	1.020916e+08
-8.000000e+01	2.662137e+08
-7.000000e+01	6.167936e+08
-6.000000e+01	1.303348e+09
-5.000000e+01	2.559641e+09
-4.000000e+01	4.732618e+09
-3.000000e+01	8.333568e+09
-2.000000e+01	1.398099e+10
-1.000000e+01	2.254686e+10
0.000000e+00	3.498457e+10
1.000000e+01	5.270391e+10
2.000000e+01	7.731749e+10
3.500000e+01	1.317034e+11
5.000000e+01	2.137182e+11
7.500000e+01	4.315632e+11
1.000000e+02	7.712887e+11
1.250000e+02	1.196510e+12
1.500000e+02	1.594077e+12
1.750000e+02	1.862677e+12
2.000000e+02	1.959845e+12
2.500000e+02	1.803181e+12
3.000000e+02	1.390555e+12
3.500000e+02	9.677014e+11
4.000000e+02	6.288169e+11
4.500000e+02	3.976077e+11
4.900000e+02	2.954517e+11
5.250000e+02	2.371336e+11
5.600000e+02	1.956548e+11
6.150000e+02	1.550195e+11
6.600000e+02	1.268459e+11
7.000000e+02	1.003576e+11
7.500000e+02	6.676353e+10
8.000000e+02	4.285791e+10
8.540000e+02	2.659708e+10
9.000000e+02	1.802848e+10
9.460000e+02	1.246395e+10
9.710000e+02	1.025876e+10
1.003000e+03	8.087824e+09
1.032000e+03	6.565124e+09
1.065000e+03	5.209990e+09
1.101000e+03	4.072927e+09
1.143000e+03	3.078949e+09
1.214000e+03	1.943248e+09
1.299000e+03	1.131145e+09
1.398000e+03	6.044455e+08
1.520000e+03	2.800465e+08
1.617000e+03	1.544063e+08
1.722000e+03	8.183626e+07
1.820000e+03	4.632707e+07
1.894000e+03	3.053775e+07
1.946000e+03	2.302659e+07
1.989000e+03	1.838323e+07
2.024000e+03	1.539624e+07
2.055000e+03	1.320476e+07
2.083000e+03	1.153938e+07
2.098000e+03	1.074876e+07
2.110000e+03	1.016536e+07
2.120000e+03	9.701605e+06
2.126000e+03	9.400402e+06
2.130000e+03	9.173885e+06
2.132000e+03	9.018471e+06
2.134000e+03	8.772279e+06
2.136000e+03	8.406024e+06
2.138000e+03	7.793832e+06
2.141930e+03	6.512533e+06
2.145160e+03	5.437323e+06
2.147050e+03	4.498618e+06
2.148650e+03	3.789791e+06
2.150120e+03	3.174919e+06
2.151160e+03	2.746545e+06
2.152030e+03	2.405535e+06
2.152870e+03	2.114220e+06
2.153480e+03	1.937595e+06
2.154070e+03	1.793297e+06
2.154730e+03	1.648262e+06
2.155500e+03	1.506475e+06
2.156160e+03	1.400243e+06
2.156820e+03	1.284224e+06
2.157570e+03	1.191942e+06
2.158210e+03	1.132736e+06
2.158840e+03	1.083054e+06
2.159420e+03	1.042586e+06
2.160010e+03	1.007040e+06
2.160630e+03	9.733070e+05
2.161260e+03	9.427105e+05
2.162290e+03	8.994825e+05
2.163290e+03	8.632923e+05
2.164560e+03	8.242241e+05
2.166030e+03	7.859463e+05
2.167690e+03	7.494842e+05
2.169990e+03	7.077133e+05
2.172320e+03	6.727270e+05
2.175280e+03	6.356466e+05
2.178740e+03	6.000290e+05
2.182440e+03	5.683096e+05
2.186080e+03	5.420192e+05
2.191460e+03	5.096679e+05
2.196520e+03	4.844745e+05
2.201920e+03	4.615072e+05
2.207660e+03	4.409799e+05
2.213740e+03	4.220416e+05
2.220040e+03	4.051846e+05
2.227740e+03	3.872449e+05
2.235290e+03	3.722079e+05
2.243320e+03	3.578312e+05
2.251640e+03	3.449483e+05
2.259430e+03	3.340141e+05
2.269690e+03	3.213989e+05
2.282380e+03	3.077998e+05
2.294370e+03	2.965548e+05
2.308550e+03	2.847706e+05
2.325780e+03	2.724520e+05
2.346100e+03	2.598955e+05
2.378190e+03	2.434635e+05
2.418660e+03	2.270444e+05
2.457900e+03	2.141111e+05
2.495560e+03	2.037720e+05
2.535470e+03	1.944922e+05
2.578230e+03	1.861490e+05
2.628320e+03	1.781783e+05
2.688100e+03	1.701056e+05
2.761490e+03	1.617369e+05
2.844400e+03	1.537929e+05
2.970760e+03	1.439351e+05
3.133790e+03	1.339281e+05
3.424990e+03	1.207661e+05
3.752710e+03	1.100892e+05
4.295860e+03	9.766313e+04
4.968640e+03	8.705558e+04
5.762830e+03	7.812177e+04
7.360820e+03	6.609906e+04
8.974240e+03	5.793139e+04
1.159620e+04	4.883342e+04
1.539200e+04	4.015229e+04
2.113310e+04	3.172415e+04
2.667660e+04	2.627876e+04
3.607950e+04	2.004918e+04
4.700930e+04	1.534548e+04
6.808440e+04	9.916250e+03
