-1.000000e+02	1.366000e+17
-9.000000e+01	1.351443e+17
-8.000000e+01	1.336351e+17
-7.000000e+01	1.325872e+17
-6.000000e+01	1.315001e+17
-5.000000e+01	1.302346e+17
-4.000000e+01	1.287225e+17
-3.000000e+01	1.273805e+17
-2.000000e+01	1.250814e+17
-1.000000e+01	1.223235e+17
0.000000e+00	1.187334e+17
1.000000e+01	1.148366e+17
2.000000e+01	1.106287e+17
3.500000e+01	1.040054e+17
5.000000e+01	9.685090e+16
7.500000e+01	8.439413e+16
1.000000e+02	7.250095e+16
1.250000e+02	6.155691e+16
1.500000e+02	5.178710e+16
1.750000e+02	4.304298e+16
2.000000e+02	3.553660e+16
2.500000e+02	2.382849e+16
3.000000e+02	1.579276e+16
3.500000e+02	1.036098e+16
4.000000e+02	6.736481e+15
4.500000e+02	4.330460e+15
4.900000e+02	2.999502e+15
5.250000e+02	2.160132e+15
5.600000e+02	1.548360e+15
6.150000e+02	9.084669e+14
6.600000e+02	5.843853e+14
7.000000e+02	3.928237e+14
7.500000e+02	2.413557e+14
8.000000e+02	1.501047e+14
8.540000e+02	9.126431e+13
9.000000e+02	6.117881e+13
9.460000e+02	4.206425e+13
9.710000e+02	3.455651e+13
1.003000e+03	2.719576e+13
1.032000e+03	2.204932e+13
1.065000e+03	1.747396e+13
1.101000e+03	1.364192e+13
1.143000e+03	1.030473e+13
1.214000e+03	6.503944e+12
1.299000e+03	3.788255e+12
1.398000e+03	2.025791e+12
1.520000e+03	9.550469e+11
1.617000e+03	5.400986e+11
1.722000e+03	2.978026e+11
1.820000e+03	1.768897e+11
1.894000e+03	1.201770e+11
1.946000e+03	9.310878e+10
1.989000e+03	7.614359e+10
2.024000e+03	6.507589e+10
2.055000e+03	5.690924e+10
2.083000e+03	5.002002e+10
2.098000e+03	4.658679e+10
2.110000e+03	4.407589e+10
2.120000e+03	4.205290e+10
2.126000e+03	4.082853e+10
2.130000e+03	3.999977e+10
2.132000e+03	3.948756e+10
2.134000e+03	3.878997e+10
2.136000e+03	3.785242e+10
2.138000e+03	3.632634e+10
2.141930e+03	3.285803e+10
2.145160e+03	2.807092e+10
2.147050e+03	2.192235e+10
2.148650e+03	1.716514e+10
2.150120e+03	1.311187e+10
2.151160e+03	1.087286e+10
2.152030e+03	9.428377e+09
2.152870e+03	8.291067e+09
2.153480e+03	7.524301e+09
2.154070e+03	6.867064e+09
2.154730e+03	6.266794e+09
2.155500e+03	5.716566e+09
2.156160e+03	5.327850e+09
2.156820e+03	4.994485e+09
2.157570e+03	4.678758e+09
2.158210e+03	4.452551e+09
2.158840e+03	4.259247e+09
2.159420e+03	4.100838e+09
2.160010e+03	3.961361e+09
2.160630e+03	3.828835e+09
2.161260e+03	3.708556e+09
2.162290e+03	3.538554e+09
2.163290e+03	3.396201e+09
2.164560e+03	3.242506e+09
2.166030e+03	3.091935e+09
2.167690e+03	2.948499e+09
2.169990e+03	2.784168e+09
2.172320e+03	2.646525e+09
2.175280e+03	2.500641e+09
2.178740e+03	2.360513e+09
2.182440e+03	2.235722e+09
2.186080e+03	2.132290e+09
2.191460e+03	2.005015e+09
2.196520e+03	1.905901e+09
2.201920e+03	1.815546e+09
2.207660e+03	1.734790e+09
2.213740e+03	1.660286e+09
2.220040e+03	1.593970e+09
2.227740e+03	1.523395e+09
2.235290e+03	1.464239e+09
2.243320e+03	1.407681e+09
2.251640e+03	1.357000e+09
2.259430e+03	1.313985e+09
2.269690e+03	1.264357e+09
2.282380e+03	1.210859e+09
2.294370e+03	1.166622e+09
2.308550e+03	1.120263e+09
2.325780e+03	1.071803e+09
2.346100e+03	1.022406e+09
2.378190e+03	9.577636e+08
2.418660e+03	8.931716e+08
2.457900e+03	8.422932e+08
2.495560e+03	8.016197e+08
2.535470e+03	7.651140e+08
2.578230e+03	7.322923e+08
2.628320e+03	7.009362e+08
2.688100e+03	6.691788e+08
2.761490e+03	6.362570e+08
2.844400e+03	6.050062e+08
2.970760e+03	5.662263e+08
3.133790e+03	5.268597e+08
3.424990e+03	4.750818e+08
3.752710e+03	4.330798e+08
4.295860e+03	3.841969e+08
4.968640e+03	3.424678e+08
5.762830e+03	3.073231e+08
7.360820e+03	2.600270e+08
8.974240e+03	2.278962e+08
1.159620e+04	1.921057e+08
1.539200e+04	1.579550e+08
2.113310e+04	1.247996e+08
2.667660e+04	1.033780e+08
3.607950e+04	7.887146e+07
4.700930e+04	6.036758e+07
6.808440e+04	3.900953e+07
