-1.000000e+02	2.787260e+11
-9.000000e+01	3.902972e+10
-8.000000e+01	4.005212e+10
-7.000000e+01	4.131856e+10
-6.000000e+01	4.271109e+10
-5.000000e+01	4.419488e+10
-4.000000e+01	4.572697e+10
-3.000000e+01	4.738712e+10
-2.000000e+01	4.883001e+10
-1.000000e+01	5.022245e+10
0.000000e+00	5.136894e+10
1.000000e+01	5.248190e+10
2.000000e+01	5.348387e+10
3.500000e+01	5.486049e+10
5.000000e+01	5.590077e+10
7.500000e+01	5.693745e+10
1.000000e+02	5.758505e+10
1.250000e+02	5.790839e+10
1.500000e+02	5.802348e+10
1.750000e+02	5.771589e+10
2.000000e+02	5.724082e+10
2.500000e+02	5.588482e+10
3.000000e+02	5.452965e+10
3.500000e+02	5.320946e+10
4.000000e+02	5.193763e+10
4.500000e+02	5.059025e+10
4.900000e+02	4.913490e+10
5.250000e+02	4.767638e+10
5.600000e+02	4.609134e+10
6.150000e+02	4.320752e+10
6.600000e+02	4.057843e+10
7.000000e+02	3.789397e+10
7.500000e+02	3.460669e+10
8.000000e+02	3.141242e+10
8.540000e+02	2.808594e+10
9.000000e+02	2.567417e+10
9.460000e+02	2.373404e+10
9.710000e+02	2.278758e+10
1.003000e+03	2.180057e+10
1.032000e+03	2.102856e+10
1.065000e+03	2.024112e+10
1.101000e+03	1.946976e+10
1.143000e+03	1.868088e+10
1.214000e+03	1.751470e+10
1.299000e+03	1.620556e+10
1.398000e+03	1.468891e+10
1.520000e+03	1.278133e+10
1.617000e+03	1.129511e+10
1.722000e+03	9.715938e+09
1.820000e+03	8.300705e+09
1.894000e+03	7.270563e+09
1.946000e+03	6.583187e+09
1.989000e+03	6.041418e+09
2.024000e+03	5.622295e+09
2.055000e+03	5.267918e+09
2.083000e+03	4.964265e+09
2.098000e+03	4.807295e+09
2.110000e+03	4.685532e+09
2.120000e+03	4.584551e+09
2.126000e+03	4.515823e+09
2.130000e+03	4.462350e+09
2.132000e+03	4.424391e+09
2.134000e+03	4.362911e+09
2.136000e+03	4.270450e+09
2.138000e+03	4.101244e+09
2.141930e+03	3.683398e+09
2.145160e+03	3.059975e+09
2.147050e+03	2.353536e+09
2.148650e+03	1.937349e+09
2.150120e+03	1.621969e+09
2.151160e+03	1.410460e+09
2.152030e+03	1.248353e+09
2.152870e+03	1.108696e+09
2.153480e+03	1.019479e+09
2.154070e+03	9.434418e+08
2.154730e+03	8.664102e+08
2.155500e+03	7.907578e+08
2.156160e+03	7.362779e+08
2.156820e+03	6.892744e+08
2.157570e+03	6.443464e+08
2.158210e+03	6.121353e+08
2.158840e+03	5.845535e+08
2.159420e+03	5.620033e+08
2.160010e+03	5.421583e+08
2.160630e+03	5.233624e+08
2.161260e+03	5.063140e+08
2.162290e+03	4.822238e+08
2.163290e+03	4.621553e+08
2.164560e+03	4.405171e+08
2.166030e+03	4.193741e+08
2.167690e+03	3.992969e+08
2.169990e+03	3.763676e+08
2.172320e+03	3.573014e+08
2.175280e+03	3.371610e+08
2.178740e+03	3.178884e+08
2.182440e+03	3.007715e+08
2.186080e+03	2.866197e+08
2.191460e+03	2.692703e+08
2.196520e+03	2.558069e+08
2.201920e+03	2.435644e+08
2.207660e+03	2.326804e+08
2.213740e+03	2.226409e+08
2.220040e+03	2.137734e+08
2.227740e+03	2.043501e+08
2.235290e+03	1.965398e+08
2.243320e+03	1.890993e+08
2.251640e+03	1.824850e+08
2.259430e+03	1.768927e+08
2.269690e+03	1.704971e+08
2.282380e+03	1.636471e+08
2.294370e+03	1.580450e+08
2.308550e+03	1.522113e+08
2.325780e+03	1.461935e+08
2.346100e+03	1.401242e+08
2.378190e+03	1.323090e+08
2.418660e+03	1.246922e+08
2.457900e+03	1.188208e+08
2.495560e+03	1.142301e+08
2.535470e+03	1.102020e+08
2.578230e+03	1.066534e+08
2.628320e+03	1.033267e+08
2.688100e+03	1.000772e+08
2.761490e+03	9.682833e+07
2.844400e+03	9.385512e+07
2.970760e+03	9.032182e+07
3.133790e+03	8.688308e+07
3.424990e+03	8.250261e+07
3.752710e+03	7.886420e+07
4.295860e+03	7.419618e+07
4.968640e+03	6.942364e+07
5.762830e+03	6.457550e+07
7.360820e+03	5.670432e+07
8.974240e+03	5.053094e+07
1.159620e+04	4.308767e+07
1.539200e+04	3.563254e+07
2.113310e+04	2.821663e+07
2.667660e+04	2.338239e+07
3.607950e+04	1.783545e+07
4.700930e+04	1.363915e+07
6.808440e+04	8.795960e+06
