-1.000000e+02	1.117386e+10
-9.000000e+01	1.580391e+09
-8.000000e+01	1.621075e+09
-7.000000e+01	1.671368e+09
-6.000000e+01	1.726507e+09
-5.000000e+01	1.785050e+09
-4.000000e+01	1.845241e+09
-3.000000e+01	1.910141e+09
-2.000000e+01	1.965941e+09
-1.000000e+01	2.019372e+09
0.000000e+00	2.062925e+09
1.000000e+01	2.104801e+09
2.000000e+01	2.142042e+09
3.500000e+01	2.192260e+09
5.000000e+01	2.228739e+09
7.500000e+01	2.261020e+09
1.000000e+02	2.274063e+09
1.250000e+02	2.268399e+09
1.500000e+02	2.245853e+09
1.750000e+02	2.206425e+09
2.000000e+02	2.158444e+09
2.500000e+02	2.050500e+09
3.000000e+02	1.923777e+09
3.500000e+02	1.771639e+09
4.000000e+02	1.586371e+09
4.500000e+02	1.380392e+09
4.900000e+02	1.260919e+09
5.250000e+02	1.188762e+09
5.600000e+02	1.143337e+09
6.150000e+02	1.150827e+09
6.600000e+02	1.204705e+09
7.000000e+02	1.275483e+09
7.500000e+02	1.290557e+09
8.000000e+02	1.229473e+09
8.540000e+02	1.118413e+09
9.000000e+02	1.027241e+09
9.460000e+02	9.520477e+08
9.710000e+02	9.150839e+08
1.003000e+03	8.762852e+08
1.032000e+03	8.457998e+08
1.065000e+03	8.145901e+08
1.101000e+03	7.838588e+08
1.143000e+03	7.523246e+08
1.214000e+03	7.055371e+08
1.299000e+03	6.529027e+08
1.398000e+03	5.918746e+08
1.520000e+03	5.150996e+08
1.617000e+03	4.552744e+08
1.722000e+03	3.916982e+08
1.820000e+03	3.347142e+08
1.894000e+03	2.932750e+08
1.946000e+03	2.656232e+08
1.989000e+03	2.438245e+08
2.024000e+03	2.269572e+08
2.055000e+03	2.126932e+08
2.083000e+03	2.004703e+08
2.098000e+03	1.941520e+08
2.110000e+03	1.892511e+08
2.120000e+03	1.851905e+08
2.126000e+03	1.824346e+08
2.130000e+03	1.802961e+08
2.132000e+03	1.787842e+08
2.134000e+03	1.763432e+08
2.136000e+03	1.726754e+08
2.138000e+03	1.659688e+08
2.141930e+03	1.493076e+08
2.145160e+03	1.242413e+08
2.147050e+03	9.564143e+07
2.148650e+03	7.859951e+07
2.150120e+03	6.557886e+07
2.151160e+03	5.692890e+07
2.152030e+03	5.027715e+07
2.152870e+03	4.453877e+07
2.153480e+03	4.087175e+07
2.154070e+03	3.779133e+07
2.154730e+03	3.471294e+07
2.155500e+03	3.167284e+07
2.156160e+03	2.947810e+07
2.156820e+03	2.758236e+07
2.157570e+03	2.576870e+07
2.158210e+03	2.446808e+07
2.158840e+03	2.335742e+07
2.159420e+03	2.245278e+07
2.160010e+03	2.165617e+07
2.160630e+03	2.090142e+07
2.161260e+03	2.021662e+07
2.162290e+03	1.924870e+07
2.163290e+03	1.844237e+07
2.164560e+03	1.757293e+07
2.166030e+03	1.672348e+07
2.167690e+03	1.591703e+07
2.169990e+03	1.499692e+07
2.172320e+03	1.424514e+07
2.175280e+03	1.344848e+07
2.178740e+03	1.268425e+07
2.182440e+03	1.200427e+07
2.186080e+03	1.144136e+07
2.191460e+03	1.075056e+07
2.196520e+03	1.021403e+07
2.201920e+03	9.725874e+06
2.207660e+03	9.291701e+06
2.213740e+03	8.891062e+06
2.220040e+03	8.537112e+06
2.227740e+03	8.160881e+06
2.235290e+03	7.849005e+06
2.243320e+03	7.551858e+06
2.251640e+03	7.287674e+06
2.259430e+03	7.064287e+06
2.269690e+03	6.808791e+06
2.282380e+03	6.535186e+06
2.294370e+03	6.311909e+06
2.308550e+03	6.079328e+06
2.325780e+03	5.839333e+06
2.346100e+03	5.597210e+06
2.378190e+03	5.285346e+06
2.418660e+03	4.981298e+06
2.457900e+03	4.746867e+06
2.495560e+03	4.563535e+06
2.535470e+03	4.403088e+06
2.578230e+03	4.262135e+06
2.628320e+03	4.129869e+06
2.688100e+03	4.000591e+06
2.761490e+03	3.871261e+06
2.844400e+03	3.752842e+06
2.970760e+03	3.612042e+06
3.133790e+03	3.474941e+06
3.424990e+03	3.300217e+06
3.752710e+03	3.155066e+06
4.295860e+03	2.968846e+06
4.968640e+03	2.778472e+06
5.762830e+03	2.585056e+06
7.360820e+03	2.270833e+06
8.974240e+03	2.024220e+06
1.159620e+04	1.726669e+06
1.539200e+04	1.428413e+06
2.113310e+04	1.130972e+06
2.667660e+04	9.370737e+05
3.607950e+04	7.146561e+05
4.700930e+04	5.460770e+05
6.808440e+04	3.515235e+05
