2.046846e+05
2.034410e+05
2.021615e+05
2.008401e+05
1.994735e+05
1.980595e+05
1.965953e+05
1.950823e+05
1.935247e+05
1.919272e+05
1.902941e+05
1.886278e+05
1.860721e+05
1.834595e+05
1.790229e+05
1.745201e+05
1.699791e+05
1.654207e+05
1.608698e+05
1.563494e+05
1.474503e+05
1.387629e+05
1.302836e+05
1.220051e+05
1.139290e+05
1.076435e+05
1.023038e+05
9.713183e+04
8.939473e+04
8.345836e+04
7.851960e+04
7.282093e+04
6.763425e+04
6.258821e+04
5.870286e+04
5.513143e+04
5.330305e+04
5.106004e+04
4.910736e+04
4.696625e+04
4.471867e+04
4.219943e+04
3.815852e+04
3.365109e+04
2.884128e+04
2.357316e+04
1.990288e+04
1.643797e+04
1.366629e+04
1.185702e+04
1.072529e+04
9.872311e+03
9.230761e+03
8.700176e+03
8.249869e+03
8.019441e+03
7.840352e+03
7.694610e+03
7.608764e+03
7.552302e+03
7.524358e+03
7.496727e+03
7.469580e+03
7.443256e+03
7.395164e+03
7.360927e+03
7.344843e+03
7.334049e+03
7.325819e+03
7.320856e+03
7.317214e+03
7.314094e+03
7.312047e+03
7.310220e+03
7.308335e+03
7.306321e+03
7.304729e+03
7.303242e+03
7.301661e+03
7.300390e+03
7.299197e+03
7.298145e+03
7.297114e+03
7.296069e+03
7.295042e+03
7.293430e+03
7.291934e+03
7.290117e+03
7.288114e+03
7.285959e+03
7.283129e+03
7.280418e+03
7.277157e+03
7.273561e+03
7.269929e+03
7.266537e+03
7.261791e+03
7.257574e+03
7.253294e+03
7.248955e+03
7.244560e+03
7.240195e+03
7.235083e+03
7.230276e+03
7.225358e+03
7.220448e+03
7.216001e+03
7.210338e+03
7.203602e+03
7.197473e+03
7.190483e+03
7.182313e+03
7.173068e+03
7.159175e+03
7.142645e+03
7.127457e+03
7.113506e+03
7.099268e+03
7.084528e+03
7.067810e+03
7.048483e+03
7.025515e+03
7.000388e+03
6.963401e+03
6.917488e+03
6.839103e+03
6.755063e+03
6.622967e+03
6.469455e+03
6.300404e+03
5.992845e+03
5.718260e+03
5.329146e+03
4.856029e+03
4.276655e+03
3.823802e+03
3.212307e+03
2.669338e+03
1.930721e+03
