-1.000000e+02	1.000000e+00
-9.000000e+01	1.000000e+00
-8.000000e+01	1.000000e+00
-7.000000e+01	1.000000e+00
-6.000000e+01	1.000000e+00
-5.000000e+01	1.000000e+00
-4.000000e+01	1.000000e+00
-3.000000e+01	1.000000e+00
-2.000000e+01	1.000000e+00
-1.000000e+01	1.000000e+00
0.000000e+00	1.000000e+00
1.000000e+01	1.000000e+00
2.000000e+01	1.000000e+00
3.500000e+01	1.000000e+00
5.000000e+01	1.000000e+00
7.500000e+01	1.000000e+00
1.000000e+02	1.000000e+00
1.250000e+02	1.000000e+00
1.500000e+02	1.000000e+00
1.750000e+02	1.000000e+00
2.000000e+02	1.000000e+00
2.500000e+02	1.000000e+00
3.000000e+02	9.944141e-01
3.500000e+02	9.902900e-01
4.000000e+02	9.726777e-01
4.500000e+02	9.598242e-01
4.900000e+02	9.391823e-01
5.250000e+02	9.232196e-01
5.600000e+02	9.089609e-01
6.150000e+02	9.191204e-01
6.600000e+02	9.958995e-01
7.000000e+02	1.123143e+00
7.500000e+02	1.341981e+00
8.000000e+02	1.618932e+00
8.540000e+02	1.876587e+00
9.000000e+02	2.052449e+00
9.460000e+02	2.235181e+00
9.710000e+02	2.316549e+00
1.003000e+03	2.403577e+00
1.032000e+03	2.468087e+00
1.065000e+03	2.525438e+00
1.101000e+03	2.597524e+00
1.143000e+03	2.662498e+00
1.214000e+03	2.750850e+00
1.299000e+03	2.841367e+00
1.398000e+03	2.948253e+00
1.520000e+03	3.084975e+00
1.617000e+03	3.250675e+00
1.722000e+03	3.449121e+00
1.820000e+03	3.854821e+00
1.894000e+03	4.240589e+00
1.946000e+03	4.764820e+00
1.989000e+03	5.535433e+00
2.024000e+03	6.681650e+00
2.055000e+03	8.659748e+00
2.083000e+03	6.457105e+00
2.098000e+03	1.400000e+00
2.110000e+03	1.400000e+00
2.120000e+03	1.400000e+00
