-1.000000e+02	1.366000e+16
-9.000000e+01	1.351443e+16
-8.000000e+01	1.336351e+16
-7.000000e+01	1.325872e+16
-6.000000e+01	1.315001e+16
-5.000000e+01	1.302346e+16
-4.000000e+01	1.287225e+16
-3.000000e+01	1.273805e+16
-2.000000e+01	1.250814e+16
-1.000000e+01	1.223235e+16
0.000000e+00	1.187334e+16
1.000000e+01	1.148366e+16
2.000000e+01	1.106287e+16
3.500000e+01	1.040054e+16
5.000000e+01	9.685090e+15
7.500000e+01	8.439413e+15
1.000000e+02	7.250095e+15
1.250000e+02	6.155691e+15
1.500000e+02	5.178710e+15
1.750000e+02	4.304298e+15
2.000000e+02	3.553660e+15
2.500000e+02	2.382849e+15
3.000000e+02	1.579276e+15
3.500000e+02	1.036098e+15
4.000000e+02	6.736481e+14
4.500000e+02	4.330460e+14
4.900000e+02	2.999502e+14
5.250000e+02	2.160132e+14
5.600000e+02	1.548360e+14
6.150000e+02	9.084669e+13
6.600000e+02	5.843853e+13
7.000000e+02	3.928237e+13
7.500000e+02	2.413557e+13
8.000000e+02	1.501047e+13
8.540000e+02	9.126431e+12
9.000000e+02	6.117881e+12
9.460000e+02	4.206425e+12
9.710000e+02	3.455651e+12
1.003000e+03	2.719576e+12
1.032000e+03	2.204932e+12
1.065000e+03	1.747396e+12
1.101000e+03	1.364192e+12
1.143000e+03	1.030473e+12
1.214000e+03	6.503944e+11
1.299000e+03	3.788255e+11
1.398000e+03	2.025791e+11
1.520000e+03	9.550469e+10
1.617000e+03	5.400986e+10
1.722000e+03	2.978026e+10
1.820000e+03	1.768896e+10
1.894000e+03	1.201770e+10
1.946000e+03	9.310877e+09
1.989000e+03	7.614358e+09
2.024000e+03	6.507587e+09
2.055000e+03	5.690919e+09
2.083000e+03	5.001993e+09
2.098000e+03	4.658665e+09
2.110000e+03	4.407563e+09
2.120000e+03	4.205257e+09
