-1.000000e+02	1.907612e+09
-9.000000e+01	9.920174e+08
-8.000000e+01	4.834686e+08
-7.000000e+01	2.010446e+08
-6.000000e+01	7.591823e+07
-5.000000e+01	2.651364e+07
-4.000000e+01	8.796397e+06
-3.000000e+01	2.662650e+06
-2.000000e+01	8.977387e+05
-1.000000e+01	3.050789e+05
0.000000e+00	1.179785e+05
1.000000e+01	4.546529e+04
2.000000e+01	1.840467e+04
3.500000e+01	4.924164e+03
5.000000e+01	1.552848e+03
7.500000e+01	3.246117e+02
1.000000e+02	7.823053e+01
1.250000e+02	2.166746e+01
1.500000e+02	6.479493e+00
1.750000e+02	2.641657e+00
2.000000e+02	1.217299e+00
2.500000e+02	3.656479e-01
3.000000e+02	1.037828e-01
3.500000e+02	2.692328e-02
4.000000e+02	6.120593e-03
4.500000e+02	1.389769e-03
4.900000e+02	6.566713e-04
5.250000e+02	4.400345e-04
5.600000e+02	3.679315e-04
6.150000e+02	5.791796e-04
6.600000e+02	1.618979e-03
7.000000e+02	8.452784e-03
7.500000e+02	7.339251e-02
8.000000e+02	6.887574e-01
8.540000e+02	8.760560e+00
9.000000e+02	5.603023e+01
9.460000e+02	2.359550e+02
9.710000e+02	4.735514e+02
1.003000e+03	8.687943e+02
1.032000e+03	1.294973e+03
1.065000e+03	1.829469e+03
1.101000e+03	2.352074e+03
1.143000e+03	2.708366e+03
1.214000e+03	2.608428e+03
1.299000e+03	2.026213e+03
1.398000e+03	1.279957e+03
1.520000e+03	8.851588e+02
1.617000e+03	7.188515e+02
1.722000e+03	6.026216e+02
1.820000e+03	6.240442e+02
1.894000e+03	6.563460e+02
1.946000e+03	7.991694e+02
1.989000e+03	1.108045e+03
2.024000e+03	1.762411e+03
2.055000e+03	4.107655e+03
2.083000e+03	9.613171e+03
2.098000e+03	1.430802e+04
2.110000e+03	2.567147e+04
2.120000e+03	3.306010e+04
