-1.000000e+02	2.586453e+10
-9.000000e+01	2.676809e+10
-8.000000e+01	2.780428e+10
-7.000000e+01	2.936184e+10
-6.000000e+01	3.118585e+10
-5.000000e+01	3.320770e+10
-4.000000e+01	3.534643e+10
-3.000000e+01	3.790196e+10
-2.000000e+01	3.982220e+10
-1.000000e+01	4.153919e+10
0.000000e+00	4.245238e+10
1.000000e+01	4.319955e+10
2.000000e+01	4.363145e+10
3.500000e+01	4.413372e+10
5.000000e+01	4.407751e+10
7.500000e+01	4.275760e+10
1.000000e+02	4.191722e+10
1.250000e+02	4.086431e+10
1.500000e+02	3.975808e+10
1.750000e+02	3.555817e+10
2.000000e+02	3.058801e+10
2.500000e+02	2.009289e+10
3.000000e+02	1.327923e+10
3.500000e+02	8.825230e+09
4.000000e+02	6.011743e+09
4.500000e+02	4.007700e+09
4.900000e+02	2.489087e+09
5.250000e+02	1.504246e+09
5.600000e+02	8.390979e+08
6.150000e+02	2.631092e+08
6.600000e+02	8.179773e+07
7.000000e+02	2.408160e+07
7.500000e+02	6.042335e+06
8.000000e+02	1.833730e+06
8.540000e+02	5.993019e+05
9.000000e+02	2.642455e+05
9.460000e+02	1.245249e+05
9.710000e+02	8.497867e+04
1.003000e+03	5.481791e+04
1.032000e+03	3.792722e+04
1.065000e+03	2.550035e+04
1.101000e+03	1.717763e+04
1.143000e+03	1.109677e+04
1.214000e+03	5.640488e+03
1.299000e+03	2.721778e+03
1.398000e+03	1.300646e+03
1.520000e+03	4.431635e+02
1.617000e+03	1.825115e+02
1.722000e+03	6.921248e+01
1.820000e+03	2.454493e+01
1.894000e+03	1.116115e+01
1.946000e+03	5.675569e+00
1.989000e+03	2.823682e+00
2.024000e+03	1.331487e+00
2.055000e+03	4.485922e-01
2.083000e+03	1.533807e-01
2.098000e+03	9.177480e-02
2.110000e+03	4.700409e-02
2.120000e+03	3.501273e-02
