-1.000000e+02	4.602143e+12
-9.000000e+01	1.324249e+11
-8.000000e+01	1.408931e+11
-7.000000e+01	1.507197e+11
-6.000000e+01	1.615873e+11
-5.000000e+01	1.734390e+11
-4.000000e+01	1.861587e+11
-3.000000e+01	2.000972e+11
-2.000000e+01	2.138802e+11
-1.000000e+01	2.281969e+11
0.000000e+00	2.421380e+11
1.000000e+01	2.566586e+11
2.000000e+01	2.713563e+11
3.500000e+01	2.941038e+11
5.000000e+01	3.166136e+11
7.500000e+01	3.532642e+11
1.000000e+02	3.910570e+11
1.250000e+02	4.299341e+11
1.500000e+02	4.702096e+11
1.750000e+02	5.097027e+11
2.000000e+02	5.497761e+11
2.500000e+02	6.308735e+11
3.000000e+02	7.148253e+11
3.500000e+02	7.967064e+11
4.000000e+02	8.679235e+11
4.500000e+02	9.179078e+11
4.900000e+02	9.487131e+11
5.250000e+02	9.729281e+11
5.600000e+02	9.966127e+11
6.150000e+02	1.045580e+12
6.600000e+02	1.088654e+12
7.000000e+02	1.118842e+12
7.500000e+02	1.110103e+12
8.000000e+02	1.052536e+12
8.540000e+02	9.523955e+11
9.000000e+02	8.615719e+11
9.460000e+02	7.766737e+11
9.710000e+02	7.312580e+11
1.003000e+03	6.781685e+11
1.032000e+03	6.321805e+11
1.065000e+03	5.813023e+11
1.101000e+03	5.275630e+11
1.143000e+03	4.679221e+11
1.214000e+03	3.744584e+11
1.299000e+03	2.756114e+11
1.398000e+03	1.825786e+11
1.520000e+03	1.025061e+11
1.617000e+03	6.278170e+10
1.722000e+03	3.614533e+10
1.820000e+03	2.143366e+10
1.894000e+03	1.439153e+10
1.946000e+03	1.091653e+10
1.989000e+03	8.715530e+09
2.024000e+03	7.282531e+09
2.055000e+03	6.230175e+09
2.083000e+03	5.432886e+09
2.098000e+03	5.054933e+09
2.110000e+03	4.776593e+09
2.120000e+03	4.559369e+09
2.126000e+03	4.426353e+09
2.130000e+03	4.332691e+09
2.132000e+03	4.275881e+09
2.134000e+03	4.197313e+09
2.136000e+03	4.089727e+09
2.138000e+03	3.907966e+09
2.141930e+03	3.459463e+09
2.145160e+03	2.764790e+09
2.147050e+03	2.002621e+09
2.148650e+03	1.637648e+09
2.150120e+03	1.370161e+09
2.151160e+03	1.190681e+09
2.152030e+03	1.052237e+09
2.152870e+03	9.320949e+08
2.153480e+03	8.551701e+08
2.154070e+03	7.894504e+08
2.154730e+03	7.229817e+08
2.155500e+03	6.585052e+08
2.156160e+03	6.124841e+08
2.156820e+03	5.730951e+08
2.157570e+03	5.359687e+08
2.158210e+03	5.094786e+08
2.158840e+03	4.869164e+08
2.159420e+03	4.684741e+08
2.160010e+03	4.522708e+08
2.160630e+03	4.369011e+08
2.161260e+03	4.229743e+08
2.162290e+03	4.033246e+08
2.163290e+03	3.868942e+08
2.164560e+03	3.691784e+08
2.166030e+03	3.518380e+08
2.167690e+03	3.353311e+08
2.169990e+03	3.164273e+08
2.172320e+03	3.005922e+08
2.175280e+03	2.837976e+08
2.178740e+03	2.676454e+08
2.182440e+03	2.532349e+08
2.186080e+03	2.412719e+08
2.191460e+03	2.265269e+08
2.196520e+03	2.150273e+08
2.201920e+03	2.045331e+08
2.207660e+03	1.951500e+08
2.213740e+03	1.864921e+08
2.220040e+03	1.787904e+08
2.227740e+03	1.706009e+08
2.235290e+03	1.637481e+08
2.243320e+03	1.572068e+08
2.251640e+03	1.513573e+08
2.259430e+03	1.464021e+08
2.269690e+03	1.406989e+08
2.282380e+03	1.345744e+08
2.294370e+03	1.295222e+08
2.308550e+03	1.242386e+08
2.325780e+03	1.187291e+08
2.346100e+03	1.131263e+08
2.378190e+03	1.058150e+08
2.418660e+03	9.853271e+07
2.457900e+03	9.281109e+07
2.495560e+03	8.824589e+07
2.535470e+03	8.415460e+07
2.578230e+03	8.048047e+07
2.628320e+03	7.697372e+07
2.688100e+03	7.343328e+07
2.761490e+03	6.977225e+07
2.844400e+03	6.630064e+07
2.970760e+03	6.199677e+07
3.133790e+03	5.763177e+07
3.424990e+03	5.189697e+07
3.752710e+03	4.725158e+07
4.295860e+03	4.185548e+07
4.968640e+03	3.725969e+07
5.762830e+03	3.339900e+07
7.360820e+03	2.821922e+07
8.974240e+03	2.470719e+07
1.159620e+04	2.080401e+07
1.539200e+04	1.710651e+07
2.113310e+04	1.351276e+07
2.667660e+04	1.118969e+07
3.607950e+04	8.534561e+06
4.700930e+04	6.553875e+06
6.808440e+04	4.244679e+06
