-1.000000e+02	2.068590e+08
-9.000000e+01	1.960755e+08
-8.000000e+01	1.848914e+08
-7.000000e+01	1.734214e+08
-6.000000e+01	1.614608e+08
-5.000000e+01	1.491123e+08
-4.000000e+01	1.366961e+08
-3.000000e+01	1.246534e+08
-2.000000e+01	1.130725e+08
-1.000000e+01	1.019649e+08
0.000000e+00	9.173430e+07
1.000000e+01	8.217041e+07
2.000000e+01	7.358907e+07
3.500000e+01	6.258026e+07
5.000000e+01	5.388659e+07
7.500000e+01	4.310118e+07
1.000000e+02	3.580816e+07
1.250000e+02	3.029110e+07
1.500000e+02	2.594247e+07
1.750000e+02	2.115810e+07
2.000000e+02	1.682265e+07
2.500000e+02	9.781014e+06
3.000000e+02	5.701511e+06
3.500000e+02	3.312203e+06
4.000000e+02	1.948447e+06
4.500000e+02	1.121403e+06
4.900000e+02	6.456376e+05
5.250000e+02	3.744759e+05
5.600000e+02	2.048424e+05
6.150000e+02	6.715602e+04
6.600000e+02	2.317474e+04
7.000000e+02	8.151296e+03
7.500000e+02	2.645415e+03
8.000000e+02	1.077267e+03
8.540000e+02	5.029911e+02
9.000000e+02	2.907618e+02
9.460000e+02	1.693007e+02
9.710000e+02	1.282443e+02
1.003000e+03	9.101690e+01
1.032000e+03	6.729668e+01
1.065000e+03	4.809331e+01
1.101000e+03	3.411948e+01
1.143000e+03	2.292025e+01
1.214000e+03	1.200989e+01
1.299000e+03	5.881145e+00
1.398000e+03	2.832920e+00
1.520000e+03	9.735951e-01
1.617000e+03	4.036188e-01
1.722000e+03	1.540720e-01
1.820000e+03	5.496246e-02
1.894000e+03	2.512396e-02
1.946000e+03	1.283437e-02
1.989000e+03	6.414499e-03
2.024000e+03	3.036543e-03
2.055000e+03	1.027038e-03
2.083000e+03	3.529862e-04
2.098000e+03	2.120294e-04
2.110000e+03	1.090162e-04
2.120000e+03	8.183468e-05
