-1.000000e+02	3.618032e+11
-9.000000e+01	2.708257e+11
-8.000000e+01	1.965626e+11
-7.000000e+01	1.328361e+11
-6.000000e+01	8.583426e+10
-5.000000e+01	5.347222e+10
-4.000000e+01	3.251380e+10
-3.000000e+01	1.897444e+10
-2.000000e+01	1.159569e+10
-1.000000e+01	7.102887e+09
0.000000e+00	4.599730e+09
1.000000e+01	2.969143e+09
2.000000e+01	1.954713e+09
3.500000e+01	1.055280e+09
5.000000e+01	6.067470e+08
7.500000e+01	2.774430e+08
1.000000e+02	1.312909e+08
1.250000e+02	6.503226e+07
1.500000e+02	3.290007e+07
1.750000e+02	1.957873e+07
2.000000e+02	1.243818e+07
2.500000e+02	6.093253e+06
3.000000e+02	2.865831e+06
3.500000e+02	1.279344e+06
4.000000e+02	5.274488e+05
4.500000e+02	2.172378e+05
4.900000e+02	1.376545e+05
5.250000e+02	1.070872e+05
5.600000e+02	9.509272e+04
6.150000e+02	1.214102e+05
6.600000e+02	2.190619e+05
7.000000e+02	5.537918e+05
7.500000e+02	1.699924e+06
8.000000e+02	4.877188e+06
8.540000e+02	1.472751e+07
9.000000e+02	3.150954e+07
9.460000e+02	5.597747e+07
9.710000e+02	7.298312e+07
1.003000e+03	8.960338e+07
1.032000e+03	1.003308e+08
1.065000e+03	1.081407e+08
1.101000e+03	1.096369e+08
1.143000e+03	1.042803e+08
1.214000e+03	8.463159e+07
1.299000e+03	5.916760e+07
1.398000e+03	3.508048e+07
1.520000e+03	2.126473e+07
1.617000e+03	1.494397e+07
1.722000e+03	1.027073e+07
1.820000e+03	7.737874e+06
1.894000e+03	6.042624e+06
1.946000e+03	5.213048e+06
1.989000e+03	4.651473e+06
2.024000e+03	4.239233e+06
2.055000e+03	3.899756e+06
2.083000e+03	3.496614e+06
2.098000e+03	3.271532e+06
2.110000e+03	3.106731e+06
2.120000e+03	2.967143e+06
