-1.000000e+02	6.089601e+13
-9.000000e+01	1.671909e+12
-8.000000e+01	1.809307e+12
-7.000000e+01	1.965146e+12
-6.000000e+01	2.131829e+12
-5.000000e+01	2.307910e+12
-4.000000e+01	2.491889e+12
-3.000000e+01	2.689607e+12
-2.000000e+01	2.881980e+12
-1.000000e+01	3.080067e+12
0.000000e+00	3.271720e+12
1.000000e+01	3.470748e+12
2.000000e+01	3.671763e+12
3.500000e+01	3.982458e+12
5.000000e+01	4.289594e+12
7.500000e+01	4.789810e+12
1.000000e+02	5.306931e+12
1.250000e+02	5.841273e+12
1.500000e+02	6.399828e+12
1.750000e+02	6.952504e+12
2.000000e+02	7.520272e+12
2.500000e+02	8.691396e+12
3.000000e+02	9.967363e+12
3.500000e+02	1.133665e+13
4.000000e+02	1.277521e+13
4.500000e+02	1.420862e+13
4.900000e+02	1.520382e+13
5.250000e+02	1.593826e+13
5.600000e+02	1.652178e+13
6.150000e+02	1.699893e+13
6.600000e+02	1.695939e+13
7.000000e+02	1.650989e+13
7.500000e+02	1.563518e+13
8.000000e+02	1.446577e+13
8.540000e+02	1.296072e+13
9.000000e+02	1.169544e+13
9.460000e+02	1.052942e+13
9.710000e+02	9.908804e+12
1.003000e+03	9.184896e+12
1.032000e+03	8.558755e+12
1.065000e+03	7.866784e+12
1.101000e+03	7.136683e+12
1.143000e+03	6.327462e+12
1.214000e+03	5.061094e+12
1.299000e+03	3.723916e+12
1.398000e+03	2.466345e+12
1.520000e+03	1.383854e+12
1.617000e+03	8.466916e+11
1.722000e+03	4.863022e+11
1.820000e+03	2.870915e+11
1.894000e+03	1.916687e+11
1.946000e+03	1.445630e+11
1.989000e+03	1.148193e+11
2.024000e+03	9.550598e+10
2.055000e+03	8.135115e+10
2.083000e+03	7.052321e+10
2.098000e+03	6.540227e+10
2.110000e+03	6.163281e+10
2.120000e+03	5.865997e+10
2.126000e+03	5.676661e+10
2.130000e+03	5.536665e+10
2.132000e+03	5.443267e+10
2.134000e+03	5.297644e+10
2.136000e+03	5.074835e+10
2.138000e+03	4.630273e+10
2.141930e+03	3.269897e+10
2.145160e+03	1.265115e+10
2.147050e+03	2.734461e+09
2.148650e+03	1.514826e+09
2.150120e+03	1.145820e+09
2.151160e+03	9.474066e+08
2.152030e+03	8.081982e+08
2.152870e+03	6.960448e+08
2.153480e+03	6.274940e+08
2.154070e+03	5.708124e+08
2.154730e+03	5.151639e+08
2.155500e+03	4.627249e+08
2.156160e+03	4.261881e+08
2.156820e+03	3.960765e+08
2.157570e+03	3.712560e+08
2.158210e+03	3.534846e+08
2.158840e+03	3.383076e+08
2.159420e+03	3.258735e+08
2.160010e+03	3.149279e+08
2.160630e+03	3.045269e+08
2.161260e+03	2.950867e+08
2.162290e+03	2.817418e+08
2.163290e+03	2.705599e+08
2.164560e+03	2.584791e+08
2.166030e+03	2.466297e+08
2.167690e+03	2.353270e+08
2.169990e+03	2.223552e+08
2.172320e+03	2.114656e+08
2.175280e+03	1.998924e+08
2.178740e+03	1.887383e+08
2.182440e+03	1.808977e+08
2.186080e+03	1.746222e+08
2.191460e+03	1.666595e+08
2.196520e+03	1.602670e+08
2.201920e+03	1.542880e+08
2.207660e+03	1.488198e+08
2.213740e+03	1.436687e+08
2.220040e+03	1.389983e+08
2.227740e+03	1.339386e+08
2.235290e+03	1.296283e+08
2.243320e+03	1.254473e+08
2.251640e+03	1.216520e+08
2.259430e+03	1.183943e+08
2.269690e+03	1.147233e+08
2.282380e+03	1.135093e+08
2.294370e+03	1.124441e+08
2.308550e+03	1.112626e+08
2.325780e+03	1.099498e+08
2.346100e+03	1.085214e+08
2.378190e+03	1.064986e+08
2.418660e+03	1.042797e+08
2.457900e+03	1.023721e+08
2.495560e+03	1.007328e+08
2.535470e+03	9.916521e+07
2.578230e+03	9.767035e+07
2.628320e+03	9.615973e+07
2.688100e+03	9.337386e+07
2.761490e+03	8.965879e+07
2.844400e+03	8.606306e+07
2.970760e+03	8.150335e+07
3.133790e+03	7.675930e+07
3.424990e+03	7.033508e+07
3.752710e+03	6.496439e+07
4.295860e+03	5.852860e+07
4.968640e+03	5.287213e+07
5.762830e+03	4.783719e+07
7.360820e+03	4.057988e+07
8.974240e+03	3.562600e+07
1.159620e+04	2.989631e+07
1.539200e+04	2.290061e+07
2.113310e+04	1.696584e+07
2.667660e+04	1.350817e+07
3.607950e+04	9.664857e+06
4.700930e+04	5.244787e+06
6.808440e+04	2.257552e+06
