-1.000000e+02	2.059000e+05
-9.000000e+01	1.971776e+05
-8.000000e+01	1.885480e+05
-7.000000e+01	1.800000e+05
-6.000000e+01	1.715204e+05
-5.000000e+01	1.631163e+05
-4.000000e+01	1.548012e+05
-3.000000e+01	1.465775e+05
-2.000000e+01	1.384712e+05
-1.000000e+01	1.305275e+05
0.000000e+00	1.227884e+05
1.000000e+01	1.152898e+05
2.000000e+01	1.080517e+05
3.500000e+01	9.771572e+04
5.000000e+01	8.804498e+04
7.500000e+01	7.351153e+04
1.000000e+02	6.093656e+04
1.250000e+02	5.019634e+04
1.500000e+02	4.111854e+04
1.750000e+02	3.352738e+04
2.000000e+02	2.723874e+04
2.500000e+02	1.782703e+04
3.000000e+02	1.155063e+04
3.500000e+02	7.410456e+03
4.000000e+02	4.705397e+03
4.500000e+02	2.955874e+03
4.900000e+02	2.024813e+03
5.250000e+02	1.450192e+03
5.600000e+02	1.037328e+03
6.150000e+02	6.137205e+02
6.600000e+02	4.016335e+02
7.000000e+02	2.778853e+02
7.500000e+02	1.782081e+02
8.000000e+02	1.166312e+02
8.540000e+02	7.571650e+01
9.000000e+02	5.353102e+01
9.460000e+02	3.847791e+01
9.710000e+02	3.235063e+01
1.003000e+03	2.603993e+01
1.032000e+03	2.147360e+01
1.065000e+03	1.730685e+01
1.101000e+03	1.373040e+01
1.143000e+03	1.052391e+01
1.214000e+03	6.761635e+00
1.299000e+03	4.022235e+00
1.398000e+03	2.235793e+00
1.520000e+03	1.124194e+00
1.617000e+03	6.718129e-01
1.722000e+03	3.981942e-01
1.820000e+03	2.524617e-01
1.894000e+03	1.828584e-01
1.946000e+03	1.474695e-01
1.989000e+03	1.241943e-01
2.024000e+03	1.083640e-01
2.055000e+03	9.624511e-02
2.083000e+03	8.664922e-02
2.098000e+03	8.199982e-02
2.110000e+03	7.850852e-02
2.120000e+03	7.574437e-02
