1.971776e+05
1.885480e+05
1.800000e+05
1.715204e+05
1.631163e+05
1.548012e+05
1.465775e+05
1.384712e+05
1.305275e+05
1.227884e+05
1.152898e+05
1.080517e+05
9.771572e+04
8.804498e+04
7.351153e+04
6.093656e+04
5.019634e+04
4.111854e+04
3.352738e+04
2.723874e+04
1.782703e+04
1.155063e+04
7.410456e+03
4.705397e+03
2.955874e+03
2.024813e+03
1.450192e+03
1.037328e+03
6.137205e+02
4.016335e+02
2.778853e+02
1.782081e+02
1.166312e+02
7.571650e+01
5.353102e+01
3.847791e+01
3.235063e+01
2.603993e+01
2.147360e+01
1.730685e+01
1.373040e+01
1.052391e+01
6.761635e+00
4.022235e+00
2.235793e+00
1.124194e+00
6.718129e-01
3.981942e-01
2.524617e-01
1.828584e-01
1.474695e-01
1.241943e-01
1.083640e-01
9.624511e-02
8.664922e-02
8.199982e-02
7.850852e-02
7.574437e-02
