-1.000000e+02	1.430560e+11
-9.000000e+01	1.504617e+11
-8.000000e+01	1.590657e+11
-7.000000e+01	1.715984e+11
-6.000000e+01	1.865785e+11
-5.000000e+01	2.037021e+11
-4.000000e+01	2.224950e+11
-3.000000e+01	2.452207e+11
-2.000000e+01	2.640611e+11
-1.000000e+01	2.821363e+11
0.000000e+00	2.944221e+11
1.000000e+01	3.058215e+11
2.000000e+01	3.148119e+11
3.500000e+01	3.269343e+11
5.000000e+01	3.334662e+11
7.500000e+01	3.314479e+11
1.000000e+02	3.296255e+11
1.250000e+02	3.233781e+11
1.500000e+02	3.143663e+11
1.750000e+02	2.818813e+11
2.000000e+02	2.437526e+11
2.500000e+02	1.639221e+11
3.000000e+02	1.105966e+11
3.500000e+02	7.490251e+10
4.000000e+02	5.171418e+10
4.500000e+02	3.498713e+10
4.900000e+02	2.251162e+10
5.250000e+02	1.417162e+10
5.600000e+02	8.266381e+09
6.150000e+02	2.761917e+09
6.600000e+02	8.798399e+08
7.000000e+02	2.559909e+08
7.500000e+02	6.162858e+07
8.000000e+02	1.768158e+07
8.540000e+02	5.381842e+06
9.000000e+02	2.246797e+06
9.460000e+02	1.014422e+06
9.710000e+02	6.777644e+05
1.003000e+03	4.288209e+05
1.032000e+03	2.927180e+05
1.065000e+03	1.943857e+05
1.101000e+03	1.295716e+05
1.143000e+03	8.304148e+04
1.214000e+03	4.195088e+04
1.299000e+03	2.018306e+04
1.398000e+03	9.629260e+03
1.520000e+03	3.275291e+03
1.617000e+03	1.347107e+03
1.722000e+03	5.101782e+02
1.820000e+03	1.807107e+02
1.894000e+03	8.208635e+01
1.946000e+03	4.170315e+01
1.989000e+03	2.072874e+01
2.024000e+03	9.766739e+00
2.055000e+03	3.287911e+00
2.083000e+03	1.123001e+00
2.098000e+03	6.714119e-01
2.110000e+03	3.436039e-01
2.120000e+03	2.555428e-01
2.126000e+03	1.911579e-01
2.130000e+03	1.016715e-01
2.132000e+03	8.245364e-02
2.134000e+03	6.562212e-02
2.136000e+03	5.078521e-02
2.138000e+03	3.537415e-02
2.141930e+03	1.785601e-02
2.145160e+03	8.610135e-03
2.147050e+03	2.612820e-03
2.148650e+03	9.036476e-04
2.150120e+03	3.930534e-04
2.151160e+03	2.429311e-04
2.152030e+03	1.996300e-04
2.152870e+03	1.673821e-04
2.153480e+03	1.495428e-04
2.154070e+03	1.394688e-04
2.154730e+03	1.348447e-04
2.155500e+03	1.331706e-04
2.156160e+03	1.324689e-04
2.156820e+03	1.293694e-04
2.157570e+03	1.146928e-04
2.158210e+03	1.065304e-04
2.158840e+03	1.006639e-04
2.159420e+03	9.638778e-05
2.160010e+03	9.295811e-05
2.160630e+03	8.990805e-05
2.161260e+03	8.730809e-05
2.162290e+03	8.386333e-05
2.163290e+03	8.109397e-05
2.164560e+03	7.822739e-05
2.166030e+03	6.320470e-05
2.167690e+03	5.119694e-05
2.169990e+03	4.198465e-05
2.172320e+03	3.640166e-05
2.175280e+03	3.179451e-05
2.178740e+03	2.822428e-05
2.182440e+03	2.554618e-05
2.186080e+03	2.359545e-05
2.191460e+03	2.145152e-05
2.196520e+03	1.993897e-05
2.201920e+03	1.865763e-05
2.207660e+03	1.757665e-05
2.213740e+03	1.662940e-05
2.220040e+03	1.581629e-05
2.227740e+03	1.498323e-05
2.235290e+03	1.430238e-05
2.243320e+03	1.366753e-05
2.251640e+03	1.311018e-05
2.259430e+03	1.264549e-05
2.269690e+03	1.211723e-05
2.282380e+03	1.155782e-05
2.294370e+03	1.110095e-05
2.308550e+03	1.062853e-05
2.325780e+03	1.013981e-05
2.346100e+03	9.647338e-06
2.378190e+03	9.168714e-06
2.418660e+03	8.729112e-06
2.457900e+03	8.366151e-06
2.495560e+03	8.065090e-06
2.535470e+03	7.786570e-06
2.578230e+03	7.530856e-06
2.628320e+03	7.284201e-06
2.688100e+03	7.026963e-06
2.761490e+03	6.752507e-06
2.844400e+03	6.484694e-06
2.970760e+03	6.142498e-06
3.133790e+03	5.784063e-06
3.424990e+03	5.295737e-06
3.752710e+03	4.885766e-06
4.295860e+03	4.393114e-06
4.968640e+03	3.959647e-06
5.762830e+03	3.585545e-06
7.360820e+03	3.069248e-06
8.974240e+03	2.710523e-06
1.159620e+04	2.303529e-06
1.539200e+04	1.908267e-06
2.113310e+04	1.518407e-06
2.667660e+04	1.263454e-06
3.607950e+04	9.689488e-07
4.700930e+04	7.446138e-07
6.808440e+04	4.835706e-07
