-1.000000e+02	4.277320e+12
-9.000000e+01	4.222809e+12
-8.000000e+01	4.165366e+12
-7.000000e+01	4.118924e+12
-6.000000e+01	4.068765e+12
-5.000000e+01	4.010689e+12
-4.000000e+01	3.942966e+12
-3.000000e+01	3.876812e+12
-2.000000e+01	3.783574e+12
-1.000000e+01	3.676253e+12
0.000000e+00	3.547791e+12
1.000000e+01	3.410290e+12
2.000000e+01	3.265133e+12
3.500000e+01	3.038680e+12
5.000000e+01	2.800629e+12
7.500000e+01	2.399546e+12
1.000000e+02	2.016505e+12
1.250000e+02	1.668603e+12
1.500000e+02	1.361464e+12
1.750000e+02	1.110990e+12
2.000000e+02	9.062119e+11
2.500000e+02	6.071679e+11
3.000000e+02	4.004571e+11
3.500000e+02	2.603787e+11
4.000000e+02	1.662783e+11
4.500000e+02	1.051465e+11
4.900000e+02	7.455227e+10
5.250000e+02	5.573025e+10
5.600000e+02	4.183854e+10
6.150000e+02	2.663607e+10
6.600000e+02	1.803087e+10
7.000000e+02	1.245578e+10
7.500000e+02	7.748641e+09
8.000000e+02	4.839706e+09
8.540000e+02	2.947931e+09
9.000000e+02	1.977499e+09
9.460000e+02	1.360185e+09
9.710000e+02	1.117571e+09
1.003000e+03	8.796260e+08
1.032000e+03	7.132233e+08
1.065000e+03	5.652628e+08
1.101000e+03	4.413229e+08
1.143000e+03	3.333781e+08
1.214000e+03	2.104257e+08
1.299000e+03	1.225678e+08
1.398000e+03	6.554495e+07
1.520000e+03	3.090204e+07
1.617000e+03	1.747624e+07
1.722000e+03	9.636381e+06
1.820000e+03	5.723969e+06
1.894000e+03	3.888846e+06
1.946000e+03	3.012958e+06
1.989000e+03	2.463986e+06
2.024000e+03	2.105846e+06
2.055000e+03	1.841580e+06
2.083000e+03	1.618647e+06
2.098000e+03	1.507548e+06
2.110000e+03	1.426295e+06
2.120000e+03	1.360832e+06
