-1.000000e+02	3.329658e+10
-9.000000e+01	9.514313e+08
-8.000000e+01	1.004118e+09
-7.000000e+01	1.065527e+09
-6.000000e+01	1.133217e+09
-5.000000e+01	1.206640e+09
-4.000000e+01	1.284858e+09
-3.000000e+01	1.370153e+09
-2.000000e+01	1.453023e+09
-1.000000e+01	1.538171e+09
0.000000e+00	1.619461e+09
1.000000e+01	1.703328e+09
2.000000e+01	1.787060e+09
3.500000e+01	1.914828e+09
5.000000e+01	2.038186e+09
7.500000e+01	2.232446e+09
1.000000e+02	2.427262e+09
1.250000e+02	2.622247e+09
1.500000e+02	2.820066e+09
1.750000e+02	3.008119e+09
2.000000e+02	3.195475e+09
2.500000e+02	3.566236e+09
3.000000e+02	3.948970e+09
3.500000e+02	4.329169e+09
4.000000e+02	4.678854e+09
4.500000e+02	4.958574e+09
4.900000e+02	5.149688e+09
5.250000e+02	5.311220e+09
5.600000e+02	5.477629e+09
6.150000e+02	5.802060e+09
6.600000e+02	6.098953e+09
7.000000e+02	6.339834e+09
7.500000e+02	6.468444e+09
8.000000e+02	6.396986e+09
8.540000e+02	6.134216e+09
9.000000e+02	5.875681e+09
9.460000e+02	5.642779e+09
9.710000e+02	5.512674e+09
1.003000e+03	5.373529e+09
1.032000e+03	5.253649e+09
1.065000e+03	5.114271e+09
1.101000e+03	4.955102e+09
1.143000e+03	4.761653e+09
1.214000e+03	4.398234e+09
1.299000e+03	3.880085e+09
1.398000e+03	3.190317e+09
1.520000e+03	2.317010e+09
1.617000e+03	1.704288e+09
1.722000e+03	1.162729e+09
1.820000e+03	7.839962e+08
1.894000e+03	5.698595e+08
1.946000e+03	4.530449e+08
1.989000e+03	3.741807e+08
2.024000e+03	3.204039e+08
2.055000e+03	2.795177e+08
2.083000e+03	2.475439e+08
2.098000e+03	2.320890e+08
2.110000e+03	2.205795e+08
2.120000e+03	2.115030e+08
2.126000e+03	2.058633e+08
2.130000e+03	2.018379e+08
2.132000e+03	1.993416e+08
2.134000e+03	1.958411e+08
2.136000e+03	1.909717e+08
2.138000e+03	1.826138e+08
2.141930e+03	1.620227e+08
2.145160e+03	1.307484e+08
2.147050e+03	9.643280e+07
2.148650e+03	7.815375e+07
2.150120e+03	6.529031e+07
2.151160e+03	5.676147e+07
2.152030e+03	5.021826e+07
2.152870e+03	4.455632e+07
2.153480e+03	4.092116e+07
2.154070e+03	3.779934e+07
2.154730e+03	3.462229e+07
2.155500e+03	3.152122e+07
2.156160e+03	2.930015e+07
2.156820e+03	2.739634e+07
2.157570e+03	2.559894e+07
2.158210e+03	2.431755e+07
2.158840e+03	2.322686e+07
2.159420e+03	2.233640e+07
2.160010e+03	2.155474e+07
2.160630e+03	2.081418e+07
2.161260e+03	2.014367e+07
2.162290e+03	1.919869e+07
2.163290e+03	1.841004e+07
2.164560e+03	1.756073e+07
2.166030e+03	1.673063e+07
2.167690e+03	1.594162e+07
2.169990e+03	1.503947e+07
2.172320e+03	1.428497e+07
2.175280e+03	1.348611e+07
2.178740e+03	1.272094e+07
2.182440e+03	1.203932e+07
2.186080e+03	1.147397e+07
2.191460e+03	1.077766e+07
2.196520e+03	1.023488e+07
2.201920e+03	9.739632e+06
2.207660e+03	9.297078e+06
2.213740e+03	8.888664e+06
2.220040e+03	8.525685e+06
2.227740e+03	8.139793e+06
2.235290e+03	7.817392e+06
2.243320e+03	7.509761e+06
2.251640e+03	7.235060e+06
2.259430e+03	7.002489e+06
2.269690e+03	6.735210e+06
2.282380e+03	6.448202e+06
2.294370e+03	6.211936e+06
2.308550e+03	5.965224e+06
2.325780e+03	5.708609e+06
2.346100e+03	5.448151e+06
2.378190e+03	5.109103e+06
2.418660e+03	4.772380e+06
2.457900e+03	4.508187e+06
2.495560e+03	4.297567e+06
2.535470e+03	4.108819e+06
2.578230e+03	3.939137e+06
2.628320e+03	3.777230e+06
2.688100e+03	3.613152e+06
2.761490e+03	3.442634e+06
2.844400e+03	3.280111e+06
2.970760e+03	3.077207e+06
3.133790e+03	2.869391e+06
3.424990e+03	2.592739e+06
3.752710e+03	2.365511e+06
4.295860e+03	2.098690e+06
4.968640e+03	1.869791e+06
5.762830e+03	1.676280e+06
7.360820e+03	1.416215e+06
8.974240e+03	1.239859e+06
1.159620e+04	1.043751e+06
1.539200e+04	8.552912e+05
2.113310e+04	6.722928e+05
2.667660e+04	5.543351e+05
3.607950e+04	4.214063e+05
4.700930e+04	3.215838e+05
6.808440e+04	2.070042e+05
