-1.000000e+02	3.176116e+11
-9.000000e+01	6.784589e+05
-8.000000e+01	1.182603e+06
-7.000000e+01	1.988057e+06
-6.000000e+01	3.233360e+06
-5.000000e+01	5.107497e+06
-4.000000e+01	7.857703e+06
-3.000000e+01	1.182791e+07
-2.000000e+01	1.734484e+07
-1.000000e+01	2.492804e+07
0.000000e+00	3.504847e+07
1.000000e+01	4.850366e+07
2.000000e+01	6.605819e+07
3.500000e+01	1.023363e+08
5.000000e+01	1.537166e+08
7.500000e+01	2.853694e+08
1.000000e+02	5.007106e+08
1.250000e+02	8.379355e+08
1.500000e+02	1.348308e+09
1.750000e+02	2.088005e+09
2.000000e+02	3.137268e+09
2.500000e+02	6.549817e+09
3.000000e+02	1.260023e+10
3.500000e+02	2.254895e+10
4.000000e+02	3.766332e+10
4.500000e+02	5.850937e+10
4.900000e+02	7.843380e+10
5.250000e+02	9.709021e+10
5.600000e+02	1.154106e+11
6.150000e+02	1.390915e+11
6.600000e+02	1.500332e+11
7.000000e+02	1.509270e+11
7.500000e+02	1.414181e+11
8.000000e+02	1.231579e+11
8.540000e+02	9.908992e+10
9.000000e+02	7.976483e+10
9.460000e+02	6.333353e+10
9.710000e+02	5.552316e+10
1.003000e+03	4.694393e+10
1.032000e+03	4.023458e+10
1.065000e+03	3.365525e+10
1.101000e+03	2.761055e+10
1.143000e+03	2.186180e+10
1.214000e+03	1.463584e+10
1.299000e+03	8.933790e+09
1.398000e+03	4.948300e+09
1.520000e+03	2.359239e+09
1.617000e+03	1.320554e+09
1.722000e+03	7.080269e+08
1.820000e+03	4.000787e+08
1.894000e+03	2.617663e+08
1.946000e+03	1.958311e+08
1.989000e+03	1.549666e+08
2.024000e+03	1.287279e+08
2.055000e+03	1.096611e+08
2.083000e+03	9.529080e+07
2.098000e+03	8.851485e+07
2.110000e+03	8.353871e+07
2.120000e+03	7.966167e+07
2.126000e+03	7.728833e+07
2.130000e+03	7.561589e+07
2.132000e+03	7.459838e+07
2.134000e+03	7.318374e+07
2.136000e+03	7.123340e+07
2.138000e+03	6.789192e+07
2.141930e+03	5.940383e+07
2.145160e+03	4.631497e+07
2.147050e+03	3.430162e+07
2.148650e+03	2.852405e+07
2.150120e+03	2.389425e+07
2.151160e+03	2.075497e+07
2.152030e+03	1.832758e+07
2.152870e+03	1.622035e+07
2.153480e+03	1.486981e+07
2.154070e+03	1.371403e+07
2.154730e+03	1.254204e+07
2.155500e+03	1.140108e+07
2.156160e+03	1.058399e+07
2.156820e+03	9.882742e+06
2.157570e+03	9.216957e+06
2.158210e+03	8.739048e+06
2.158840e+03	8.330306e+06
2.159420e+03	7.995115e+06
2.160010e+03	7.699751e+06
2.160630e+03	7.418923e+06
2.161260e+03	7.163842e+06
2.162290e+03	6.802930e+06
2.163290e+03	6.500480e+06
2.164560e+03	6.173602e+06
2.166030e+03	5.853044e+06
2.167690e+03	5.547492e+06
2.169990e+03	5.197287e+06
2.172320e+03	4.905260e+06
2.175280e+03	4.603510e+06
2.178740e+03	4.314919e+06
2.182440e+03	4.059042e+06
2.186080e+03	3.847853e+06
2.191460e+03	3.589254e+06
2.196520e+03	3.388944e+06
2.201920e+03	3.207237e+06
2.207660e+03	3.045693e+06
2.213740e+03	2.897351e+06
2.220040e+03	2.766073e+06
2.227740e+03	2.627087e+06
2.235290e+03	2.511387e+06
2.243320e+03	2.401413e+06
2.251640e+03	2.303466e+06
2.259430e+03	2.220792e+06
2.269690e+03	2.125992e+06
2.282380e+03	2.025294e+06
2.294370e+03	1.942917e+06
2.308550e+03	1.857139e+06
2.325780e+03	1.768155e+06
2.346100e+03	1.678163e+06
2.378190e+03	1.561545e+06
2.418660e+03	1.446404e+06
2.457900e+03	1.356692e+06
2.495560e+03	1.285615e+06
2.535470e+03	1.222905e+06
2.578230e+03	1.170283e+06
2.628320e+03	1.119844e+06
2.688100e+03	1.068801e+06
2.761490e+03	1.015932e+06
2.844400e+03	9.657880e+05
2.970760e+03	9.036211e+05
3.133790e+03	8.405750e+05
3.424990e+03	7.577401e+05
3.752710e+03	6.906065e+05
4.295860e+03	6.125383e+05
4.968640e+03	5.459384e+05
5.762830e+03	4.941989e+05
7.360820e+03	4.315833e+05
8.974240e+03	3.839393e+05
1.159620e+04	3.278113e+05
1.539200e+04	2.746298e+05
2.113310e+04	2.228604e+05
2.667660e+04	1.907597e+05
3.607950e+04	1.491396e+05
4.700930e+04	1.149394e+05
6.808440e+04	7.428764e+04
