-1.000000e+02	2.029180e+11
-9.000000e+01	5.441143e+04
-8.000000e+01	1.217433e+05
-7.000000e+01	2.790103e+05
-6.000000e+01	6.470859e+05
-5.000000e+01	1.510453e+06
-4.000000e+01	3.082276e+06
-3.000000e+01	5.789634e+06
-2.000000e+01	9.667117e+06
-1.000000e+01	1.494442e+07
0.000000e+00	2.175584e+07
1.000000e+01	3.068238e+07
2.000000e+01	4.219771e+07
3.500000e+01	6.581587e+07
5.000000e+01	9.910743e+07
7.500000e+01	1.842309e+08
1.000000e+02	3.233959e+08
1.250000e+02	5.413083e+08
1.500000e+02	8.711966e+08
1.750000e+02	1.349545e+09
2.000000e+02	2.028308e+09
2.500000e+02	4.236835e+09
3.000000e+02	8.157254e+09
3.500000e+02	1.463064e+10
4.000000e+02	2.456371e+10
4.500000e+02	3.851828e+10
4.900000e+02	5.209048e+10
5.250000e+02	6.496231e+10
5.600000e+02	7.769486e+10
6.150000e+02	9.382875e+10
6.600000e+02	1.006341e+11
7.000000e+02	1.001420e+11
7.500000e+02	9.273621e+10
8.000000e+02	8.013884e+10
8.540000e+02	6.424254e+10
9.000000e+02	5.166984e+10
9.460000e+02	4.100971e+10
9.710000e+02	3.594549e+10
1.003000e+03	3.038782e+10
1.032000e+03	2.604216e+10
1.065000e+03	2.178083e+10
1.101000e+03	1.786601e+10
1.143000e+03	1.414391e+10
1.214000e+03	9.467922e+09
1.299000e+03	5.778364e+09
1.398000e+03	3.199251e+09
1.520000e+03	1.523551e+09
1.617000e+03	8.514210e+08
1.722000e+03	4.551553e+08
1.820000e+03	2.562051e+08
1.894000e+03	1.669033e+08
1.946000e+03	1.244495e+08
1.989000e+03	9.816128e+07
2.024000e+03	8.130588e+07
2.055000e+03	6.903569e+07
2.083000e+03	5.979512e+07
2.098000e+03	5.543657e+07
2.110000e+03	5.223302e+07
2.120000e+03	4.970993e+07
2.126000e+03	4.810600e+07
2.130000e+03	4.692098e+07
2.132000e+03	4.612967e+07
2.134000e+03	4.488756e+07
2.136000e+03	4.295113e+07
2.138000e+03	3.889609e+07
2.141930e+03	2.517315e+07
2.145160e+03	6.733072e+06
2.147050e+03	1.203406e+06
2.148650e+03	6.052086e+05
2.150120e+03	3.744495e+05
2.151160e+03	2.661548e+05
2.152030e+03	2.018761e+05
2.152870e+03	1.617782e+05
2.153480e+03	1.393692e+05
2.154070e+03	1.220498e+05
2.154730e+03	1.060681e+05
2.155500e+03	9.179292e+04
2.156160e+03	8.231547e+04
2.156820e+03	7.463135e+04
2.157570e+03	6.973671e+04
2.158210e+03	6.690320e+04
2.158840e+03	6.450625e+04
2.159420e+03	6.256951e+04
2.160010e+03	6.087721e+04
2.160630e+03	5.928688e+04
2.161260e+03	5.785083e+04
2.162290e+03	5.582917e+04
2.163290e+03	5.415499e+04
2.164560e+03	5.235291e+04
2.166030e+03	5.059397e+04
2.167690e+03	4.892275e+04
2.169990e+03	4.700806e+04
2.172320e+03	4.521556e+04
2.175280e+03	4.237625e+04
2.178740e+03	3.969621e+04
2.182440e+03	3.734541e+04
2.186080e+03	3.542134e+04
2.191460e+03	3.308389e+04
2.196520e+03	3.128499e+04
2.201920e+03	2.966026e+04
2.207660e+03	2.822111e+04
2.213740e+03	2.690142e+04
2.220040e+03	2.573637e+04
2.227740e+03	2.450306e+04
2.235290e+03	2.347790e+04
2.243320e+03	2.250315e+04
2.251640e+03	2.163452e+04
2.259430e+03	2.090056e+04
2.269690e+03	2.005807e+04
2.282380e+03	1.909915e+04
2.294370e+03	1.829519e+04
2.308550e+03	1.746146e+04
2.325780e+03	1.660043e+04
2.346100e+03	1.573327e+04
2.378190e+03	1.461475e+04
2.418660e+03	1.351601e+04
2.457900e+03	1.266346e+04
2.495560e+03	1.199007e+04
2.535470e+03	1.135840e+04
2.578230e+03	1.060741e+04
2.628320e+03	9.920137e+03
2.688100e+03	9.255005e+03
2.761490e+03	8.596279e+03
2.844400e+03	7.998198e+03
2.970760e+03	7.290496e+03
3.133790e+03	6.608472e+03
3.424990e+03	5.762889e+03
3.752710e+03	5.116487e+03
4.295860e+03	4.405160e+03
4.968640e+03	3.830170e+03
5.762830e+03	3.187990e+03
7.360820e+03	2.103126e+03
8.974240e+03	1.602979e+03
1.159620e+04	1.179498e+03
1.539200e+04	7.826521e+02
2.113310e+04	4.235662e+02
2.667660e+04	1.674291e+02
3.607950e+04	2.800006e+01
4.700930e+04	5.580674e-01
6.808440e+04	9.700929e-04
