-1.000000e+02	1.000000e+00
-9.000000e+01	5.861522e+00
-8.000000e+01	5.139850e+00
-7.000000e+01	4.715593e+00
-6.000000e+01	4.921276e+00
-5.000000e+01	5.358586e+00
-4.000000e+01	7.207915e+00
-3.000000e+01	8.938591e+00
-2.000000e+01	9.824836e+00
-1.000000e+01	1.005993e+01
0.000000e+00	1.015333e+01
1.000000e+01	9.925519e+00
2.000000e+01	9.351813e+00
3.500000e+01	8.119265e+00
5.000000e+01	6.794668e+00
7.500000e+01	5.129217e+00
1.000000e+02	3.130378e+00
1.250000e+02	1.905827e+00
1.500000e+02	9.040967e-01
1.750000e+02	4.496684e-01
2.000000e+02	3.293504e-01
2.500000e+02	3.227677e-01
3.000000e+02	4.818221e-01
3.500000e+02	7.930404e-01
4.000000e+02	1.040760e+00
4.500000e+02	1.277671e+00
4.900000e+02	1.229438e+00
5.250000e+02	1.183694e+00
5.600000e+02	1.136777e+00
6.150000e+02	1.071165e+00
6.600000e+02	1.043490e+00
7.000000e+02	1.045491e+00
7.500000e+02	1.075608e+00
8.000000e+02	1.126838e+00
8.540000e+02	1.186250e+00
9.000000e+02	1.230929e+00
9.460000e+02	1.268808e+00
9.710000e+02	1.286802e+00
1.003000e+03	1.179305e+00
1.032000e+03	1.076022e+00
1.065000e+03	9.747405e-01
1.101000e+03	8.816905e-01
1.143000e+03	7.699061e-01
1.214000e+03	5.450398e-01
1.299000e+03	3.718060e-01
1.398000e+03	2.898853e-01
1.520000e+03	4.185263e-01
1.617000e+03	9.257145e-01
1.722000e+03	2.281545e+00
1.820000e+03	3.819870e+00
1.894000e+03	5.398576e+00
1.946000e+03	6.151113e+00
1.989000e+03	6.774880e+00
2.024000e+03	7.213370e+00
2.055000e+03	7.867835e+00
2.083000e+03	8.361084e+00
2.098000e+03	8.593663e+00
2.110000e+03	8.764463e+00
2.120000e+03	8.897538e+00
2.126000e+03	8.979000e+00
2.130000e+03	9.036405e+00
2.132000e+03	9.071329e+00
2.134000e+03	9.118933e+00
2.136000e+03	9.182673e+00
2.138000e+03	9.291876e+00
2.141930e+03	9.569278e+00
2.145160e+03	9.997038e+00
2.147050e+03	1.014645e+01
2.148650e+03	1.009316e+01
2.150120e+03	1.005049e+01
2.151160e+03	1.002161e+01
2.152030e+03	9.988262e+00
2.152870e+03	9.652481e+00
2.153480e+03	9.437827e+00
2.154070e+03	9.254510e+00
2.154730e+03	9.069001e+00
2.155500e+03	8.888843e+00
2.156160e+03	8.760078e+00
2.156820e+03	8.649745e+00
2.157570e+03	8.292545e+00
2.158210e+03	7.965142e+00
2.158840e+03	7.686085e+00
2.159420e+03	7.457837e+00
2.160010e+03	7.257208e+00
2.160630e+03	7.066821e+00
2.161260e+03	6.894255e+00
2.162290e+03	6.650712e+00
2.163290e+03	6.447000e+00
2.164560e+03	6.227320e+00
2.166030e+03	6.012275e+00
2.167690e+03	5.807576e+00
2.169990e+03	5.573207e+00
2.172320e+03	5.399131e+00
2.175280e+03	5.330691e+00
2.178740e+03	5.264929e+00
2.182440e+03	5.206327e+00
2.186080e+03	5.157713e+00
2.191460e+03	5.097817e+00
2.196520e+03	5.051108e+00
2.201920e+03	5.008473e+00
2.207660e+03	4.970323e+00
2.213740e+03	4.935096e+00
2.220040e+03	4.903716e+00
2.227740e+03	4.870307e+00
2.235290e+03	4.842296e+00
2.243320e+03	4.815518e+00
2.251640e+03	4.791532e+00
2.259430e+03	4.771185e+00
2.269690e+03	4.747728e+00
2.282380e+03	4.736081e+00
2.294370e+03	4.731419e+00
2.308550e+03	4.726540e+00
2.325780e+03	4.721449e+00
2.346100e+03	4.716271e+00
2.378190e+03	4.709514e+00
2.418660e+03	4.702785e+00
2.457900e+03	4.697503e+00
2.495560e+03	4.693291e+00
2.535470e+03	4.703292e+00
2.578230e+03	4.796752e+00
2.628320e+03	4.885799e+00
2.688100e+03	4.975747e+00
2.761490e+03	5.068748e+00
2.844400e+03	5.156810e+00
2.970760e+03	5.265809e+00
3.133790e+03	5.376162e+00
3.424990e+03	5.520896e+00
3.752710e+03	5.637993e+00
4.295860e+03	5.773958e+00
4.968640e+03	5.889780e+00
5.762830e+03	6.324680e+00
7.360820e+03	8.072217e+00
8.974240e+03	9.252178e+00
1.159620e+04	1.056219e+01
1.539200e+04	1.304703e+01
2.113310e+04	1.899387e+01
2.667660e+04	3.974236e+01
3.607950e+04	1.809757e+02
4.700930e+04	6.939344e+03
6.808440e+04	2.574581e+06
