-1.000000e+02	1.000000e+00
-9.000000e+01	3.455962e+00
-8.000000e+01	3.279806e+00
-7.000000e+01	3.113695e+00
-6.000000e+01	3.022121e+00
-5.000000e+01	2.930743e+00
-4.000000e+01	2.863990e+00
-3.000000e+01	2.794605e+00
-2.000000e+01	2.723962e+00
-1.000000e+01	2.656067e+00
0.000000e+00	2.572002e+00
1.000000e+01	2.485085e+00
2.000000e+01	2.391206e+00
3.500000e+01	2.217880e+00
5.000000e+01	2.023535e+00
7.500000e+01	1.743075e+00
1.000000e+02	1.401497e+00
1.250000e+02	1.161084e+00
1.500000e+02	9.988053e-01
1.750000e+02	9.196298e-01
2.000000e+02	9.062612e-01
2.500000e+02	9.353587e-01
3.000000e+02	9.654732e-01
3.500000e+02	9.883149e-01
4.000000e+02	9.947418e-01
4.500000e+02	1.000000e+00
4.900000e+02	1.000000e+00
5.250000e+02	1.000000e+00
5.600000e+02	1.000000e+00
6.150000e+02	1.000000e+00
6.600000e+02	1.000000e+00
7.000000e+02	1.000000e+00
7.500000e+02	1.000000e+00
8.000000e+02	1.000000e+00
8.540000e+02	1.000000e+00
9.000000e+02	1.000000e+00
9.460000e+02	1.000000e+00
9.710000e+02	1.000000e+00
1.003000e+03	9.976647e-01
1.032000e+03	9.954857e-01
1.065000e+03	9.933490e-01
1.101000e+03	9.913859e-01
1.143000e+03	9.866170e-01
1.214000e+03	9.701130e-01
1.299000e+03	9.547584e-01
1.398000e+03	9.223502e-01
1.520000e+03	9.161696e-01
1.617000e+03	1.002639e+00
1.722000e+03	1.220721e+00
1.820000e+03	1.528733e+00
1.894000e+03	1.787169e+00
1.946000e+03	1.910360e+00
1.989000e+03	2.020031e+00
2.024000e+03	2.095843e+00
2.055000e+03	2.184009e+00
2.083000e+03	2.250457e+00
2.098000e+03	2.281789e+00
2.110000e+03	2.304798e+00
2.120000e+03	2.322725e+00
2.126000e+03	2.333700e+00
2.130000e+03	2.341433e+00
2.132000e+03	2.346138e+00
2.134000e+03	2.353098e+00
2.136000e+03	2.363528e+00
2.138000e+03	2.381398e+00
2.141930e+03	2.426791e+00
2.145160e+03	2.496788e+00
2.147050e+03	2.578197e+00
2.148650e+03	2.626160e+00
2.150120e+03	2.664556e+00
2.151160e+03	2.690548e+00
2.152030e+03	2.710936e+00
2.152870e+03	2.737701e+00
2.153480e+03	2.754811e+00
2.154070e+03	2.769423e+00
2.154730e+03	2.784210e+00
2.155500e+03	2.798570e+00
2.156160e+03	2.808834e+00
2.156820e+03	2.817629e+00
2.157570e+03	2.830201e+00
2.158210e+03	2.840401e+00
2.158840e+03	2.849094e+00
2.159420e+03	2.856204e+00
2.160010e+03	2.862455e+00
2.160630e+03	2.868386e+00
2.161260e+03	2.873762e+00
2.162290e+03	2.881349e+00
2.163290e+03	2.887695e+00
2.164560e+03	2.894538e+00
2.166030e+03	2.901238e+00
2.167690e+03	2.907614e+00
2.169990e+03	2.914916e+00
2.172320e+03	2.922271e+00
2.175280e+03	2.936572e+00
2.178740e+03	2.950313e+00
2.182440e+03	2.962558e+00
2.186080e+03	2.972717e+00
2.191460e+03	2.985232e+00
2.196520e+03	2.994992e+00
2.201920e+03	3.003901e+00
2.207660e+03	3.011873e+00
2.213740e+03	3.019234e+00
2.220040e+03	3.025791e+00
2.227740e+03	3.032772e+00
2.235290e+03	3.038625e+00
2.243320e+03	3.044220e+00
2.251640e+03	3.049232e+00
2.259430e+03	3.053484e+00
2.269690e+03	3.058385e+00
2.282380e+03	3.068621e+00
2.294370e+03	3.078879e+00
2.308550e+03	3.089612e+00
2.325780e+03	3.100811e+00
2.346100e+03	3.112203e+00
2.378190e+03	3.127069e+00
2.418660e+03	3.141872e+00
2.457900e+03	3.153494e+00
2.495560e+03	3.162761e+00
2.535470e+03	3.173244e+00
2.578230e+03	3.196057e+00
2.628320e+03	3.217793e+00
2.688100e+03	3.239749e+00
2.761490e+03	3.262450e+00
2.844400e+03	3.283946e+00
2.970760e+03	3.310552e+00
3.133790e+03	3.337488e+00
3.424990e+03	3.372817e+00
3.752710e+03	3.401400e+00
4.295860e+03	3.434588e+00
4.968640e+03	3.462860e+00
5.762830e+03	3.516870e+00
7.360820e+03	3.693551e+00
8.974240e+03	3.812849e+00
1.159620e+04	3.945294e+00
1.539200e+04	4.138917e+00
2.113310e+04	4.493611e+00
2.667660e+04	5.142086e+00
3.607950e+04	6.833785e+00
4.700930e+04	4.958403e+00
6.808440e+04	1.400000e+00
