-1.000000e+02	2.787260e+11
-9.000000e+01	5.910549e+05
-8.000000e+01	1.030250e+06
-7.000000e+01	1.731937e+06
-6.000000e+01	2.816807e+06
-5.000000e+01	4.449504e+06
-4.000000e+01	6.845406e+06
-3.000000e+01	1.030415e+07
-2.000000e+01	1.511036e+07
-1.000000e+01	2.171670e+07
0.000000e+00	3.053346e+07
1.000000e+01	4.225547e+07
2.000000e+01	5.754888e+07
3.500000e+01	8.915455e+07
5.000000e+01	1.339182e+08
7.500000e+01	2.486203e+08
1.000000e+02	4.362509e+08
1.250000e+02	7.301163e+08
1.500000e+02	1.174998e+09
1.750000e+02	1.820077e+09
2.000000e+02	2.735400e+09
2.500000e+02	5.713503e+09
3.000000e+02	1.099931e+10
3.500000e+02	1.972319e+10
4.000000e+02	3.309462e+10
4.500000e+02	5.184043e+10
4.900000e+02	7.003607e+10
5.250000e+02	8.726710e+10
5.600000e+02	1.042970e+11
6.150000e+02	1.259267e+11
6.600000e+02	1.351527e+11
7.000000e+02	1.346622e+11
7.500000e+02	1.248708e+11
8.000000e+02	1.080012e+11
8.540000e+02	8.661323e+10
9.000000e+02	6.967000e+10
9.460000e+02	5.530051e+10
9.710000e+02	4.847414e+10
1.003000e+03	4.098168e+10
1.032000e+03	3.512289e+10
1.065000e+03	2.937764e+10
1.101000e+03	2.409931e+10
1.143000e+03	1.908010e+10
1.214000e+03	1.277303e+10
1.299000e+03	7.796000e+09
1.398000e+03	4.316949e+09
1.520000e+03	2.056973e+09
1.617000e+03	1.150892e+09
1.722000e+03	6.169247e+08
1.820000e+03	3.485720e+08
1.894000e+03	2.280579e+08
1.946000e+03	1.706109e+08
1.989000e+03	1.350079e+08
2.024000e+03	1.121479e+08
2.055000e+03	9.553633e+07
2.083000e+03	8.301668e+07
2.098000e+03	7.711337e+07
2.110000e+03	7.277811e+07
2.120000e+03	6.940040e+07
2.126000e+03	6.733273e+07
2.130000e+03	6.587570e+07
2.132000e+03	6.498925e+07
2.134000e+03	6.375682e+07
2.136000e+03	6.205769e+07
2.138000e+03	5.914662e+07
2.141930e+03	5.175184e+07
2.145160e+03	4.034893e+07
2.147050e+03	2.988363e+07
2.148650e+03	2.485298e+07
2.150120e+03	2.082554e+07
2.151160e+03	1.809876e+07
2.152030e+03	1.599407e+07
2.152870e+03	1.417185e+07
2.153480e+03	1.300671e+07
2.154070e+03	1.201150e+07
2.154730e+03	1.100421e+07
2.155500e+03	1.002578e+07
2.156160e+03	9.326349e+06
2.156820e+03	8.726950e+06
2.157570e+03	8.162777e+06
2.158210e+03	7.760166e+06
2.158840e+03	7.416897e+06
2.159420e+03	7.136057e+06
2.160010e+03	6.889141e+06
2.160630e+03	6.654783e+06
2.161260e+03	6.442317e+06
2.162290e+03	6.142380e+06
2.163290e+03	5.891442e+06
2.164560e+03	5.620762e+06
2.166030e+03	5.355729e+06
2.167690e+03	5.103391e+06
2.169990e+03	4.814416e+06
2.172320e+03	4.572440e+06
2.175280e+03	4.316147e+06
2.178740e+03	4.069967e+06
2.182440e+03	3.850673e+06
2.186080e+03	3.668824e+06
2.191460e+03	3.444884e+06
2.196520e+03	3.270342e+06
2.201920e+03	3.111104e+06
2.207660e+03	2.968694e+06
2.213740e+03	2.837257e+06
2.220040e+03	2.720236e+06
2.227740e+03	2.595709e+06
2.235290e+03	2.491367e+06
2.243320e+03	2.391668e+06
2.251640e+03	2.302407e+06
2.259430e+03	2.226722e+06
2.269690e+03	2.139510e+06
2.282380e+03	2.045660e+06
2.294370e+03	1.968206e+06
2.308550e+03	1.887195e+06
2.325780e+03	1.802711e+06
2.346100e+03	1.716823e+06
2.378190e+03	1.604809e+06
2.418660e+03	1.493357e+06
2.457900e+03	1.405915e+06
2.495560e+03	1.336240e+06
2.535470e+03	1.273898e+06
2.578230e+03	1.218096e+06
2.628320e+03	1.164899e+06
2.688100e+03	1.111155e+06
2.761490e+03	1.055575e+06
2.844400e+03	1.002939e+06
2.970760e+03	9.377783e+05
3.133790e+03	8.717960e+05
3.424990e+03	7.852411e+05
3.752710e+03	7.152013e+05
4.295860e+03	6.338637e+05
4.968640e+03	5.645661e+05
5.762830e+03	5.065485e+05
7.360820e+03	4.290153e+05
8.974240e+03	3.761384e+05
1.159620e+04	3.171348e+05
1.539200e+04	2.609134e+05
2.113310e+04	2.063741e+05
2.667660e+04	1.712301e+05
3.607950e+04	1.307992e+05
4.700930e+04	1.001484e+05
6.808440e+04	6.471648e+04
