-1.000000e+02	1.320444e+13
-9.000000e+01	7.080666e+07
-8.000000e+01	1.233667e+08
-7.000000e+01	2.072385e+08
-6.000000e+01	3.366128e+08
-5.000000e+01	5.302695e+08
-4.000000e+01	8.129686e+08
-3.000000e+01	1.216171e+09
-2.000000e+01	1.765912e+09
-1.000000e+01	2.497643e+09
0.000000e+00	3.434738e+09
1.000000e+01	4.597201e+09
2.000000e+01	5.965323e+09
3.500000e+01	8.246302e+09
5.000000e+01	1.047497e+10
7.500000e+01	1.339538e+10
1.000000e+02	1.345834e+10
1.250000e+02	1.189696e+10
1.500000e+02	8.753913e+09
1.750000e+02	6.620535e+09
2.000000e+02	5.960993e+09
2.500000e+02	6.266281e+09
3.000000e+02	6.007089e+09
3.500000e+02	4.113293e+09
4.000000e+02	2.361299e+09
4.500000e+02	1.371569e+09
4.900000e+02	1.083681e+09
5.250000e+02	9.824233e+08
5.600000e+02	9.670155e+08
6.150000e+02	1.240798e+09
6.600000e+02	1.933103e+09
7.000000e+02	3.970476e+09
7.500000e+02	1.133215e+10
8.000000e+02	3.739145e+10
8.540000e+02	1.248128e+11
9.000000e+02	2.250852e+11
9.460000e+02	3.121046e+11
9.710000e+02	3.574477e+11
1.003000e+03	3.744542e+11
1.032000e+03	3.724744e+11
1.065000e+03	3.600010e+11
1.101000e+03	3.376740e+11
1.143000e+03	2.984778e+11
1.214000e+03	2.155354e+11
1.299000e+03	1.413969e+11
1.398000e+03	9.153467e+10
1.520000e+03	6.797369e+10
1.617000e+03	5.990090e+10
1.722000e+03	4.626582e+10
1.820000e+03	3.112634e+10
1.894000e+03	2.223239e+10
1.946000e+03	1.727559e+10
1.989000e+03	1.402437e+10
2.024000e+03	1.184860e+10
2.055000e+03	1.024629e+10
2.083000e+03	9.005473e+09
2.098000e+03	8.411563e+09
2.110000e+03	7.972145e+09
2.120000e+03	7.632922e+09
2.126000e+03	7.434761e+09
2.130000e+03	7.302365e+09
2.132000e+03	7.230648e+09
2.134000e+03	7.142979e+09
2.136000e+03	7.024032e+09
2.138000e+03	6.803121e+09
2.141930e+03	6.095408e+09
2.145160e+03	4.815809e+09
2.147050e+03	3.579137e+09
2.148650e+03	2.973113e+09
2.150120e+03	2.486564e+09
2.151160e+03	2.157271e+09
2.152030e+03	1.903357e+09
2.152870e+03	1.683208e+09
2.153480e+03	1.542616e+09
2.154070e+03	1.422683e+09
2.154730e+03	1.301473e+09
2.155500e+03	1.183917e+09
2.156160e+03	1.100017e+09
2.156820e+03	1.028216e+09
2.157570e+03	9.600918e+08
2.158210e+03	9.113286e+08
2.158840e+03	8.697696e+08
2.159420e+03	8.357872e+08
2.160010e+03	8.059237e+08
2.160630e+03	7.775953e+08
2.161260e+03	7.519263e+08
2.162290e+03	7.157133e+08
2.163290e+03	6.854451e+08
2.164560e+03	6.528251e+08
2.166030e+03	6.209207e+08
2.167690e+03	5.905811e+08
2.169990e+03	5.558856e+08
2.172320e+03	5.269673e+08
2.175280e+03	4.968597e+08
2.178740e+03	4.679981e+08
2.182440e+03	4.423373e+08
2.186080e+03	4.210941e+08
2.191460e+03	3.949802e+08
2.196520e+03	3.746625e+08
2.201920e+03	3.561540e+08
2.207660e+03	3.396243e+08
2.213740e+03	3.243869e+08
2.220040e+03	3.108370e+08
2.227740e+03	2.964335e+08
2.235290e+03	2.843785e+08
2.243320e+03	2.728709e+08
2.251640e+03	2.625771e+08
2.259430e+03	2.538558e+08
2.269690e+03	2.438139e+08
2.282380e+03	2.330514e+08
2.294370e+03	2.241868e+08
2.308550e+03	2.149192e+08
2.325780e+03	2.052588e+08
2.346100e+03	1.954423e+08
2.378190e+03	1.826466e+08
2.418660e+03	1.699225e+08
2.457900e+03	1.599446e+08
2.495560e+03	1.519971e+08
2.535470e+03	1.449107e+08
2.578230e+03	1.386968e+08
2.628320e+03	1.327570e+08
2.688100e+03	1.267416e+08
2.761490e+03	1.205063e+08
2.844400e+03	1.145883e+08
2.970760e+03	1.072455e+08
3.133790e+03	9.979234e+07
3.424990e+03	8.998977e+07
3.752710e+03	8.203755e+07
4.295860e+03	7.278144e+07
4.968640e+03	6.487849e+07
5.762830e+03	5.838419e+07
7.360820e+03	4.988717e+07
8.974240e+03	4.391950e+07
1.159620e+04	3.716087e+07
1.539200e+04	3.071989e+07
2.113310e+04	2.445572e+07
2.667660e+04	2.044364e+07
3.607950e+04	1.570127e+07
4.700930e+04	1.203988e+07
6.808440e+04	7.780556e+06
