-1.000000e+02	5.930821e+10
-9.000000e+01	1.236826e+05
-8.000000e+01	2.155875e+05
-7.000000e+01	3.624208e+05
-6.000000e+01	5.894380e+05
-5.000000e+01	9.310911e+05
-4.000000e+01	1.432450e+06
-3.000000e+01	2.156213e+06
-2.000000e+01	3.161940e+06
-1.000000e+01	4.544346e+06
0.000000e+00	6.389281e+06
1.000000e+01	8.842132e+06
2.000000e+01	1.204228e+07
3.500000e+01	1.865565e+07
5.000000e+01	2.802204e+07
7.500000e+01	5.202136e+07
1.000000e+02	9.127502e+07
1.250000e+02	1.527425e+08
1.500000e+02	2.457548e+08
1.750000e+02	3.805203e+08
2.000000e+02	5.716465e+08
2.500000e+02	1.193003e+09
3.000000e+02	2.293673e+09
3.500000e+02	4.097768e+09
4.000000e+02	6.815144e+09
4.500000e+02	1.049608e+10
4.900000e+02	1.395263e+10
5.250000e+02	1.714923e+10
5.600000e+02	2.027042e+10
6.150000e+02	2.441763e+10
6.600000e+02	2.652567e+10
7.000000e+02	2.698517e+10
7.500000e+02	2.554918e+10
8.000000e+02	2.237547e+10
8.540000e+02	1.804294e+10
9.000000e+02	1.453220e+10
9.460000e+02	1.154171e+10
9.710000e+02	1.011944e+10
1.003000e+03	8.556320e+09
1.032000e+03	7.333816e+09
1.065000e+03	6.134845e+09
1.101000e+03	5.033174e+09
1.143000e+03	3.985257e+09
1.214000e+03	2.668063e+09
1.299000e+03	1.628649e+09
1.398000e+03	9.021363e+08
1.520000e+03	4.301532e+08
1.617000e+03	2.407827e+08
1.722000e+03	1.290945e+08
1.820000e+03	7.294769e+07
1.894000e+03	4.772665e+07
1.946000e+03	3.570477e+07
1.989000e+03	2.825438e+07
2.024000e+03	2.347096e+07
2.055000e+03	1.999437e+07
2.083000e+03	1.737421e+07
2.098000e+03	1.613874e+07
2.110000e+03	1.523144e+07
2.120000e+03	1.452453e+07
2.126000e+03	1.409178e+07
2.130000e+03	1.378680e+07
2.132000e+03	1.360122e+07
2.134000e+03	1.334315e+07
2.136000e+03	1.298730e+07
2.138000e+03	1.237740e+07
2.141930e+03	1.082719e+07
2.145160e+03	8.437920e+06
2.147050e+03	6.253051e+06
2.148650e+03	5.201475e+06
2.150120e+03	4.358153e+06
2.151160e+03	3.786891e+06
2.152030e+03	3.345835e+06
2.152870e+03	2.963672e+06
2.153480e+03	2.719182e+06
2.154070e+03	2.510263e+06
2.154730e+03	2.298730e+06
2.155500e+03	2.093171e+06
2.156160e+03	1.946184e+06
2.156820e+03	1.820203e+06
2.157570e+03	1.701405e+06
2.158210e+03	1.616457e+06
2.158840e+03	1.543985e+06
2.159420e+03	1.484667e+06
2.160010e+03	1.432491e+06
2.160630e+03	1.382952e+06
2.161260e+03	1.338024e+06
2.162290e+03	1.274572e+06
2.163290e+03	1.221469e+06
2.164560e+03	1.164167e+06
2.166030e+03	1.108044e+06
2.167690e+03	1.054597e+06
2.169990e+03	9.933807e+05
2.172320e+03	9.423317e+05
2.175280e+03	8.884469e+05
2.178740e+03	8.367396e+05
2.182440e+03	7.907273e+05
2.186080e+03	7.526112e+05
2.191460e+03	7.057303e+05
2.196520e+03	6.692394e+05
2.201920e+03	6.359882e+05
2.207660e+03	6.062881e+05
2.213740e+03	5.789054e+05
2.220040e+03	5.545568e+05
2.227740e+03	5.286736e+05
2.235290e+03	5.070153e+05
2.243320e+03	4.863431e+05
2.251640e+03	4.678549e+05
2.259430e+03	4.521933e+05
2.269690e+03	4.341743e+05
2.282380e+03	4.148463e+05
2.294370e+03	3.989111e+05
2.308550e+03	3.822590e+05
2.325780e+03	3.649114e+05
2.346100e+03	3.472939e+05
2.378190e+03	3.243470e+05
2.418660e+03	3.015502e+05
2.457900e+03	2.836893e+05
2.495560e+03	2.694736e+05
2.535470e+03	2.568967e+05
2.578230e+03	2.457013e+05
2.628320e+03	2.350154e+05
2.688100e+03	2.242141e+05
2.761490e+03	2.130386e+05
2.844400e+03	2.024502e+05
2.970760e+03	1.893360e+05
3.133790e+03	1.760501e+05
3.424990e+03	1.586127e+05
3.752710e+03	1.444952e+05
4.295860e+03	1.280928e+05
4.968640e+03	1.141123e+05
5.762830e+03	1.027267e+05
7.360820e+03	8.752290e+04
8.974240e+03	7.695418e+04
1.159620e+04	6.504279e+04
1.539200e+04	5.373486e+04
2.113310e+04	4.274550e+04
2.667660e+04	3.565692e+04
3.607950e+04	2.735097e+04
4.700930e+04	2.096296e+04
6.808440e+04	1.354673e+04
