-1.000000e+02	3.374084e+10
-9.000000e+01	1.446574e+02
-8.000000e+01	2.469308e+02
-7.000000e+01	4.185048e+02
-6.000000e+01	7.229106e+02
-5.000000e+01	1.364059e+03
-4.000000e+01	2.401904e+03
-3.000000e+01	4.341250e+03
-2.000000e+01	8.026590e+03
-1.000000e+01	1.485412e+04
0.000000e+00	2.656688e+04
1.000000e+01	4.702549e+04
2.000000e+01	8.249295e+04
3.500000e+01	1.882802e+05
5.000000e+01	4.130738e+05
7.500000e+01	1.342505e+06
1.000000e+02	4.399929e+06
1.250000e+02	1.321119e+07
1.500000e+02	4.216616e+07
1.750000e+02	1.220498e+08
2.000000e+02	2.756613e+08
2.500000e+02	9.844018e+08
3.000000e+02	3.179206e+09
3.500000e+02	1.208534e+10
4.000000e+02	4.560255e+10
4.500000e+02	1.404967e+11
4.900000e+02	2.652647e+11
5.250000e+02	3.984057e+11
5.600000e+02	5.331490e+11
6.150000e+02	6.482017e+11
6.600000e+02	6.012661e+11
7.000000e+02	4.237062e+11
7.500000e+02	2.070835e+11
8.000000e+02	7.566704e+10
8.540000e+02	2.439686e+10
9.000000e+02	1.262463e+10
9.460000e+02	7.541825e+09
9.710000e+02	5.759553e+09
1.003000e+03	4.446605e+09
1.032000e+03	3.549943e+09
1.065000e+03	2.752214e+09
1.101000e+03	2.085511e+09
1.143000e+03	1.543722e+09
1.214000e+03	9.868584e+08
1.299000e+03	5.629804e+08
1.398000e+03	2.602925e+08
1.520000e+03	7.057927e+07
1.617000e+03	1.971636e+07
1.722000e+03	4.924211e+06
1.820000e+03	1.606317e+06
1.894000e+03	7.176160e+05
1.946000e+03	4.347131e+05
1.989000e+03	2.908175e+05
2.024000e+03	2.123523e+05
2.055000e+03	1.597270e+05
2.083000e+03	1.252411e+05
2.098000e+03	1.103876e+05
2.110000e+03	1.000204e+05
2.120000e+03	9.204129e+04
2.126000e+03	8.684913e+04
2.130000e+03	8.291425e+04
2.132000e+03	8.014358e+04
2.134000e+03	7.571893e+04
2.136000e+03	6.937726e+04
2.138000e+03	5.881778e+04
2.141930e+03	3.833422e+04
2.145160e+03	1.995508e+04
2.147050e+03	1.636875e+04
2.148650e+03	3.299071e+04
2.150120e+03	6.269653e+04
2.151160e+03	9.533144e+04
2.152030e+03	1.302080e+05
2.152870e+03	1.720347e+05
2.153480e+03	2.037687e+05
2.154070e+03	2.336956e+05
2.154730e+03	2.662541e+05
2.155500e+03	3.003778e+05
2.156160e+03	3.257548e+05
2.156820e+03	3.485439e+05
2.157570e+03	3.864286e+05
2.158210e+03	4.158436e+05
2.158840e+03	4.427234e+05
2.159420e+03	4.657448e+05
2.160010e+03	4.868730e+05
2.160630e+03	5.075186e+05
2.161260e+03	5.268690e+05
2.162290e+03	5.552505e+05
2.163290e+03	5.795352e+05
2.164560e+03	6.065105e+05
2.166030e+03	6.334901e+05
2.167690e+03	6.595366e+05
2.169990e+03	6.896355e+05
2.172320e+03	7.050317e+05
2.175280e+03	7.119985e+05
2.178740e+03	7.163193e+05
2.182440e+03	7.179704e+05
2.186080e+03	7.175610e+05
2.191460e+03	7.144842e+05
2.196520e+03	7.099436e+05
2.201920e+03	7.040292e+05
2.207660e+03	6.971157e+05
2.213740e+03	6.894654e+05
2.220040e+03	6.813285e+05
2.227740e+03	6.714732e+05
2.235290e+03	6.619574e+05
2.243320e+03	6.518996e+05
2.251640e+03	6.420374e+05
2.259430e+03	6.330484e+05
2.269690e+03	6.214713e+05
2.282380e+03	6.061620e+05
2.294370e+03	5.928117e+05
2.308550e+03	5.782160e+05
2.325780e+03	5.622199e+05
2.346100e+03	5.451770e+05
2.378190e+03	5.217144e+05
2.418660e+03	4.968882e+05
2.457900e+03	4.763706e+05
2.495560e+03	4.593423e+05
2.535470e+03	4.380520e+05
2.578230e+03	4.155696e+05
2.628320e+03	3.947806e+05
2.688100e+03	3.740963e+05
2.761490e+03	3.530277e+05
2.844400e+03	3.333614e+05
2.970760e+03	3.093784e+05
3.133790e+03	2.854811e+05
3.424990e+03	2.546850e+05
3.752710e+03	2.302021e+05
4.295860e+03	2.022277e+05
4.968640e+03	1.787690e+05
5.762830e+03	1.459997e+05
7.360820e+03	9.942208e+04
8.974240e+03	7.714876e+04
1.159620e+04	5.778043e+04
1.539200e+04	3.796206e+04
2.113310e+04	1.974032e+04
2.667660e+04	7.984113e+03
3.607950e+04	1.249920e+03
4.700930e+04	2.364107e+01
6.808440e+04	4.769314e-02
