-1.000000e+02	3.815647e+12
-9.000000e+01	7.984762e+06
-8.000000e+01	1.391800e+07
-7.000000e+01	2.339733e+07
-6.000000e+01	3.805316e+07
-5.000000e+01	6.010958e+07
-4.000000e+01	9.247618e+07
-3.000000e+01	1.392004e+08
-2.000000e+01	2.041268e+08
-1.000000e+01	2.933689e+08
0.000000e+00	4.124681e+08
1.000000e+01	5.708075e+08
2.000000e+01	7.773804e+08
3.500000e+01	1.204256e+09
5.000000e+01	1.808773e+09
7.500000e+01	3.357438e+09
1.000000e+02	5.889242e+09
1.250000e+02	9.850566e+09
1.500000e+02	1.583220e+10
1.750000e+02	2.446817e+10
2.000000e+02	3.668221e+10
2.500000e+02	7.621493e+10
3.000000e+02	1.454539e+11
3.500000e+02	2.544990e+11
4.000000e+02	4.019718e+11
4.500000e+02	5.613433e+11
4.900000e+02	6.838738e+11
5.250000e+02	7.852699e+11
5.600000e+02	8.825259e+11
6.150000e+02	1.061448e+12
6.600000e+02	1.232385e+12
7.000000e+02	1.400977e+12
7.500000e+02	1.482659e+12
8.000000e+02	1.384541e+12
8.540000e+02	1.146171e+12
9.000000e+02	9.288708e+11
9.460000e+02	7.397387e+11
9.710000e+02	6.492641e+11
1.003000e+03	5.493255e+11
1.032000e+03	4.710507e+11
1.065000e+03	3.942115e+11
1.101000e+03	3.235515e+11
1.143000e+03	2.562674e+11
1.214000e+03	1.716018e+11
1.299000e+03	1.047768e+11
1.398000e+03	5.807152e+10
1.520000e+03	2.772436e+10
1.617000e+03	1.553188e+10
1.722000e+03	8.331019e+09
1.820000e+03	4.708388e+09
1.894000e+03	3.080720e+09
1.946000e+03	2.304783e+09
1.989000e+03	1.823887e+09
2.024000e+03	1.515125e+09
2.055000e+03	1.290714e+09
2.083000e+03	1.121581e+09
2.098000e+03	1.041830e+09
2.110000e+03	9.832624e+08
2.120000e+03	9.376303e+08
2.126000e+03	9.096953e+08
2.130000e+03	8.900091e+08
2.132000e+03	8.780302e+08
2.134000e+03	8.613730e+08
2.136000e+03	8.384042e+08
2.138000e+03	7.990375e+08
2.141930e+03	6.989724e+08
2.145160e+03	5.447353e+08
2.147050e+03	4.036863e+08
2.148650e+03	3.357983e+08
2.150120e+03	2.813602e+08
2.151160e+03	2.444920e+08
2.152030e+03	2.160353e+08
2.152870e+03	1.913884e+08
2.153480e+03	1.756267e+08
2.154070e+03	1.621627e+08
2.154730e+03	1.485349e+08
2.155500e+03	1.352973e+08
2.156160e+03	1.258349e+08
2.156820e+03	1.177274e+08
2.157570e+03	1.100949e+08
2.158210e+03	1.046406e+08
2.158840e+03	9.999005e+07
2.159420e+03	9.618522e+07
2.160010e+03	9.283996e+07
2.160630e+03	8.966490e+07
2.161260e+03	8.678645e+07
2.162290e+03	8.272306e+07
2.163290e+03	7.932374e+07
2.164560e+03	7.565723e+07
2.166030e+03	7.206758e+07
2.167690e+03	6.865032e+07
2.169990e+03	6.473756e+07
2.172320e+03	6.146708e+07
2.175280e+03	5.800716e+07
2.178740e+03	5.468506e+07
2.182440e+03	5.172687e+07
2.186080e+03	4.927464e+07
2.191460e+03	4.625593e+07
2.196520e+03	4.390399e+07
2.201920e+03	4.175897e+07
2.207660e+03	3.984120e+07
2.213740e+03	3.807167e+07
2.220040e+03	3.649667e+07
2.227740e+03	3.482102e+07
2.235290e+03	3.341736e+07
2.243320e+03	3.207646e+07
2.251640e+03	3.087618e+07
2.259430e+03	2.985864e+07
2.269690e+03	2.868653e+07
2.282380e+03	2.742615e+07
2.294370e+03	2.638609e+07
2.308550e+03	2.529840e+07
2.325780e+03	2.416425e+07
2.346100e+03	2.301141e+07
2.378190e+03	2.150818e+07
2.418660e+03	2.001276e+07
2.457900e+03	1.883970e+07
2.495560e+03	1.790511e+07
2.535470e+03	1.707157e+07
2.578230e+03	1.632573e+07
2.628320e+03	1.561446e+07
2.688100e+03	1.489566e+07
2.761490e+03	1.415211e+07
2.844400e+03	1.344776e+07
2.970760e+03	1.257557e+07
3.133790e+03	1.169212e+07
3.424990e+03	1.053285e+07
3.752710e+03	9.594488e+06
4.295860e+03	8.504445e+06
4.968640e+03	7.575505e+06
5.762830e+03	6.803548e+06
7.360820e+03	5.768798e+06
8.974240e+03	5.060605e+06
1.159620e+04	4.268846e+06
1.539200e+04	3.515289e+06
2.113310e+04	2.783898e+06
2.667660e+04	2.311895e+06
3.607950e+04	1.767317e+06
4.700930e+04	1.353378e+06
6.808440e+04	8.745636e+05
