-1.000000e+02	1.366000e+17
-9.000000e+01	2.894494e+11
-8.000000e+01	5.045305e+11
-7.000000e+01	8.481582e+11
-6.000000e+01	1.379437e+12
-5.000000e+01	2.178996e+12
-4.000000e+01	3.352309e+12
-3.000000e+01	5.046113e+12
-2.000000e+01	7.399799e+12
-1.000000e+01	1.063504e+13
0.000000e+00	1.495276e+13
1.000000e+01	2.069323e+13
2.000000e+01	2.818270e+13
3.500000e+01	4.366058e+13
5.000000e+01	6.558223e+13
7.500000e+01	1.217544e+14
1.000000e+02	2.136420e+14
1.250000e+02	3.575577e+14
1.500000e+02	5.754391e+14
1.750000e+02	8.913848e+14
2.000000e+02	1.339707e+15
2.500000e+02	2.798443e+15
3.000000e+02	5.387886e+15
3.500000e+02	9.663569e+15
4.000000e+02	1.622438e+16
4.500000e+02	2.544140e+16
4.900000e+02	3.440586e+16
5.250000e+02	4.290774e+16
5.600000e+02	5.131761e+16
6.150000e+02	6.197408e+16
6.600000e+02	6.646905e+16
7.000000e+02	6.614398e+16
7.500000e+02	6.125246e+16
8.000000e+02	5.293191e+16
8.540000e+02	4.243259e+16
9.000000e+02	3.412883e+16
9.460000e+02	2.708864e+16
9.710000e+02	2.374438e+16
1.003000e+03	2.007414e+16
1.032000e+03	1.720421e+16
1.065000e+03	1.438991e+16
1.101000e+03	1.180434e+16
1.143000e+03	9.345737e+15
1.214000e+03	6.256405e+15
1.299000e+03	3.818546e+15
1.398000e+03	2.114415e+15
1.520000e+03	1.007425e+15
1.617000e+03	5.636364e+14
1.722000e+03	3.021244e+14
1.820000e+03	1.707034e+14
1.894000e+03	1.116846e+14
1.946000e+03	8.355146e+13
1.989000e+03	6.611590e+13
2.024000e+03	5.492090e+13
2.055000e+03	4.678588e+13
2.083000e+03	4.065476e+13
2.098000e+03	3.776380e+13
2.110000e+03	3.564074e+13
2.120000e+03	3.398661e+13
2.126000e+03	3.297403e+13
2.130000e+03	3.226050e+13
2.132000e+03	3.182638e+13
2.134000e+03	3.122284e+13
2.136000e+03	3.039075e+13
2.138000e+03	2.896514e+13
2.141930e+03	2.534379e+13
2.145160e+03	1.975958e+13
2.147050e+03	1.463456e+13
2.148650e+03	1.217109e+13
2.150120e+03	1.019906e+13
2.151160e+03	8.864080e+12
2.152030e+03	7.833826e+12
2.152870e+03	6.942061e+12
2.153480e+03	6.371981e+12
2.154070e+03	5.885130e+12
2.154730e+03	5.392457e+12
2.155500e+03	4.913993e+12
2.156160e+03	4.572020e+12
2.156820e+03	4.278998e+12
2.157570e+03	4.003425e+12
2.158210e+03	3.806881e+12
2.158840e+03	3.639360e+12
2.159420e+03	3.502340e+12
2.160010e+03	3.381900e+12
2.160630e+03	3.267609e+12
2.161260e+03	3.164015e+12
2.162290e+03	3.017814e+12
2.163290e+03	2.895523e+12
2.164560e+03	2.763646e+12
2.166030e+03	2.634553e+12
2.167690e+03	2.511669e+12
2.169990e+03	2.370975e+12
2.172320e+03	2.253128e+12
2.175280e+03	2.127995e+12
2.178740e+03	2.007759e+12
2.182440e+03	1.900613e+12
2.186080e+03	1.811729e+12
2.191460e+03	1.702217e+12
2.196520e+03	1.616816e+12
2.201920e+03	1.538864e+12
2.207660e+03	1.469112e+12
2.213740e+03	1.404706e+12
2.220040e+03	1.347331e+12
2.227740e+03	1.286248e+12
2.235290e+03	1.235034e+12
2.243320e+03	1.186074e+12
2.251640e+03	1.142219e+12
2.259430e+03	1.105017e+12
2.269690e+03	1.062129e+12
2.282380e+03	1.015913e+12
2.294370e+03	9.777367e+11
2.308550e+03	9.377891e+11
2.325780e+03	8.961072e+11
2.346100e+03	8.537101e+11
2.378190e+03	7.983816e+11
2.418660e+03	7.432870e+11
2.457900e+03	7.000310e+11
2.495560e+03	6.655437e+11
2.535470e+03	6.346386e+11
2.578230e+03	6.067846e+11
2.628320e+03	5.802457e+11
2.688100e+03	5.534384e+11
2.761490e+03	5.257210e+11
2.844400e+03	4.994759e+11
2.970760e+03	4.669909e+11
3.133790e+03	4.341021e+11
3.424990e+03	3.909668e+11
3.752710e+03	3.560681e+11
4.295860e+03	3.155463e+11
4.968640e+03	2.810279e+11
5.762830e+03	2.519148e+11
7.360820e+03	2.126916e+11
8.974240e+03	1.862075e+11
1.159620e+04	1.568046e+11
1.539200e+04	1.287819e+11
2.113310e+04	1.016180e+11
2.667660e+04	8.407488e+10
3.607950e+04	6.409176e+10
4.700930e+04	4.904501e+10
6.808440e+04	3.169270e+10
