-1.000000e+02	1.366000e+16
-9.000000e+01	2.833430e+10
-8.000000e+01	4.938953e+10
-7.000000e+01	8.302886e+10
-6.000000e+01	1.350382e+11
-5.000000e+01	2.133104e+11
-4.000000e+01	3.281709e+11
-3.000000e+01	4.939842e+11
-2.000000e+01	7.243960e+11
-1.000000e+01	1.041106e+12
0.000000e+00	1.463785e+12
1.000000e+01	2.025743e+12
2.000000e+01	2.758917e+12
3.500000e+01	4.274110e+12
5.000000e+01	6.420108e+12
7.500000e+01	1.191902e+13
1.000000e+02	2.091427e+13
1.250000e+02	3.500276e+13
1.500000e+02	5.633205e+13
1.750000e+02	8.726123e+13
2.000000e+02	1.311493e+14
2.500000e+02	2.739508e+14
3.000000e+02	5.274418e+14
3.500000e+02	9.460056e+14
4.000000e+02	1.588269e+15
4.500000e+02	2.490561e+15
4.900000e+02	3.368128e+15
5.250000e+02	4.200410e+15
5.600000e+02	5.023687e+15
6.150000e+02	6.066891e+15
6.600000e+02	6.506922e+15
7.000000e+02	6.475099e+15
7.500000e+02	5.996249e+15
8.000000e+02	5.181716e+15
8.540000e+02	4.153896e+15
9.000000e+02	3.341006e+15
9.460000e+02	2.651812e+15
9.710000e+02	2.324427e+15
1.003000e+03	1.965124e+15
1.032000e+03	1.684175e+15
1.065000e+03	1.408672e+15
1.101000e+03	1.155561e+15
1.143000e+03	9.148728e+14
1.214000e+03	6.124510e+14
1.299000e+03	3.738105e+14
1.398000e+03	2.069972e+14
1.520000e+03	9.863356e+13
1.617000e+03	5.518665e+13
1.722000e+03	2.958106e+13
1.820000e+03	1.671396e+13
1.894000e+03	1.093484e+13
1.946000e+03	8.180332e+12
1.989000e+03	6.473305e+12
2.024000e+03	5.377349e+12
2.055000e+03	4.580814e+12
2.083000e+03	3.980504e+12
2.098000e+03	3.697446e+12
2.110000e+03	3.489576e+12
2.120000e+03	3.327616e+12
2.126000e+03	3.228467e+12
2.130000e+03	3.158595e+12
2.132000e+03	3.116076e+12
2.134000e+03	3.056951e+12
2.136000e+03	2.975421e+12
2.138000e+03	2.835686e+12
2.141930e+03	2.480519e+12
2.145160e+03	1.933091e+12
2.147050e+03	1.431691e+12
2.148650e+03	1.185719e+12
2.150120e+03	9.747785e+11
2.151160e+03	8.106365e+11
2.152030e+03	6.624910e+11
2.152870e+03	5.202770e+11
2.153480e+03	4.252009e+11
2.154070e+03	3.455176e+11
2.154730e+03	2.700766e+11
2.155500e+03	2.042714e+11
2.156160e+03	1.632610e+11
2.156820e+03	1.325790e+11
2.157570e+03	1.102168e+11
2.158210e+03	9.600244e+10
2.158840e+03	8.494581e+10
2.159420e+03	7.666869e+10
2.160010e+03	6.990735e+10
2.160630e+03	6.395438e+10
2.161260e+03	5.890091e+10
2.162290e+03	5.228916e+10
2.163290e+03	4.725648e+10
2.164560e+03	4.225929e+10
2.166030e+03	3.778585e+10
2.167690e+03	3.388685e+10
2.169990e+03	2.981377e+10
2.172320e+03	2.636469e+10
2.175280e+03	2.280572e+10
2.178740e+03	1.971958e+10
2.182440e+03	1.721651e+10
2.186080e+03	1.530199e+10
2.191460e+03	1.313272e+10
2.196520e+03	1.157462e+10
2.201920e+03	1.024759e+10
2.207660e+03	9.136807e+09
2.213740e+03	8.167317e+09
2.220040e+03	7.356350e+09
2.227740e+03	6.539015e+09
2.235290e+03	5.898436e+09
2.243320e+03	5.319492e+09
2.251640e+03	4.829523e+09
2.259430e+03	4.434389e+09
2.269690e+03	3.999816e+09
2.282380e+03	3.544648e+09
2.294370e+03	3.195013e+09
2.308550e+03	2.852537e+09
2.325780e+03	2.522062e+09
2.346100e+03	2.212523e+09
2.378190e+03	1.848408e+09
2.418660e+03	1.529939e+09
2.457900e+03	1.308779e+09
2.495560e+03	1.149848e+09
2.535470e+03	9.994015e+08
2.578230e+03	8.648599e+08
2.628320e+03	7.482952e+08
2.688100e+03	6.447324e+08
2.761490e+03	5.510557e+08
2.844400e+03	4.735666e+08
2.970760e+03	3.910048e+08
3.133790e+03	3.205208e+08
3.424990e+03	2.449943e+08
3.752710e+03	1.956028e+08
4.295860e+03	1.490736e+08
4.968640e+03	1.170069e+08
5.762830e+03	8.019976e+07
7.360820e+03	3.971818e+07
8.974240e+03	2.537804e+07
1.159620e+04	1.556911e+07
1.539200e+04	7.606971e+06
2.113310e+04	2.437733e+06
2.667660e+04	4.630137e+05
3.607950e+04	1.413528e+04
4.700930e+04	6.318681e+00
6.808440e+04	3.719330e-05
