-1.000000e+02	1.907612e+09
-9.000000e+01	1.087665e+06
-8.000000e+01	1.005805e+06
-7.000000e+01	7.582053e+05
-6.000000e+01	4.776910e+05
-5.000000e+01	2.419529e+05
-4.000000e+01	1.196042e+05
-3.000000e+01	5.003830e+04
-2.000000e+01	2.165124e+04
-1.000000e+01	9.037822e+03
0.000000e+00	4.233865e+03
1.000000e+01	1.936357e+03
2.000000e+01	9.101075e+02
3.500000e+01	2.965683e+02
5.000000e+01	1.122202e+02
7.500000e+01	3.220834e+01
1.000000e+02	9.824561e+00
1.250000e+02	3.457108e+00
1.500000e+02	1.168041e+00
1.750000e+02	5.176881e-01
2.000000e+02	3.008266e-01
2.500000e+02	1.638960e-01
3.000000e+02	8.009135e-02
3.500000e+02	2.663967e-02
4.000000e+02	6.941168e-03
4.500000e+02	1.830929e-03
4.900000e+02	9.804802e-04
5.250000e+02	7.293672e-04
5.600000e+02	6.629043e-04
6.150000e+02	1.122582e-03
6.600000e+02	3.123915e-03
7.000000e+02	1.677630e-02
7.500000e+02	1.899733e-01
8.000000e+02	3.018834e+00
8.540000e+02	6.819642e+01
9.000000e+02	5.293180e+02
9.460000e+02	2.315667e+03
9.710000e+02	4.697924e+03
1.003000e+03	8.319256e+03
1.032000e+03	1.195000e+04
1.065000e+03	1.623497e+04
1.101000e+03	2.040605e+04
1.143000e+03	2.256652e+04
1.214000e+03	1.939120e+04
1.299000e+03	1.392931e+04
1.398000e+03	9.700747e+03
1.520000e+03	8.566923e+03
1.617000e+03	9.999587e+03
1.722000e+03	1.205767e+04
1.820000e+03	1.224308e+04
1.894000e+03	1.223088e+04
1.946000e+03	1.167496e+04
1.989000e+03	1.126821e+04
2.024000e+03	1.090312e+04
2.055000e+03	1.081273e+04
2.083000e+03	1.079080e+04
2.098000e+03	1.084628e+04
2.110000e+03	1.094599e+04
2.120000e+03	1.139391e+04
2.126000e+03	1.249433e+04
2.130000e+03	1.411666e+04
2.132000e+03	1.627443e+04
2.134000e+03	2.219047e+04
2.136000e+03	3.760591e+04
2.138000e+03	1.076374e+05
2.141930e+03	1.351983e+06
2.145160e+03	3.602068e+07
2.147050e+03	9.120247e+08
2.148650e+03	6.146954e+09
2.150120e+03	2.440163e+10
2.151160e+03	5.855043e+10
2.152030e+03	1.073886e+11
2.152870e+03	1.635883e+11
2.153480e+03	2.037059e+11
2.154070e+03	2.363676e+11
2.154730e+03	2.640648e+11
2.155500e+03	2.833098e+11
2.156160e+03	2.909021e+11
2.156820e+03	2.929897e+11
2.157570e+03	2.891206e+11
2.158210e+03	2.838119e+11
2.158840e+03	2.781998e+11
2.159420e+03	2.728200e+11
2.160010e+03	2.675572e+11
2.160630e+03	2.620790e+11
2.161260e+03	2.567503e+11
2.162290e+03	2.486657e+11
2.163290e+03	2.413559e+11
2.164560e+03	2.329743e+11
2.166030e+03	2.242605e+11
2.167690e+03	2.154969e+11
2.169990e+03	2.048978e+11
2.172320e+03	1.956256e+11
2.175280e+03	1.856225e+11
2.178740e+03	1.753197e+11
2.182440e+03	1.655242e+11
2.186080e+03	1.569270e+11
2.191460e+03	1.457183e+11
2.196520e+03	1.364923e+11
2.201920e+03	1.277006e+11
2.207660e+03	1.195578e+11
2.213740e+03	1.118063e+11
2.220040e+03	1.047711e+11
2.227740e+03	9.714319e+10
2.235290e+03	9.071761e+10
2.243320e+03	8.455513e+10
2.251640e+03	7.905016e+10
2.259430e+03	7.440448e+10
2.269690e+03	6.910784e+10
2.282380e+03	6.342685e+10
2.294370e+03	5.881782e+10
2.308550e+03	5.409899e+10
2.325780e+03	4.933018e+10
2.346100e+03	4.465389e+10
2.378190e+03	3.885879e+10
2.418660e+03	3.348709e+10
2.457900e+03	2.956406e+10
2.495560e+03	2.663224e+10
2.535470e+03	2.411458e+10
2.578230e+03	2.172051e+10
2.628320e+03	1.953668e+10
2.688100e+03	1.749437e+10
2.761490e+03	1.555017e+10
2.844400e+03	1.386026e+10
2.970760e+03	1.196272e+10
3.133790e+03	1.024701e+10
3.424990e+03	8.285302e+09
3.752710e+03	6.914533e+09
4.295860e+03	5.539996e+09
4.968640e+03	4.532095e+09
5.762830e+03	3.614476e+09
7.360820e+03	2.287585e+09
8.974240e+03	1.683400e+09
1.159620e+04	1.187653e+09
1.539200e+04	7.603872e+08
2.113310e+04	3.992550e+08
2.667660e+04	1.559665e+08
3.607950e+04	2.549057e+07
4.700930e+04	4.955441e+05
6.808440e+04	8.315928e+02
