-1.000000e+02	6.245547e-15
-9.000000e+01	3.304118e-16
-8.000000e+01	5.134187e-17
-7.000000e+01	4.163037e-18
-6.000000e+01	2.103210e-19
-5.000000e+01	6.218735e-21
-4.000000e+01	1.632402e-22
-3.000000e+01	2.755954e-24
-2.000000e+01	6.037796e-26
-1.000000e+01	1.284772e-27
0.000000e+00	4.350430e-29
1.000000e+01	1.430990e-30
2.000000e+01	5.498353e-32
3.500000e+01	4.722019e-34
5.000000e+01	7.573019e-36
7.500000e+01	3.318452e-38
1.000000e+02	2.381476e-40
1.250000e+02	3.180789e-42
1.500000e+02	4.736372e-44
1.750000e+02	1.932677e-45
2.000000e+02	1.694271e-46
2.500000e+02	5.505200e-48
3.000000e+02	1.538619e-49
3.500000e+02	1.916124e-51
4.000000e+02	1.327426e-53
4.500000e+02	1.006001e-55
4.900000e+02	8.924435e-57
5.250000e+02	2.541934e-57
5.600000e+02	1.467987e-57
6.150000e+02	6.485485e-57
6.600000e+02	1.716034e-55
7.000000e+02	4.277813e-53
7.500000e+02	1.295162e-49
8.000000e+02	1.270455e-45
8.540000e+02	5.683764e-41
9.000000e+02	1.073468e-37
9.460000e+02	3.226086e-35
9.710000e+02	5.260495e-34
1.003000e+03	6.007091e-33
1.032000e+03	3.196884e-32
1.065000e+03	1.462309e-31
1.101000e+03	5.231450e-31
1.143000e+03	1.277614e-30
1.214000e+03	2.027368e-30
1.299000e+03	2.057847e-30
1.398000e+03	2.004632e-30
1.520000e+03	3.683595e-30
1.617000e+03	9.799094e-30
1.722000e+03	2.862556e-29
1.820000e+03	5.639059e-29
1.894000e+03	9.037179e-29
1.946000e+03	1.157871e-28
1.989000e+03	1.439276e-28
2.024000e+03	1.708379e-28
2.055000e+03	2.060495e-28
2.083000e+03	2.507848e-28
2.098000e+03	2.854727e-28
2.110000e+03	3.224637e-28
2.120000e+03	4.016268e-28
2.126000e+03	5.888152e-28
2.130000e+03	9.500043e-28
2.132000e+03	1.627762e-27
2.134000e+03	5.180585e-27
2.136000e+03	3.681724e-26
2.138000e+03	1.818245e-24
2.141930e+03	2.223016e-20
2.145160e+03	5.274884e-15
2.147050e+03	2.839680e-09
2.148650e+03	3.112981e-05
2.150120e+03	4.224451e-02
2.151160e+03	5.220559e+00
2.152030e+03	1.930344e+02
2.152870e+03	3.792398e+03
2.153480e+03	2.404569e+04
2.154070e+03	1.107337e+05
2.154730e+03	4.934391e+05
2.155500e+03	2.051632e+06
2.156160e+03	5.563620e+06
2.156820e+03	1.293716e+07
2.157570e+03	2.753151e+07
2.158210e+03	4.707489e+07
2.158840e+03	7.444749e+07
2.159420e+03	1.079382e+08
2.160010e+03	1.495141e+08
2.160630e+03	2.030039e+08
2.161260e+03	2.676667e+08
2.162290e+03	3.952191e+08
2.163290e+03	5.443432e+08
2.164560e+03	7.671165e+08
2.166030e+03	1.068801e+09
2.167690e+03	1.458598e+09
2.169990e+03	2.069877e+09
2.172320e+03	2.801960e+09
2.175280e+03	3.880684e+09
2.178740e+03	5.261631e+09
2.182440e+03	6.847470e+09
2.186080e+03	8.462953e+09
2.191460e+03	1.086806e+10
2.196520e+03	1.308587e+10
2.201920e+03	1.537842e+10
2.207660e+03	1.762414e+10
2.213740e+03	1.987035e+10
2.220040e+03	2.194677e+10
2.227740e+03	2.424736e+10
2.235290e+03	2.616199e+10
2.243320e+03	2.797910e+10
2.251640e+03	2.956403e+10
2.259430e+03	3.086499e+10
2.269690e+03	3.229938e+10
2.282380e+03	3.381483e+10
2.294370e+03	3.493963e+10
2.308550e+03	3.599149e+10
2.325780e+03	3.691056e+10
2.346100e+03	3.764820e+10
2.378190e+03	3.826997e+10
2.418660e+03	3.845448e+10
2.457900e+03	3.828221e+10
2.495560e+03	3.793560e+10
2.535470e+03	3.765669e+10
2.578230e+03	3.739281e+10
2.628320e+03	3.703539e+10
2.688100e+03	3.650099e+10
2.761490e+03	3.577223e+10
2.844400e+03	3.492418e+10
2.970760e+03	3.367251e+10
3.133790e+03	3.219263e+10
3.424990e+03	2.995449e+10
3.752710e+03	2.792185e+10
4.295860e+03	2.533994e+10
4.968640e+03	2.297458e+10
5.762830e+03	2.115151e+10
7.360820e+03	1.859247e+10
8.974240e+03	1.658581e+10
1.159620e+04	1.418968e+10
1.539200e+04	1.188193e+10
2.113310e+04	9.587692e+09
2.667660e+04	8.089976e+09
3.607950e+04	6.254452e+09
4.700930e+04	4.802307e+09
6.808440e+04	3.103490e+09
