-1.000000e+02	1.328976e+17
-9.000000e+01	2.343410e+10
-8.000000e+01	4.914011e+10
-7.000000e+01	1.061805e+11
-6.000000e+01	2.356474e+11
-5.000000e+01	5.545949e+11
-4.000000e+01	1.189674e+12
-3.000000e+01	2.463150e+12
-2.000000e+01	4.622632e+12
-1.000000e+01	7.922666e+12
0.000000e+00	1.236645e+13
1.000000e+01	1.830265e+13
2.000000e+01	2.596086e+13
3.500000e+01	4.155869e+13
5.000000e+01	6.332731e+13
7.500000e+01	1.185939e+14
1.000000e+02	2.087614e+14
1.250000e+02	3.497727e+14
1.500000e+02	5.631676e+14
1.750000e+02	8.725106e+14
2.000000e+02	1.311408e+15
2.500000e+02	2.739430e+15
3.000000e+02	5.274352e+15
3.500000e+02	9.460016e+15
4.000000e+02	1.588267e+16
4.500000e+02	2.490560e+16
4.900000e+02	3.368127e+16
5.250000e+02	4.200410e+16
5.600000e+02	5.023686e+16
6.150000e+02	6.066890e+16
6.600000e+02	6.506921e+16
7.000000e+02	6.475096e+16
7.500000e+02	5.996236e+16
8.000000e+02	5.181660e+16
8.540000e+02	4.153630e+16
9.000000e+02	3.340380e+16
9.460000e+02	2.650732e+16
9.710000e+02	2.323044e+16
1.003000e+03	1.963527e+16
1.032000e+03	1.682461e+16
1.065000e+03	1.406890e+16
1.101000e+03	1.153776e+16
1.143000e+03	9.132189e+15
1.214000e+03	6.112072e+15
1.299000e+03	3.729701e+15
1.398000e+03	2.064292e+15
1.520000e+03	9.814852e+14
1.617000e+03	5.463683e+14
1.722000e+03	2.894590e+14
1.820000e+03	1.609372e+14
1.894000e+03	1.034387e+14
1.946000e+03	7.635834e+13
1.989000e+03	5.964833e+13
2.024000e+03	4.898033e+13
2.055000e+03	4.120055e+13
2.083000e+03	3.536869e+13
2.098000e+03	3.262316e+13
2.110000e+03	3.060549e+13
2.120000e+03	2.898926e+13
2.126000e+03	2.790176e+13
2.130000e+03	2.704881e+13
2.132000e+03	2.642153e+13
2.134000e+03	2.534939e+13
2.136000e+03	2.362655e+13
2.138000e+03	2.012502e+13
2.141930e+03	1.106264e+13
2.145160e+03	2.990955e+12
2.147050e+03	7.867008e+11
2.148650e+03	5.721449e+11
2.150120e+03	4.767852e+11
2.151160e+03	4.149745e+11
2.152030e+03	3.697459e+11
2.152870e+03	3.381886e+11
2.153480e+03	3.169316e+11
2.154070e+03	2.980556e+11
2.154730e+03	2.782330e+11
2.155500e+03	2.582443e+11
2.156160e+03	2.434874e+11
2.156820e+03	2.308417e+11
2.157570e+03	2.271104e+11
2.158210e+03	2.241921e+11
2.158840e+03	2.215151e+11
2.159420e+03	2.191818e+11
2.160010e+03	2.170135e+11
2.160630e+03	2.148459e+11
2.161260e+03	2.127810e+11
2.162290e+03	2.096897e+11
2.163290e+03	2.069310e+11
2.164560e+03	2.037599e+11
2.166030e+03	2.004389e+11
2.167690e+03	1.970573e+11
2.169990e+03	1.928921e+11
2.172320e+03	1.867479e+11
2.175280e+03	1.781716e+11
2.178740e+03	1.697389e+11
2.182440e+03	1.620615e+11
2.186080e+03	1.555739e+11
2.191460e+03	1.474308e+11
2.196520e+03	1.409640e+11
2.201920e+03	1.349707e+11
2.207660e+03	1.295348e+11
2.213740e+03	1.244523e+11
2.220040e+03	1.198755e+11
2.227740e+03	1.149495e+11
2.235290e+03	1.107796e+11
2.243320e+03	1.067579e+11
2.251640e+03	1.031263e+11
2.259430e+03	1.000239e+11
2.269690e+03	9.636101e+10
2.282380e+03	9.211800e+10
2.294370e+03	8.861338e+10
2.308550e+03	8.494479e+10
2.325780e+03	8.111671e+10
2.346100e+03	7.722264e+10
2.378190e+03	7.214154e+10
2.418660e+03	6.708463e+10
2.457900e+03	6.311684e+10
2.495560e+03	5.995562e+10
2.535470e+03	5.649319e+10
2.578230e+03	5.305484e+10
2.628320e+03	4.988524e+10
2.688100e+03	4.678820e+10
2.761490e+03	4.369133e+10
2.844400e+03	4.085313e+10
2.970760e+03	3.746092e+10
3.133790e+03	3.415582e+10
3.424990e+03	3.000679e+10
3.752710e+03	2.679522e+10
4.295860e+03	2.321925e+10
4.968640e+03	2.029548e+10
5.762830e+03	1.657108e+10
7.360820e+03	1.135695e+10
8.974240e+03	8.819230e+09
1.159620e+04	6.597917e+09
1.539200e+04	4.355854e+09
2.113310e+04	2.289402e+09
2.667660e+04	9.395109e+08
3.607950e+04	1.486755e+08
4.700930e+04	2.815033e+06
6.808440e+04	5.649611e+03
