-1.000000e+02	6.664459e+06
-9.000000e+01	2.504362e-02
-8.000000e+01	3.731834e-02
-7.000000e+01	5.354203e-02
-6.000000e+01	7.685439e-02
-5.000000e+01	1.187118e-01
-4.000000e+01	1.694413e-01
-3.000000e+01	2.438459e-01
-2.000000e+01	3.666845e-01
-1.000000e+01	5.529233e-01
0.000000e+00	8.266197e-01
1.000000e+01	1.222908e+00
2.000000e+01	1.811443e+00
3.500000e+01	3.238760e+00
5.000000e+01	5.766210e+00
7.500000e+01	1.427556e+01
1.000000e+02	3.701019e+01
1.250000e+02	9.083260e+01
1.500000e+02	2.417668e+02
1.750000e+02	6.149349e+02
2.000000e+02	1.245206e+03
2.500000e+02	3.770964e+03
3.000000e+02	1.030630e+04
3.500000e+02	3.324916e+04
4.000000e+02	1.084115e+05
4.500000e+02	3.048600e+05
4.900000e+02	5.768978e+05
5.250000e+02	8.933930e+05
5.600000e+02	1.245903e+06
6.150000e+02	1.635870e+06
6.600000e+02	1.632366e+06
7.000000e+02	1.295994e+06
7.500000e+02	7.958391e+05
8.000000e+02	4.063901e+05
8.540000e+02	2.091302e+05
9.000000e+02	1.569348e+05
9.460000e+02	1.256508e+05
9.710000e+02	1.109105e+05
1.003000e+03	9.780146e+04
1.032000e+03	8.564114e+04
1.065000e+03	7.227745e+04
1.101000e+03	5.885814e+04
1.143000e+03	4.600040e+04
1.214000e+03	3.067695e+04
1.299000e+03	1.785799e+04
1.398000e+03	8.342041e+03
1.520000e+03	2.285041e+03
1.617000e+03	6.434429e+02
1.722000e+03	1.620806e+02
1.820000e+03	5.329798e+01
1.894000e+03	2.398338e+01
1.946000e+03	1.462119e+01
1.989000e+03	9.843808e+00
2.024000e+03	7.227119e+00
2.055000e+03	5.465744e+00
2.083000e+03	4.316838e+00
2.098000e+03	3.825572e+00
2.110000e+03	3.485125e+00
2.120000e+03	3.241976e+00
2.126000e+03	3.120054e+00
2.130000e+03	3.053883e+00
2.132000e+03	3.036381e+00
2.134000e+03	3.048754e+00
2.136000e+03	3.096953e+00
2.138000e+03	3.223515e+00
2.141930e+03	3.445913e+00
2.145160e+03	3.446328e+00
2.147050e+03	6.026016e+00
2.148650e+03	2.262649e+01
2.150120e+03	7.088861e+01
2.151160e+03	1.511665e+02
2.152030e+03	2.674568e+02
2.152870e+03	4.412482e+02
2.153480e+03	6.020188e+02
2.154070e+03	7.782722e+02
2.154730e+03	9.999292e+02
2.155500e+03	1.268865e+03
2.156160e+03	1.497019e+03
2.156820e+03	1.722505e+03
2.157570e+03	2.048931e+03
2.158210e+03	2.319370e+03
2.158840e+03	2.579412e+03
2.159420e+03	2.812114e+03
2.160010e+03	3.033790e+03
2.160630e+03	3.258112e+03
2.161260e+03	3.475268e+03
2.162290e+03	3.806018e+03
2.163290e+03	4.101248e+03
2.164560e+03	4.442566e+03
2.166030e+03	4.798783e+03
2.167690e+03	5.157628e+03
2.169990e+03	5.591932e+03
2.172320e+03	5.892467e+03
2.175280e+03	6.143728e+03
2.178740e+03	6.371511e+03
2.182440e+03	6.559628e+03
2.186080e+03	6.701854e+03
2.191460e+03	6.854173e+03
2.196520e+03	6.952393e+03
2.201920e+03	7.023922e+03
2.207660e+03	7.069991e+03
2.213740e+03	7.098713e+03
2.220040e+03	7.108144e+03
2.227740e+03	7.104083e+03
2.235290e+03	7.084263e+03
2.243320e+03	7.052910e+03
2.251640e+03	7.013483e+03
2.259430e+03	6.971697e+03
2.269690e+03	6.908114e+03
2.282380e+03	6.806223e+03
2.294370e+03	6.711329e+03
2.308550e+03	6.602544e+03
2.325780e+03	6.477085e+03
2.346100e+03	6.337355e+03
2.378190e+03	6.135497e+03
2.418660e+03	5.910627e+03
2.457900e+03	5.717099e+03
2.495560e+03	5.551549e+03
2.535470e+03	5.330520e+03
2.578230e+03	5.090460e+03
2.628320e+03	4.867614e+03
2.688100e+03	4.642767e+03
2.761490e+03	4.410498e+03
2.844400e+03	4.190686e+03
2.970760e+03	3.918613e+03
3.133790e+03	3.643061e+03
3.424990e+03	3.281270e+03
3.752710e+03	2.988232e+03
4.295860e+03	2.647427e+03
4.968640e+03	2.356723e+03
5.762830e+03	1.943697e+03
7.360820e+03	1.344851e+03
8.974240e+03	1.052910e+03
1.159620e+04	7.954840e+02
1.539200e+04	5.282546e+02
2.113310e+04	2.782313e+02
2.667660e+04	1.138055e+02
3.607950e+04	1.799120e+01
4.700930e+04	3.417263e-01
6.808440e+04	6.916296e-04
