-1.000000e+02	1.641266e+10
-9.000000e+01	3.405909e+04
-8.000000e+01	5.936737e+04
-7.000000e+01	9.980154e+04
-6.000000e+01	1.623164e+05
-5.000000e+01	2.563993e+05
-4.000000e+01	3.944614e+05
-3.000000e+01	5.937688e+05
-2.000000e+01	8.707236e+05
-1.000000e+01	1.251409e+06
0.000000e+00	1.759469e+06
1.000000e+01	2.434942e+06
2.000000e+01	3.316217e+06
3.500000e+01	5.137477e+06
5.000000e+01	7.716964e+06
7.500000e+01	1.432665e+07
1.000000e+02	2.513892e+07
1.250000e+02	4.207323e+07
1.500000e+02	6.771088e+07
1.750000e+02	1.048874e+08
2.000000e+02	1.576402e+08
2.500000e+02	3.292851e+08
3.000000e+02	6.339748e+08
3.500000e+02	1.137065e+09
4.000000e+02	1.908991e+09
4.500000e+02	2.993349e+09
4.900000e+02	4.047913e+09
5.250000e+02	5.048000e+09
5.600000e+02	6.037225e+09
6.150000e+02	7.290767e+09
6.600000e+02	7.819688e+09
7.000000e+02	7.781774e+09
7.500000e+02	7.206695e+09
8.000000e+02	6.228017e+09
8.540000e+02	4.992774e+09
9.000000e+02	4.015732e+09
9.460000e+02	3.187352e+09
9.710000e+02	2.793851e+09
1.003000e+03	2.361982e+09
1.032000e+03	2.024293e+09
1.065000e+03	1.693151e+09
1.101000e+03	1.388925e+09
1.143000e+03	1.099631e+09
1.214000e+03	7.361354e+08
1.299000e+03	4.493024e+08
1.398000e+03	2.488023e+08
1.520000e+03	1.185552e+08
1.617000e+03	6.633370e+07
1.722000e+03	3.555627e+07
1.820000e+03	2.009013e+07
1.894000e+03	1.314365e+07
1.946000e+03	9.832744e+06
1.989000e+03	7.780903e+06
2.024000e+03	6.463567e+06
2.055000e+03	5.506133e+06
2.083000e+03	4.784561e+06
2.098000e+03	4.444327e+06
2.110000e+03	4.194466e+06
2.120000e+03	3.999792e+06
2.126000e+03	3.880615e+06
2.130000e+03	3.796628e+06
2.132000e+03	3.745521e+06
2.134000e+03	3.674452e+06
2.136000e+03	3.576453e+06
2.138000e+03	3.408491e+06
2.141930e+03	2.981583e+06
2.145160e+03	2.323615e+06
2.147050e+03	1.721962e+06
2.148650e+03	1.432444e+06
2.150120e+03	1.200320e+06
2.151160e+03	1.043120e+06
2.152030e+03	9.217726e+05
2.152870e+03	8.166475e+05
2.153480e+03	7.493917e+05
2.154070e+03	6.919134e+05
2.154730e+03	6.337021e+05
2.155500e+03	5.771146e+05
2.156160e+03	5.366334e+05
2.156820e+03	5.019231e+05
2.157570e+03	4.692021e+05
2.158210e+03	4.457924e+05
2.158840e+03	4.258102e+05
2.159420e+03	4.094464e+05
2.160010e+03	3.950459e+05
2.160630e+03	3.813666e+05
2.161260e+03	3.689541e+05
2.162290e+03	3.514123e+05
2.163290e+03	3.367211e+05
2.164560e+03	3.208556e+05
2.166030e+03	3.053030e+05
2.167690e+03	2.904792e+05
2.169990e+03	2.734836e+05
2.172320e+03	2.592987e+05
2.175280e+03	2.443191e+05
2.178740e+03	2.299396e+05
2.182440e+03	2.171405e+05
2.186080e+03	2.065367e+05
2.191460e+03	1.934951e+05
2.196520e+03	1.833455e+05
2.201920e+03	1.740993e+05
2.207660e+03	1.658436e+05
2.213740e+03	1.582345e+05
2.220040e+03	1.514722e+05
2.227740e+03	1.442869e+05
2.235290e+03	1.382789e+05
2.243320e+03	1.325478e+05
2.251640e+03	1.274255e+05
2.259430e+03	1.230887e+05
2.269690e+03	1.181033e+05
2.282380e+03	1.127638e+05
2.294370e+03	1.083655e+05
2.308550e+03	1.037725e+05
2.325780e+03	9.899210e+04
2.346100e+03	9.414179e+04
2.378190e+03	8.783161e+04
2.418660e+03	8.157197e+04
2.457900e+03	7.667437e+04
2.495560e+03	7.278085e+04
2.535470e+03	6.935565e+04
2.578230e+03	6.631851e+04
2.628320e+03	6.341877e+04
2.688100e+03	6.048939e+04
2.761490e+03	5.746026e+04
2.844400e+03	5.459182e+04
2.970760e+03	5.104130e+04
3.133790e+03	4.744664e+04
3.424990e+03	4.273229e+04
3.752710e+03	3.891836e+04
4.295860e+03	3.449033e+04
4.968640e+03	3.071864e+04
5.762830e+03	2.769916e+04
7.360820e+03	2.368567e+04
8.974240e+03	2.086185e+04
1.159620e+04	1.765947e+04
1.539200e+04	1.462791e+04
2.113310e+04	1.168051e+04
2.667660e+04	9.781492e+03
3.607950e+04	7.525717e+03
4.700930e+04	5.772505e+03
6.808440e+04	3.730395e+03
