-1.000000e+02	2.586453e+10
-9.000000e+01	1.097975e+02
-8.000000e+01	1.860474e+02
-7.000000e+01	3.124792e+02
-6.000000e+01	5.343678e+02
-5.000000e+01	9.974034e+02
-4.000000e+01	1.736373e+03
-3.000000e+01	3.099780e+03
-2.000000e+01	5.667310e+03
-1.000000e+01	1.037209e+04
0.000000e+00	1.837113e+04
1.000000e+01	3.220348e+04
2.000000e+01	5.597614e+04
3.500000e+01	1.260792e+05
5.000000e+01	2.734985e+05
7.500000e+01	8.759074e+05
1.000000e+02	2.834814e+06
1.250000e+02	8.421235e+06
1.500000e+02	2.662935e+07
1.750000e+02	7.661550e+07
2.000000e+02	1.722078e+08
2.500000e+02	6.109108e+08
3.000000e+02	1.962771e+09
3.500000e+02	7.475880e+09
4.000000e+02	2.873727e+10
4.500000e+02	9.247080e+10
4.900000e+02	1.819417e+11
5.250000e+02	2.822528e+11
5.600000e+02	3.869692e+11
6.150000e+02	4.726750e+11
6.600000e+02	4.275017e+11
7.000000e+02	2.881028e+11
7.500000e+02	1.350366e+11
8.000000e+02	4.863299e+10
8.540000e+02	1.586548e+10
9.000000e+02	8.350310e+09
9.460000e+02	5.061145e+09
9.710000e+02	3.893476e+09
1.003000e+03	3.026697e+09
1.032000e+03	2.427954e+09
1.065000e+03	1.890619e+09
1.101000e+03	1.437935e+09
1.143000e+03	1.067345e+09
1.214000e+03	6.838178e+08
1.299000e+03	3.904755e+08
1.398000e+03	1.805769e+08
1.520000e+03	4.895610e+07
1.617000e+03	1.367540e+07
1.722000e+03	3.416195e+06
1.820000e+03	1.114773e+06
1.894000e+03	4.981960e+05
1.946000e+03	3.018934e+05
1.989000e+03	2.020304e+05
2.024000e+03	1.475634e+05
2.055000e+03	1.110262e+05
2.083000e+03	8.708895e+04
2.098000e+03	7.678270e+04
2.110000e+03	6.959190e+04
2.120000e+03	6.407777e+04
2.126000e+03	6.052780e+04
2.130000e+03	5.786366e+04
2.132000e+03	5.601585e+04
2.134000e+03	5.309832e+04
2.136000e+03	4.892430e+04
2.138000e+03	4.194222e+04
2.141930e+03	2.807967e+04
2.145160e+03	1.514435e+04
2.147050e+03	1.294366e+04
2.148650e+03	2.698412e+04
2.150120e+03	5.269380e+04
2.151160e+03	8.161007e+04
2.152030e+03	1.130496e+05
2.152870e+03	1.511871e+05
2.153480e+03	1.804668e+05
2.154070e+03	2.083357e+05
2.154730e+03	2.389355e+05
2.155500e+03	2.713137e+05
2.156160e+03	2.956120e+05
2.156820e+03	3.175735e+05
2.157570e+03	3.534899e+05
2.158210e+03	3.814909e+05
2.158840e+03	4.071624e+05
2.159420e+03	4.292128e+05
2.160010e+03	4.495006e+05
2.160630e+03	4.693733e+05
2.161260e+03	4.880416e+05
2.162290e+03	5.154970e+05
2.163290e+03	5.390644e+05
2.164560e+03	5.653241e+05
2.166030e+03	5.916790e+05
2.167690e+03	6.172146e+05
2.169990e+03	6.468462e+05
2.172320e+03	6.625334e+05
2.175280e+03	6.704027e+05
2.178740e+03	6.757525e+05
2.182440e+03	6.784583e+05
2.186080e+03	6.790257e+05
2.191460e+03	6.772840e+05
2.196520e+03	6.738863e+05
2.201920e+03	6.690934e+05
2.207660e+03	6.632480e+05
2.213740e+03	6.566357e+05
2.220040e+03	6.494682e+05
2.227740e+03	6.406879e+05
2.235290e+03	6.321100e+05
2.243320e+03	6.229779e+05
2.251640e+03	6.139690e+05
2.259430e+03	6.057211e+05
2.269690e+03	5.950351e+05
2.282380e+03	5.807813e+05
2.294370e+03	5.683147e+05
2.308550e+03	5.546546e+05
2.325780e+03	5.396464e+05
2.346100e+03	5.236196e+05
2.378190e+03	5.014993e+05
2.418660e+03	4.780265e+05
2.457900e+03	4.585821e+05
2.495560e+03	4.424156e+05
2.535470e+03	4.220756e+05
2.578230e+03	4.005402e+05
2.628320e+03	3.806265e+05
2.688100e+03	3.608005e+05
2.761490e+03	3.405930e+05
2.844400e+03	3.217186e+05
2.970760e+03	2.986852e+05
3.133790e+03	2.757166e+05
3.424990e+03	2.460910e+05
3.752710e+03	2.225175e+05
4.295860e+03	1.955591e+05
4.968640e+03	1.729336e+05
5.762830e+03	1.412199e+05
7.360820e+03	9.612761e+04
8.974240e+03	7.458326e+04
1.159620e+04	5.585624e+04
1.539200e+04	3.668790e+04
2.113310e+04	1.906866e+04
2.667660e+04	7.708170e+03
3.607950e+04	1.206287e+03
4.700930e+04	2.281588e+01
6.808440e+04	4.603624e-02
