-1.000000e+02	4.602143e+12
-9.000000e+01	9.806434e+06
-8.000000e+01	1.709330e+07
-7.000000e+01	2.873528e+07
-6.000000e+01	4.673478e+07
-5.000000e+01	7.382336e+07
-4.000000e+01	1.135745e+08
-3.000000e+01	1.709591e+08
-2.000000e+01	2.506993e+08
-1.000000e+01	3.603044e+08
0.000000e+00	5.065804e+08
1.000000e+01	7.010534e+08
2.000000e+01	9.547718e+08
3.500000e+01	1.479090e+09
5.000000e+01	2.221642e+09
7.500000e+01	4.124127e+09
1.000000e+02	7.235243e+09
1.250000e+02	1.210525e+10
1.500000e+02	1.946806e+10
1.750000e+02	3.012056e+10
2.000000e+02	4.520949e+10
2.500000e+02	9.418140e+10
3.000000e+02	1.805107e+11
3.500000e+02	3.196316e+11
4.000000e+02	5.198169e+11
4.500000e+02	7.660222e+11
4.900000e+02	9.771820e+11
5.250000e+02	1.161592e+12
5.600000e+02	1.338417e+12
6.150000e+02	1.610847e+12
6.600000e+02	1.809474e+12
7.000000e+02	1.942259e+12
7.500000e+02	1.934946e+12
8.000000e+02	1.742757e+12
8.540000e+02	1.421161e+12
9.000000e+02	1.147644e+12
9.460000e+02	9.125306e+11
9.710000e+02	8.004353e+11
1.003000e+03	6.770067e+11
1.032000e+03	5.803871e+11
1.065000e+03	4.855891e+11
1.101000e+03	3.984539e+11
1.143000e+03	3.155419e+11
1.214000e+03	2.112672e+11
1.299000e+03	1.289713e+11
1.398000e+03	7.144992e+10
1.520000e+03	3.408067e+10
1.617000e+03	1.908172e+10
1.722000e+03	1.023241e+10
1.820000e+03	5.782267e+09
1.894000e+03	3.783356e+09
1.946000e+03	2.830411e+09
1.989000e+03	2.239797e+09
2.024000e+03	1.860567e+09
2.055000e+03	1.584990e+09
2.083000e+03	1.377293e+09
2.098000e+03	1.279358e+09
2.110000e+03	1.207436e+09
2.120000e+03	1.151400e+09
2.126000e+03	1.117098e+09
2.130000e+03	1.092926e+09
2.132000e+03	1.078220e+09
2.134000e+03	1.057775e+09
2.136000e+03	1.029588e+09
2.138000e+03	9.812956e+08
2.141930e+03	8.586184e+08
2.145160e+03	6.694388e+08
2.147050e+03	4.958057e+08
2.148650e+03	4.123291e+08
2.150120e+03	3.454903e+08
2.151160e+03	3.002317e+08
2.152030e+03	2.652953e+08
2.152870e+03	2.350435e+08
2.153480e+03	2.156994e+08
2.154070e+03	1.991765e+08
2.154730e+03	1.824536e+08
2.155500e+03	1.662102e+08
2.156160e+03	1.545994e+08
2.156820e+03	1.446499e+08
2.157570e+03	1.352811e+08
2.158210e+03	1.285940e+08
2.158840e+03	1.228925e+08
2.159420e+03	1.182281e+08
2.160010e+03	1.141271e+08
2.160630e+03	1.102349e+08
2.161260e+03	1.067063e+08
2.162290e+03	1.017253e+08
2.163290e+03	9.755834e+07
2.164560e+03	9.306384e+07
2.166030e+03	8.866352e+07
2.167690e+03	8.447441e+07
2.169990e+03	7.967772e+07
2.172320e+03	7.566255e+07
2.175280e+03	7.141490e+07
2.178740e+03	6.733573e+07
2.182440e+03	6.370275e+07
2.186080e+03	6.069065e+07
2.191460e+03	5.698203e+07
2.196520e+03	5.409201e+07
2.201920e+03	5.145577e+07
2.207660e+03	4.909843e+07
2.213740e+03	4.692299e+07
2.220040e+03	4.498637e+07
2.227740e+03	4.292571e+07
2.235290e+03	4.119924e+07
2.243320e+03	3.954975e+07
2.251640e+03	3.807303e+07
2.259430e+03	3.682099e+07
2.269690e+03	3.537836e+07
2.282380e+03	3.382633e+07
2.294370e+03	3.254562e+07
2.308550e+03	3.120613e+07
2.325780e+03	2.980925e+07
2.346100e+03	2.838919e+07
2.378190e+03	2.653722e+07
2.418660e+03	2.469456e+07
2.457900e+03	2.324889e+07
2.495560e+03	2.209696e+07
2.535470e+03	2.106645e+07
2.578230e+03	2.014520e+07
2.628320e+03	1.926679e+07
2.688100e+03	1.837917e+07
2.761490e+03	1.746108e+07
2.844400e+03	1.659147e+07
2.970760e+03	1.551474e+07
3.133790e+03	1.442422e+07
3.424990e+03	1.299340e+07
3.752710e+03	1.183534e+07
4.295860e+03	1.049023e+07
4.968640e+03	9.344031e+06
5.762830e+03	8.385324e+06
7.360820e+03	7.105430e+06
8.974240e+03	6.231129e+06
1.159620e+04	5.254717e+06
1.539200e+04	4.324292e+06
2.113310e+04	3.421544e+06
2.667660e+04	2.839976e+06
3.607950e+04	2.169998e+06
4.700930e+04	1.661616e+06
6.808440e+04	1.073748e+06
