-1.000000e+02	2.387164e+08
-9.000000e+01	1.007443e+00
-8.000000e+01	1.693211e+00
-7.000000e+01	2.815577e+00
-6.000000e+01	4.761701e+00
-5.000000e+01	8.781667e+00
-4.000000e+01	1.509654e+01
-3.000000e+01	2.658441e+01
-2.000000e+01	4.800520e+01
-1.000000e+01	8.678418e+01
0.000000e+00	1.520682e+02
1.000000e+01	2.637121e+02
2.000000e+01	4.537556e+02
3.500000e+01	1.007160e+03
5.000000e+01	2.157567e+03
7.500000e+01	6.797828e+03
1.000000e+02	2.169284e+04
1.250000e+02	6.366400e+04
1.500000e+02	1.991161e+05
1.750000e+02	5.683635e+05
2.000000e+02	1.268965e+06
2.500000e+02	4.456047e+06
3.000000e+02	1.416774e+07
3.500000e+02	5.337121e+07
4.000000e+02	2.028493e+08
4.500000e+02	6.465104e+08
4.900000e+02	1.267964e+09
5.250000e+02	1.965566e+09
5.600000e+02	2.695955e+09
6.150000e+02	3.304707e+09
6.600000e+02	3.006207e+09
7.000000e+02	2.048173e+09
7.500000e+02	9.782807e+08
8.000000e+02	3.608930e+08
8.540000e+02	1.213235e+08
9.000000e+02	6.532706e+07
9.460000e+02	4.030616e+07
9.710000e+02	3.128075e+07
1.003000e+03	2.451286e+07
1.032000e+03	1.977388e+07
1.065000e+03	1.547702e+07
1.101000e+03	1.182282e+07
1.143000e+03	8.804839e+06
1.214000e+03	5.655498e+06
1.299000e+03	3.233494e+06
1.398000e+03	1.496450e+06
1.520000e+03	4.060600e+05
1.617000e+03	1.135038e+05
1.722000e+03	2.837121e+04
1.820000e+03	9.262882e+03
1.894000e+03	4.141475e+03
1.946000e+03	2.510597e+03
1.989000e+03	1.680768e+03
2.024000e+03	1.228040e+03
2.055000e+03	9.242774e+02
2.083000e+03	7.253197e+02
2.098000e+03	6.396930e+02
2.110000e+03	5.799739e+02
2.120000e+03	5.343664e+02
2.126000e+03	5.053601e+02
2.130000e+03	4.838399e+02
2.132000e+03	4.691834e+02
2.134000e+03	4.463735e+02
2.136000e+03	4.138380e+02
2.138000e+03	3.591731e+02
2.141930e+03	2.477074e+02
2.145160e+03	1.389356e+02
2.147050e+03	1.242629e+02
2.148650e+03	2.689039e+02
2.150120e+03	5.410724e+02
2.151160e+03	8.551162e+02
2.152030e+03	1.202978e+03
2.152870e+03	1.630191e+03
2.153480e+03	1.962271e+03
2.154070e+03	2.281369e+03
2.154730e+03	2.635000e+03
2.155500e+03	3.012720e+03
2.156160e+03	3.298661e+03
2.156820e+03	3.558662e+03
2.157570e+03	3.976988e+03
2.158210e+03	4.304248e+03
2.158840e+03	4.605075e+03
2.159420e+03	4.864046e+03
2.160010e+03	5.102758e+03
2.160630e+03	5.336985e+03
2.161260e+03	5.557355e+03
2.162290e+03	5.882017e+03
2.163290e+03	6.161236e+03
2.164560e+03	6.472887e+03
2.166030e+03	6.786217e+03
2.167690e+03	7.090316e+03
2.169990e+03	7.443793e+03
2.172320e+03	7.635726e+03
2.175280e+03	7.738810e+03
2.178740e+03	7.812296e+03
2.182440e+03	7.853844e+03
2.186080e+03	7.868758e+03
2.191460e+03	7.858562e+03
2.196520e+03	7.826681e+03
2.201920e+03	7.777691e+03
2.207660e+03	7.715508e+03
2.213740e+03	7.643777e+03
2.220040e+03	7.564778e+03
2.227740e+03	7.467098e+03
2.235290e+03	7.370789e+03
2.243320e+03	7.267690e+03
2.251640e+03	7.165516e+03
2.259430e+03	7.071666e+03
2.269690e+03	6.949634e+03
2.282380e+03	6.786218e+03
2.294370e+03	6.642979e+03
2.308550e+03	6.485767e+03
2.325780e+03	6.312727e+03
2.346100e+03	6.127644e+03
2.378190e+03	5.871731e+03
2.418660e+03	5.599641e+03
2.457900e+03	5.373893e+03
2.495560e+03	5.185979e+03
2.535470e+03	4.949632e+03
2.578230e+03	4.699365e+03
2.628320e+03	4.467821e+03
2.688100e+03	4.237075e+03
2.761490e+03	4.001663e+03
2.844400e+03	3.781572e+03
2.970760e+03	3.512712e+03
3.133790e+03	3.244310e+03
3.424990e+03	2.897676e+03
3.752710e+03	2.621503e+03
4.295860e+03	2.305294e+03
4.968640e+03	2.039597e+03
5.762830e+03	1.667884e+03
7.360820e+03	1.138207e+03
8.974240e+03	8.842447e+02
1.159620e+04	6.629955e+02
1.539200e+04	4.362022e+02
2.113310e+04	2.272092e+02
2.667660e+04	9.203376e+01
3.607950e+04	1.442624e+01
4.700930e+04	2.730004e-01
6.808440e+04	5.509514e-04
