-1.000000e+02	2.018245e+11
-9.000000e+01	4.280949e+05
-8.000000e+01	7.461994e+05
-7.000000e+01	1.254424e+06
-6.000000e+01	2.040185e+06
-5.000000e+01	3.222731e+06
-4.000000e+01	4.958058e+06
-3.000000e+01	7.463191e+06
-2.000000e+01	1.094429e+07
-1.000000e+01	1.572919e+07
0.000000e+00	2.211508e+07
1.000000e+01	3.060523e+07
2.000000e+01	4.168211e+07
3.500000e+01	6.457382e+07
5.000000e+01	9.699577e+07
7.500000e+01	1.800738e+08
1.000000e+02	3.159740e+08
1.250000e+02	5.288214e+08
1.500000e+02	8.510567e+08
1.750000e+02	1.318312e+09
2.000000e+02	1.981330e+09
2.500000e+02	4.138596e+09
3.000000e+02	7.967824e+09
3.500000e+02	1.428951e+10
4.000000e+02	2.398589e+10
4.500000e+02	3.759847e+10
4.900000e+02	5.082944e+10
5.250000e+02	6.337152e+10
5.600000e+02	7.577405e+10
6.150000e+02	9.149869e+10
6.600000e+02	9.815259e+10
7.000000e+02	9.771064e+10
7.500000e+02	9.052661e+10
8.000000e+02	7.825574e+10
8.540000e+02	6.274384e+10
9.000000e+02	5.046696e+10
9.460000e+02	4.005695e+10
9.710000e+02	3.511183e+10
1.003000e+03	2.968447e+10
1.032000e+03	2.544059e+10
1.065000e+03	2.127900e+10
1.101000e+03	1.745567e+10
1.143000e+03	1.382008e+10
1.214000e+03	9.251728e+09
1.299000e+03	5.646760e+09
1.398000e+03	3.126813e+09
1.520000e+03	1.489869e+09
1.617000e+03	8.335866e+08
1.722000e+03	4.468340e+08
1.820000e+03	2.524678e+08
1.894000e+03	1.651803e+08
1.946000e+03	1.235719e+08
1.989000e+03	9.778494e+07
2.024000e+03	8.122767e+07
2.055000e+03	6.919605e+07
2.083000e+03	6.012818e+07
2.098000e+03	5.585247e+07
2.110000e+03	5.271248e+07
2.120000e+03	5.026604e+07
2.126000e+03	4.876844e+07
2.130000e+03	4.771313e+07
2.132000e+03	4.707108e+07
2.134000e+03	4.617844e+07
2.136000e+03	4.494777e+07
2.138000e+03	4.283931e+07
2.141930e+03	3.748333e+07
2.145160e+03	2.922430e+07
2.147050e+03	2.164435e+07
2.148650e+03	1.800051e+07
2.150120e+03	1.508291e+07
2.151160e+03	1.310702e+07
2.152030e+03	1.158133e+07
2.152870e+03	1.025964e+07
2.153480e+03	9.414026e+06
2.154070e+03	8.691362e+06
2.154730e+03	7.959513e+06
2.155500e+03	7.248119e+06
2.156160e+03	6.739249e+06
2.156820e+03	6.302913e+06
2.157570e+03	5.891308e+06
2.158210e+03	5.597084e+06
2.158840e+03	5.345958e+06
2.159420e+03	5.140327e+06
2.160010e+03	4.959384e+06
2.160630e+03	4.787521e+06
2.161260e+03	4.631592e+06
2.162290e+03	4.411260e+06
2.163290e+03	4.226766e+06
2.164560e+03	4.027566e+06
2.166030e+03	3.832341e+06
2.167690e+03	3.646308e+06
2.169990e+03	3.433084e+06
2.172320e+03	3.254631e+06
2.175280e+03	3.066847e+06
2.178740e+03	2.886626e+06
2.182440e+03	2.726247e+06
2.186080e+03	2.593396e+06
2.191460e+03	2.430023e+06
2.196520e+03	2.302892e+06
2.201920e+03	2.187083e+06
2.207660e+03	2.083682e+06
2.213740e+03	1.988382e+06
2.220040e+03	1.903686e+06
2.227740e+03	1.813688e+06
2.235290e+03	1.738430e+06
2.243320e+03	1.666637e+06
2.251640e+03	1.602462e+06
2.259430e+03	1.548126e+06
2.269690e+03	1.485611e+06
2.282380e+03	1.418618e+06
2.294370e+03	1.363490e+06
2.308550e+03	1.305915e+06
2.325780e+03	1.245979e+06
2.346100e+03	1.185155e+06
2.378190e+03	1.106003e+06
2.418660e+03	1.027460e+06
2.457900e+03	9.659868e+05
2.495560e+03	9.171034e+05
2.535470e+03	8.735745e+05
2.578230e+03	8.354330e+05
2.628320e+03	7.990123e+05
2.688100e+03	7.622071e+05
2.761490e+03	7.241363e+05
2.844400e+03	6.880738e+05
2.970760e+03	6.434214e+05
3.133790e+03	5.981976e+05
3.424990e+03	5.388633e+05
3.752710e+03	4.908424e+05
4.295860e+03	4.350685e+05
4.968640e+03	3.875445e+05
5.762830e+03	3.487077e+05
7.360820e+03	2.982786e+05
8.974240e+03	2.627318e+05
1.159620e+04	2.224003e+05
1.539200e+04	1.840212e+05
2.113310e+04	1.467230e+05
2.667660e+04	1.229075e+05
3.607950e+04	9.454662e+04
4.700930e+04	7.253263e+04
6.808440e+04	4.687349e+04
