-1.000000e+02	3.732433e+15
-9.000000e+01	2.656617e+11
-8.000000e+01	4.543699e+11
-7.000000e+01	7.399497e+11
-6.000000e+01	1.138591e+12
-5.000000e+01	1.611000e+12
-4.000000e+01	2.137697e+12
-3.000000e+01	2.522513e+12
-2.000000e+01	2.668645e+12
-1.000000e+01	2.526845e+12
0.000000e+00	2.306429e+12
1.000000e+01	1.982672e+12
2.000000e+01	1.653024e+12
3.500000e+01	1.204006e+12
5.000000e+01	8.984188e+11
7.500000e+01	6.263034e+11
1.000000e+02	4.202987e+11
1.250000e+02	3.054636e+11
1.500000e+02	2.226907e+11
1.750000e+02	2.017528e+11
2.000000e+02	2.280366e+11
2.500000e+02	3.671657e+11
3.000000e+02	6.043577e+11
3.500000e+02	9.507617e+11
4.000000e+02	1.398676e+12
4.500000e+02	1.875158e+12
4.900000e+02	2.271487e+12
5.250000e+02	2.621356e+12
5.600000e+02	2.967284e+12
6.150000e+02	3.572287e+12
6.600000e+02	4.116147e+12
7.000000e+02	4.686121e+12
7.500000e+02	5.188383e+12
8.000000e+02	5.531103e+12
8.540000e+02	7.020678e+12
9.000000e+02	1.001422e+13
9.460000e+02	1.401283e+13
9.710000e+02	1.680778e+13
1.003000e+03	1.874312e+13
1.032000e+03	1.962946e+13
1.065000e+03	2.000491e+13
1.101000e+03	1.972763e+13
1.143000e+03	1.817982e+13
1.214000e+03	1.357640e+13
1.299000e+03	9.095398e+12
1.398000e+03	6.062558e+12
1.520000e+03	5.051469e+12
1.617000e+03	5.620370e+12
1.722000e+03	6.446435e+12
1.820000e+03	6.250516e+12
1.894000e+03	5.981487e+12
1.946000e+03	5.516879e+12
1.989000e+03	5.149320e+12
2.024000e+03	4.841104e+12
2.055000e+03	4.658533e+12
2.083000e+03	4.488374e+12
2.098000e+03	4.403587e+12
2.110000e+03	4.342677e+12
2.120000e+03	4.339887e+12
2.126000e+03	4.437410e+12
2.130000e+03	4.593776e+12
2.132000e+03	4.798806e+12
2.134000e+03	5.286458e+12
2.136000e+03	6.206863e+12
2.138000e+03	8.344741e+12
2.141930e+03	1.397662e+13
2.145160e+03	1.668740e+13
2.147050e+03	1.384270e+13
2.148650e+03	1.160376e+13
2.150120e+03	9.745820e+12
2.151160e+03	8.506995e+12
2.152030e+03	7.572962e+12
2.152870e+03	6.768477e+12
2.153480e+03	6.259480e+12
2.154070e+03	5.823926e+12
2.154730e+03	5.378537e+12
2.155500e+03	4.939089e+12
2.156160e+03	4.619319e+12
2.156820e+03	4.341243e+12
2.157570e+03	4.067794e+12
2.158210e+03	3.868629e+12
2.158840e+03	3.697987e+12
2.159420e+03	3.557781e+12
2.160010e+03	3.434142e+12
2.160630e+03	3.316460e+12
2.161260e+03	3.209557e+12
2.162290e+03	3.058357e+12
2.163290e+03	2.931585e+12
2.164560e+03	2.794682e+12
2.166030e+03	2.660530e+12
2.167690e+03	2.532773e+12
2.169990e+03	2.386539e+12
2.172320e+03	2.265015e+12
2.175280e+03	2.140500e+12
2.178740e+03	2.021062e+12
2.182440e+03	1.914901e+12
2.186080e+03	1.827096e+12
2.191460e+03	1.719299e+12
2.196520e+03	1.635570e+12
2.201920e+03	1.559416e+12
2.207660e+03	1.491472e+12
2.213740e+03	1.428920e+12
2.220040e+03	1.373277e+12
2.227740e+03	1.314139e+12
2.235290e+03	1.264543e+12
2.243320e+03	1.217123e+12
2.251640e+03	1.174607e+12
2.259430e+03	1.138503e+12
2.269690e+03	1.096801e+12
2.282380e+03	1.052096e+12
2.294370e+03	1.015145e+12
2.308550e+03	9.763345e+11
2.325780e+03	9.356366e+11
2.346100e+03	8.940196e+11
2.378190e+03	8.393319e+11
2.418660e+03	7.843999e+11
2.457900e+03	7.409276e+11
2.495560e+03	7.060422e+11
2.535470e+03	6.748217e+11
2.578230e+03	6.477613e+11
2.628320e+03	6.217368e+11
2.688100e+03	5.951429e+11
2.761490e+03	5.673371e+11
2.844400e+03	5.407325e+11
2.970760e+03	5.074508e+11
3.133790e+03	4.733843e+11
3.424990e+03	4.281821e+11
3.752710e+03	3.912157e+11
4.295860e+03	3.478908e+11
4.968640e+03	3.106759e+11
5.762830e+03	2.802395e+11
7.360820e+03	2.406191e+11
8.974240e+03	2.123155e+11
1.159620e+04	1.799874e+11
1.539200e+04	1.491176e+11
2.113310e+04	1.190198e+11
2.667660e+04	9.976580e+10
3.607950e+04	7.676905e+10
4.700930e+04	5.889710e+10
6.808440e+04	3.806168e+10
