-1.000000e+02	9.449836e+12
-9.000000e+01	1.992788e+07
-8.000000e+01	3.480309e+07
-7.000000e+01	5.858805e+07
-6.000000e+01	9.536464e+07
-5.000000e+01	1.507039e+08
-4.000000e+01	2.318896e+08
-3.000000e+01	3.490783e+08
-2.000000e+01	5.119120e+08
-1.000000e+01	7.357288e+08
0.000000e+00	1.034430e+09
1.000000e+01	1.431557e+09
2.000000e+01	1.949678e+09
3.500000e+01	3.020439e+09
5.000000e+01	4.536978e+09
7.500000e+01	8.422966e+09
1.000000e+02	1.477975e+10
1.250000e+02	2.473584e+10
1.500000e+02	3.980888e+10
1.750000e+02	6.166600e+10
2.000000e+02	9.268092e+10
2.500000e+02	1.935963e+11
3.000000e+02	3.727340e+11
3.500000e+02	6.685257e+11
4.000000e+02	1.122402e+12
4.500000e+02	1.760036e+12
4.900000e+02	2.380198e+12
5.250000e+02	2.968357e+12
5.600000e+02	3.550152e+12
6.150000e+02	4.287367e+12
6.600000e+02	4.598329e+12
7.000000e+02	4.575841e+12
7.500000e+02	4.237445e+12
8.000000e+02	3.661829e+12
8.540000e+02	2.935487e+12
9.000000e+02	2.361032e+12
9.460000e+02	1.873992e+12
9.710000e+02	1.642636e+12
1.003000e+03	1.388729e+12
1.032000e+03	1.190187e+12
1.065000e+03	9.954940e+11
1.101000e+03	8.166240e+11
1.143000e+03	6.465381e+11
1.214000e+03	4.328181e+11
1.299000e+03	2.641670e+11
1.398000e+03	1.462752e+11
1.520000e+03	6.969363e+10
1.617000e+03	3.899236e+10
1.722000e+03	2.090096e+10
1.820000e+03	1.180926e+10
1.894000e+03	7.726333e+09
1.946000e+03	5.780086e+09
1.989000e+03	4.573894e+09
2.024000e+03	3.799424e+09
2.055000e+03	3.236643e+09
2.083000e+03	2.812492e+09
2.098000e+03	2.612496e+09
2.110000e+03	2.465622e+09
2.120000e+03	2.351190e+09
2.126000e+03	2.281139e+09
2.130000e+03	2.231776e+09
2.132000e+03	2.201744e+09
2.134000e+03	2.159989e+09
2.136000e+03	2.102421e+09
2.138000e+03	2.003783e+09
2.141930e+03	1.753071e+09
2.145160e+03	1.363766e+09
2.147050e+03	9.719713e+08
2.148650e+03	7.032288e+08
2.150120e+03	4.362654e+08
2.151160e+03	2.634288e+08
2.152030e+03	1.602327e+08
2.152870e+03	9.979767e+07
2.153480e+03	7.180284e+07
2.154070e+03	5.346219e+07
2.154730e+03	3.918839e+07
2.155500e+03	2.853889e+07
2.156160e+03	2.254675e+07
2.156820e+03	1.829245e+07
2.157570e+03	1.530752e+07
2.158210e+03	1.355164e+07
2.158840e+03	1.218705e+07
2.159420e+03	1.116349e+07
2.160010e+03	1.032398e+07
2.160630e+03	9.581084e+06
2.161260e+03	8.946499e+06
2.162290e+03	8.109069e+06
2.163290e+03	7.464905e+06
2.164560e+03	6.817956e+06
2.166030e+03	6.231420e+06
2.167690e+03	5.713540e+06
2.169990e+03	5.164980e+06
2.172320e+03	4.720483e+06
2.175280e+03	4.192554e+06
2.178740e+03	3.730197e+06
2.182440e+03	3.352077e+06
2.186080e+03	3.061005e+06
2.191460e+03	2.729146e+06
2.196520e+03	2.489325e+06
2.201920e+03	2.283894e+06
2.207660e+03	2.110693e+06
2.213740e+03	1.958468e+06
2.220040e+03	1.829701e+06
2.227740e+03	1.698450e+06
2.235290e+03	1.593727e+06
2.243320e+03	1.497438e+06
2.251640e+03	1.414312e+06
2.259430e+03	1.345945e+06
2.269690e+03	1.269611e+06
2.282380e+03	1.186667e+06
2.294370e+03	1.119540e+06
2.308550e+03	1.051610e+06
2.325780e+03	9.833411e+05
2.346100e+03	9.164223e+05
2.378190e+03	8.328187e+05
2.418660e+03	7.536930e+05
2.457900e+03	6.942768e+05
2.495560e+03	6.485644e+05
2.535470e+03	6.070566e+05
2.578230e+03	5.607573e+05
2.628320e+03	5.187138e+05
2.688100e+03	4.786850e+05
2.761490e+03	4.396979e+05
2.844400e+03	4.048820e+05
2.970760e+03	3.644247e+05
3.133790e+03	3.262170e+05
3.424990e+03	2.799530e+05
3.752710e+03	2.454358e+05
4.295860e+03	2.083354e+05
4.968640e+03	1.790371e+05
5.762830e+03	1.476076e+05
7.360820e+03	9.618891e+04
8.974240e+03	7.272654e+04
1.159620e+04	5.305354e+04
1.539200e+04	3.492463e+04
2.113310e+04	1.875918e+04
2.667660e+04	7.379463e+03
3.607950e+04	1.227280e+03
4.700930e+04	2.435610e+01
6.808440e+04	4.211469e-02
