-1.000000e+02	9.308111e+12
-9.000000e+01	1.255293e+06
-8.000000e+01	2.733110e+06
-7.000000e+01	6.185098e+06
-6.000000e+01	1.444738e+07
-5.000000e+01	3.590665e+07
-4.000000e+01	8.084455e+07
-3.000000e+01	1.740862e+08
-2.000000e+01	3.332748e+08
-1.000000e+01	5.745913e+08
0.000000e+00	8.951028e+08
1.000000e+01	1.318731e+09
2.000000e+01	1.861632e+09
3.500000e+01	2.963756e+09
5.000000e+01	4.501656e+09
7.500000e+01	8.410146e+09
1.000000e+02	1.478880e+10
1.250000e+02	2.476806e+10
1.500000e+02	3.987152e+10
1.750000e+02	6.176841e+10
2.000000e+02	9.283751e+10
2.500000e+02	1.939271e+11
3.000000e+02	3.733739e+11
3.500000e+02	6.696761e+11
4.000000e+02	1.124335e+12
4.500000e+02	1.763068e+12
4.900000e+02	2.384298e+12
5.250000e+02	2.973470e+12
5.600000e+02	3.556268e+12
6.150000e+02	4.294752e+12
6.600000e+02	4.606250e+12
7.000000e+02	4.583722e+12
7.500000e+02	4.244740e+12
8.000000e+02	3.668116e+12
8.540000e+02	2.940429e+12
9.000000e+02	2.364801e+12
9.460000e+02	1.876663e+12
9.710000e+02	1.644723e+12
1.003000e+03	1.390227e+12
1.032000e+03	1.191255e+12
1.065000e+03	9.961652e+11
1.101000e+03	8.169664e+11
1.143000e+03	6.466463e+11
1.214000e+03	4.327994e+11
1.299000e+03	2.641078e+11
1.398000e+03	1.461858e+11
1.520000e+03	6.952488e+10
1.617000e+03	3.872800e+10
1.722000e+03	2.054770e+10
1.820000e+03	1.144672e+10
1.894000e+03	7.372381e+09
1.946000e+03	5.450356e+09
1.989000e+03	4.263503e+09
2.024000e+03	3.505170e+09
2.055000e+03	2.952186e+09
2.083000e+03	2.537172e+09
2.098000e+03	2.341615e+09
2.110000e+03	2.197816e+09
2.120000e+03	2.082501e+09
2.126000e+03	2.004694e+09
2.130000e+03	1.943430e+09
2.132000e+03	1.898062e+09
2.134000e+03	1.819728e+09
2.136000e+03	1.691990e+09
2.138000e+03	1.426014e+09
2.141930e+03	7.283081e+08
2.145160e+03	1.634291e+08
2.147050e+03	3.453299e+07
2.148650e+03	2.134657e+07
2.150120e+03	1.563556e+07
2.151160e+03	1.247014e+07
2.152030e+03	1.039379e+07
2.152870e+03	8.984473e+06
2.153480e+03	8.122732e+06
2.154070e+03	7.410435e+06
2.154730e+03	6.710291e+06
2.155500e+03	6.045831e+06
2.156160e+03	5.580519e+06
2.156820e+03	5.195084e+06
2.157570e+03	5.029940e+06
2.158210e+03	4.909365e+06
2.158840e+03	4.804254e+06
2.159420e+03	4.716920e+06
2.160010e+03	4.638814e+06
2.160630e+03	4.563688e+06
2.161260e+03	4.494434e+06
2.162290e+03	4.394567e+06
2.163290e+03	4.309409e+06
2.164560e+03	4.215295e+06
2.166030e+03	4.120762e+06
2.167690e+03	4.028331e+06
2.169990e+03	3.919144e+06
2.172320e+03	3.772647e+06
2.175280e+03	3.575836e+06
2.178740e+03	3.385984e+06
2.182440e+03	3.216085e+06
2.186080e+03	3.074591e+06
2.191460e+03	2.899579e+06
2.196520e+03	2.762508e+06
2.201920e+03	2.636891e+06
2.207660e+03	2.524100e+06
2.213740e+03	2.419502e+06
2.220040e+03	2.326073e+06
2.227740e+03	2.226190e+06
2.235290e+03	2.142239e+06
2.243320e+03	2.061716e+06
2.251640e+03	1.989365e+06
2.259430e+03	1.927808e+06
2.269690e+03	1.855338e+06
2.282380e+03	1.771356e+06
2.294370e+03	1.702265e+06
2.308550e+03	1.630181e+06
2.325780e+03	1.555228e+06
2.346100e+03	1.479237e+06
2.378190e+03	1.380448e+06
2.418660e+03	1.282519e+06
2.457900e+03	1.205927e+06
2.495560e+03	1.145049e+06
2.535470e+03	1.077067e+06
2.578230e+03	1.009048e+06
2.628320e+03	9.466025e+05
2.688100e+03	8.858522e+05
2.761490e+03	8.253682e+05
2.844400e+03	7.701674e+05
2.970760e+03	7.044821e+05
3.133790e+03	6.407882e+05
3.424990e+03	5.612565e+05
3.752710e+03	5.000198e+05
4.295860e+03	4.321679e+05
4.968640e+03	3.769511e+05
5.762830e+03	3.044109e+05
7.360820e+03	2.042484e+05
8.974240e+03	1.569782e+05
1.159620e+04	1.163724e+05
1.539200e+04	7.572197e+04
2.113310e+04	3.900721e+04
2.667660e+04	1.567772e+04
3.607950e+04	2.437329e+03
4.700930e+04	4.586539e+01
6.808440e+04	9.196331e-02
