-1.000000e+02	2.247948e+11
-9.000000e+01	4.914532e+05
-8.000000e+01	8.566385e+05
-7.000000e+01	1.440082e+06
-6.000000e+01	2.342129e+06
-5.000000e+01	3.699645e+06
-4.000000e+01	5.691718e+06
-3.000000e+01	8.567397e+06
-2.000000e+01	1.256321e+07
-1.000000e+01	1.805527e+07
0.000000e+00	2.538443e+07
1.000000e+01	3.512771e+07
2.000000e+01	4.783789e+07
3.500000e+01	7.409885e+07
5.000000e+01	1.112789e+08
7.500000e+01	2.064830e+08
1.000000e+02	3.619369e+08
1.250000e+02	6.046662e+08
1.500000e+02	9.693322e+08
1.750000e+02	1.491504e+09
2.000000e+02	2.225265e+09
2.500000e+02	4.580300e+09
3.000000e+02	8.606868e+09
3.500000e+02	1.444519e+10
4.000000e+02	2.085355e+10
4.500000e+02	2.541976e+10
4.900000e+02	2.812776e+10
5.250000e+02	3.030745e+10
5.600000e+02	3.264475e+10
6.150000e+02	3.905607e+10
6.600000e+02	4.770264e+10
7.000000e+02	6.039372e+10
7.500000e+02	7.398929e+10
8.000000e+02	7.730933e+10
8.540000e+02	6.765569e+10
9.000000e+02	5.559964e+10
9.460000e+02	4.456024e+10
9.710000e+02	3.920940e+10
1.003000e+03	3.322854e+10
1.032000e+03	2.852369e+10
1.065000e+03	2.389642e+10
1.101000e+03	1.963402e+10
1.143000e+03	1.556583e+10
1.214000e+03	1.042885e+10
1.299000e+03	6.372303e+09
1.398000e+03	3.538272e+09
1.520000e+03	1.696346e+09
1.617000e+03	9.530381e+08
1.722000e+03	5.120042e+08
1.820000e+03	2.895259e+08
1.894000e+03	1.894945e+08
1.946000e+03	1.417821e+08
1.989000e+03	1.122057e+08
2.024000e+03	9.321244e+07
2.055000e+03	7.940992e+07
2.083000e+03	6.900631e+07
2.098000e+03	6.410048e+07
2.110000e+03	6.049763e+07
2.120000e+03	5.769053e+07
2.126000e+03	5.597222e+07
2.130000e+03	5.476141e+07
2.132000e+03	5.402483e+07
2.134000e+03	5.300086e+07
2.136000e+03	5.158919e+07
2.138000e+03	4.917054e+07
2.141930e+03	4.302552e+07
2.145160e+03	3.354732e+07
2.147050e+03	2.484572e+07
2.148650e+03	2.065867e+07
2.150120e+03	1.730267e+07
2.151160e+03	1.502746e+07
2.152030e+03	1.326913e+07
2.152870e+03	1.174387e+07
2.153480e+03	1.076742e+07
2.154070e+03	9.932701e+06
2.154730e+03	9.087332e+06
2.155500e+03	8.265610e+06
2.156160e+03	7.677995e+06
2.156820e+03	7.174326e+06
2.157570e+03	6.697390e+06
2.158210e+03	6.355847e+06
2.158840e+03	6.064265e+06
2.159420e+03	5.825506e+06
2.160010e+03	5.615412e+06
2.160630e+03	5.415894e+06
2.161260e+03	5.234895e+06
2.162290e+03	4.979190e+06
2.163290e+03	4.765188e+06
2.164560e+03	4.534237e+06
2.166030e+03	4.308053e+06
2.167690e+03	4.092701e+06
2.169990e+03	3.846136e+06
2.172320e+03	3.640405e+06
2.175280e+03	3.426207e+06
2.178740e+03	3.221049e+06
2.182440e+03	3.038834e+06
2.186080e+03	2.888163e+06
2.191460e+03	2.703227e+06
2.196520e+03	2.559589e+06
2.201920e+03	2.428956e+06
2.207660e+03	2.312499e+06
2.213740e+03	2.205307e+06
2.220040e+03	2.110168e+06
2.227740e+03	2.009195e+06
2.235290e+03	1.924866e+06
2.243320e+03	1.844502e+06
2.251640e+03	1.772737e+06
2.259430e+03	1.712024e+06
2.269690e+03	1.642232e+06
2.282380e+03	1.567666e+06
2.294370e+03	1.506407e+06
2.308550e+03	1.442467e+06
2.325780e+03	1.375946e+06
2.346100e+03	1.308481e+06
2.378190e+03	1.220748e+06
2.418660e+03	1.133755e+06
2.457900e+03	1.065713e+06
2.495560e+03	1.011632e+06
2.535470e+03	9.635970e+05
2.578230e+03	9.221043e+05
2.628320e+03	8.824145e+05
2.688100e+03	8.422459e+05
2.761490e+03	8.006354e+05
2.844400e+03	7.611654e+05
2.970760e+03	7.122233e+05
3.133790e+03	6.625786e+05
3.424990e+03	5.973333e+05
3.752710e+03	5.444407e+05
4.295860e+03	4.829150e+05
4.968640e+03	4.304139e+05
5.762830e+03	3.880886e+05
7.360820e+03	3.340574e+05
8.974240e+03	2.951231e+05
1.159620e+04	2.504598e+05
1.539200e+04	2.079672e+05
2.113310e+04	1.666108e+05
2.667660e+04	1.403572e+05
3.607950e+04	1.084181e+05
4.700930e+04	8.327018e+04
6.808440e+04	5.381418e+04
