-1.000000e+02	1.543848e+12
-9.000000e+01	1.203323e+08
-8.000000e+01	2.054560e+08
-7.000000e+01	3.336534e+08
-6.000000e+01	5.110158e+08
-5.000000e+01	7.169146e+08
-4.000000e+01	9.418179e+08
-3.000000e+01	1.096429e+09
-2.000000e+01	1.144202e+09
-1.000000e+01	1.070196e+09
0.000000e+00	9.683426e+08
1.000000e+01	8.266682e+08
2.000000e+01	6.852980e+08
3.500000e+01	4.948339e+08
5.000000e+01	3.653062e+08
7.500000e+01	2.482765e+08
1.000000e+02	1.586188e+08
1.250000e+02	1.053722e+08
1.500000e+02	6.322085e+07
1.750000e+02	4.234500e+07
2.000000e+02	3.493608e+07
2.500000e+02	3.246331e+07
3.000000e+02	2.753046e+07
3.500000e+02	1.655968e+07
4.000000e+02	8.262792e+06
4.500000e+02	4.174667e+06
4.900000e+02	3.079598e+06
5.250000e+02	2.696105e+06
5.600000e+02	2.616740e+06
6.150000e+02	3.525927e+06
6.600000e+02	6.084903e+06
7.000000e+02	1.480720e+07
7.500000e+02	5.390650e+07
8.000000e+02	2.350782e+08
8.540000e+02	1.107544e+09
9.000000e+02	2.615635e+09
9.460000e+02	4.517212e+09
9.710000e+02	5.793328e+09
1.003000e+03	6.742989e+09
1.032000e+03	7.233708e+09
1.065000e+03	7.515596e+09
1.101000e+03	7.521894e+09
1.143000e+03	7.003642e+09
1.214000e+03	5.264941e+09
1.299000e+03	3.544676e+09
1.398000e+03	2.382521e+09
1.520000e+03	2.022014e+09
1.617000e+03	2.282397e+09
1.722000e+03	2.645918e+09
1.820000e+03	2.580645e+09
1.894000e+03	2.479075e+09
1.946000e+03	2.291451e+09
1.989000e+03	2.142595e+09
2.024000e+03	2.017184e+09
2.055000e+03	1.943956e+09
2.083000e+03	1.875425e+09
2.098000e+03	1.841349e+09
2.110000e+03	1.816987e+09
2.120000e+03	1.817047e+09
2.126000e+03	1.859347e+09
2.130000e+03	1.926576e+09
2.132000e+03	2.014452e+09
2.134000e+03	2.223665e+09
2.136000e+03	2.620486e+09
2.138000e+03	3.553221e+09
2.141930e+03	6.107236e+09
2.145160e+03	7.504403e+09
2.147050e+03	6.287398e+09
2.148650e+03	5.271814e+09
2.150120e+03	4.419163e+09
2.151160e+03	3.840501e+09
2.152030e+03	3.393691e+09
2.152870e+03	3.002019e+09
2.153480e+03	2.752179e+09
2.154070e+03	2.539177e+09
2.154730e+03	2.323989e+09
2.155500e+03	2.115376e+09
2.156160e+03	1.966507e+09
2.156820e+03	1.839111e+09
2.157570e+03	1.716277e+09
2.158210e+03	1.627876e+09
2.158840e+03	1.552618e+09
2.159420e+03	1.491130e+09
2.160010e+03	1.437137e+09
2.160630e+03	1.385951e+09
2.161260e+03	1.339603e+09
2.162290e+03	1.274273e+09
2.163290e+03	1.219706e+09
2.164560e+03	1.160951e+09
2.166030e+03	1.103533e+09
2.167690e+03	1.048977e+09
2.169990e+03	9.866456e+08
2.172320e+03	9.349118e+08
2.175280e+03	8.819525e+08
2.178740e+03	8.311590e+08
2.182440e+03	7.859749e+08
2.186080e+03	7.485501e+08
2.191460e+03	7.025156e+08
2.196520e+03	6.666757e+08
2.201920e+03	6.340081e+08
2.207660e+03	6.048155e+08
2.213740e+03	5.778930e+08
2.220040e+03	5.539372e+08
2.227740e+03	5.284613e+08
2.235290e+03	5.071248e+08
2.243320e+03	4.867479e+08
2.251640e+03	4.685119e+08
2.259430e+03	4.530556e+08
2.269690e+03	4.352514e+08
2.282380e+03	4.162079e+08
2.294370e+03	4.005276e+08
2.308550e+03	3.841231e+08
2.325780e+03	3.670100e+08
2.346100e+03	3.496070e+08
2.378190e+03	3.269016e+08
2.418660e+03	3.042986e+08
2.457900e+03	2.865571e+08
2.495560e+03	2.724148e+08
2.535470e+03	2.598233e+08
2.578230e+03	2.489264e+08
2.628320e+03	2.384852e+08
2.688100e+03	2.278830e+08
2.761490e+03	2.168652e+08
2.844400e+03	2.063830e+08
2.970760e+03	1.933450e+08
3.133790e+03	1.800770e+08
3.424990e+03	1.625779e+08
3.752710e+03	1.483442e+08
4.295860e+03	1.317371e+08
4.968640e+03	1.175266e+08
5.762830e+03	1.059716e+08
7.360820e+03	9.104298e+07
8.974240e+03	8.035778e+07
1.159620e+04	6.814142e+07
1.539200e+04	5.649434e+07
2.113310e+04	4.514756e+07
2.667660e+04	3.790815e+07
3.607950e+04	2.920794e+07
4.700930e+04	2.241670e+07
6.808440e+04	1.448673e+07
