-1.000000e+02	2.059000e+05
-9.000000e+01	2.015638e+05
-8.000000e+01	2.015637e+05
-7.000000e+01	2.015637e+05
-6.000000e+01	2.015636e+05
-5.000000e+01	2.015635e+05
-4.000000e+01	2.015633e+05
-3.000000e+01	2.015631e+05
-2.000000e+01	2.015627e+05
-1.000000e+01	2.015621e+05
0.000000e+00	2.015613e+05
1.000000e+01	2.015602e+05
2.000000e+01	2.015587e+05
3.500000e+01	2.015553e+05
5.000000e+01	2.015501e+05
7.500000e+01	2.015354e+05
1.000000e+02	2.015091e+05
1.250000e+02	2.014642e+05
1.500000e+02	2.013909e+05
1.750000e+02	2.012756e+05
2.000000e+02	2.011004e+05
2.500000e+02	2.004498e+05
3.000000e+02	1.991623e+05
3.500000e+02	1.967933e+05
4.000000e+02	1.927147e+05
4.500000e+02	1.861418e+05
4.900000e+02	1.785938e+05
5.250000e+02	1.700643e+05
5.600000e+02	1.596650e+05
6.150000e+02	1.399058e+05
6.600000e+02	1.216392e+05
7.000000e+02	1.049125e+05
7.500000e+02	8.482707e+04
8.000000e+02	6.687312e+04
8.540000e+02	5.073189e+04
9.000000e+02	3.970165e+04
9.460000e+02	3.088787e+04
9.710000e+02	2.689991e+04
1.003000e+03	2.250330e+04
1.032000e+03	1.911247e+04
1.065000e+03	1.584444e+04
1.101000e+03	1.289044e+04
1.143000e+03	1.011117e+04
1.214000e+03	6.674519e+03
1.299000e+03	4.035829e+03
1.398000e+03	2.242296e+03
1.520000e+03	1.099181e+03
1.617000e+03	6.338589e+02
1.722000e+03	3.576751e+02
1.820000e+03	2.162169e+02
1.894000e+03	1.516144e+02
1.946000e+03	1.199559e+02
1.989000e+03	9.983268e+01
2.024000e+03	8.656130e+01
2.055000e+03	7.667579e+01
2.083000e+03	6.899512e+01
2.098000e+03	6.530009e+01
2.110000e+03	6.253253e+01
2.120000e+03	6.034469e+01
2.126000e+03	5.908210e+01
2.130000e+03	5.826204e+01
2.132000e+03	5.785921e+01
2.134000e+03	5.746292e+01
2.136000e+03	5.707566e+01
2.138000e+03	5.670261e+01
2.141930e+03	5.603221e+01
2.145160e+03	5.557482e+01
2.147050e+03	5.537068e+01
2.148650e+03	5.523591e+01
2.150120e+03	5.513256e+01
2.151160e+03	5.507025e+01
2.152030e+03	5.502459e+01
2.152870e+03	5.498558e+01
2.153480e+03	5.496005e+01
2.154070e+03	5.493732e+01
2.154730e+03	5.491392e+01
2.155500e+03	5.488898e+01
2.156160e+03	5.486930e+01
2.156820e+03	5.485094e+01
2.157570e+03	5.483141e+01
2.158210e+03	5.481570e+01
2.158840e+03	5.480095e+01
2.159420e+03	5.478793e+01
2.160010e+03	5.477516e+01
2.160630e+03	5.476220e+01
2.161260e+03	5.474947e+01
2.162290e+03	5.472945e+01
2.163290e+03	5.471086e+01
2.164560e+03	5.468827e+01
2.166030e+03	5.466333e+01
2.167690e+03	5.463648e+01
2.169990e+03	5.460118e+01
2.172320e+03	5.456731e+01
2.175280e+03	5.452655e+01
2.178740e+03	5.448157e+01
2.182440e+03	5.443612e+01
2.186080e+03	5.439364e+01
2.191460e+03	5.433422e+01
2.196520e+03	5.428144e+01
2.201920e+03	5.422787e+01
2.207660e+03	5.417361e+01
2.213740e+03	5.411869e+01
2.220040e+03	5.406419e+01
2.227740e+03	5.400045e+01
2.235290e+03	5.394062e+01
2.243320e+03	5.387951e+01
2.251640e+03	5.381862e+01
2.259430e+03	5.376360e+01
2.269690e+03	5.369371e+01
2.282380e+03	5.361082e+01
2.294370e+03	5.353569e+01
2.308550e+03	5.345032e+01
2.325780e+03	5.335100e+01
2.346100e+03	5.323925e+01
2.378190e+03	5.307262e+01
2.418660e+03	5.287653e+01
2.457900e+03	5.269852e+01
2.495560e+03	5.253688e+01
2.535470e+03	5.237380e+01
2.578230e+03	5.220698e+01
2.628320e+03	5.202012e+01
2.688100e+03	5.180713e+01
2.761490e+03	5.155823e+01
2.844400e+03	5.129111e+01
2.970760e+03	5.090733e+01
3.133790e+03	5.044568e+01
3.424990e+03	4.969082e+01
3.752710e+03	4.892160e+01
4.295860e+03	4.777577e+01
4.968640e+03	4.651509e+01
5.762830e+03	4.518576e+01
7.360820e+03	4.285670e+01
8.974240e+03	4.083643e+01
1.159620e+04	3.801598e+01
1.539200e+04	3.461956e+01
2.113310e+04	3.048236e+01
2.667660e+04	2.725741e+01
3.607950e+04	2.290771e+01
4.700930e+04	1.904655e+01
6.808440e+04	1.379173e+01
