-1.000000e+02	2.594451e+10
-9.000000e+01	6.628198e+04
-8.000000e+01	1.155293e+05
-7.000000e+01	1.942007e+05
-6.000000e+01	3.158054e+05
-5.000000e+01	4.987166e+05
-4.000000e+01	7.670052e+05
-3.000000e+01	1.153885e+06
-2.000000e+01	1.690590e+06
-1.000000e+01	2.426308e+06
0.000000e+00	3.404867e+06
1.000000e+01	4.698659e+06
2.000000e+01	6.372874e+06
3.500000e+01	9.774384e+06
5.000000e+01	1.444803e+07
7.500000e+01	2.568123e+07
1.000000e+02	4.104862e+07
1.250000e+02	5.830889e+07
1.500000e+02	6.857356e+07
1.750000e+02	7.049431e+07
2.000000e+02	7.436709e+07
2.500000e+02	9.109997e+07
3.000000e+02	9.708673e+07
3.500000e+02	7.258380e+07
4.000000e+02	4.452390e+07
4.500000e+02	2.727379e+07
4.900000e+02	2.208461e+07
5.250000e+02	2.026836e+07
5.600000e+02	2.005060e+07
6.150000e+02	2.531119e+07
6.600000e+02	3.809160e+07
7.000000e+02	7.379347e+07
7.500000e+02	1.926705e+08
8.000000e+02	5.619576e+08
8.540000e+02	1.501596e+09
9.000000e+02	2.161903e+09
9.460000e+02	2.417560e+09
9.710000e+02	2.449998e+09
1.003000e+03	2.300880e+09
1.032000e+03	2.111174e+09
1.065000e+03	1.880422e+09
1.101000e+03	1.630569e+09
1.143000e+03	1.348370e+09
1.214000e+03	9.284774e+08
1.299000e+03	5.824398e+08
1.398000e+03	3.417286e+08
1.520000e+03	1.866581e+08
1.617000e+03	1.155352e+08
1.722000e+03	6.565277e+07
1.820000e+03	3.792375e+07
1.894000e+03	2.505900e+07
1.946000e+03	1.882273e+07
1.989000e+03	1.493428e+07
2.024000e+03	1.242693e+07
2.055000e+03	1.060219e+07
2.083000e+03	9.223171e+06
2.098000e+03	8.571942e+06
2.110000e+03	8.093324e+06
2.120000e+03	7.720634e+06
2.126000e+03	7.493264e+06
2.130000e+03	7.333636e+06
2.132000e+03	7.237253e+06
2.134000e+03	7.104254e+06
2.136000e+03	6.921049e+06
2.138000e+03	6.605773e+06
2.141930e+03	5.792726e+06
2.145160e+03	4.522618e+06
2.147050e+03	3.350808e+06
2.148650e+03	2.785926e+06
2.150120e+03	2.333390e+06
2.151160e+03	2.026978e+06
2.152030e+03	1.790508e+06
2.152870e+03	1.585710e+06
2.153480e+03	1.454802e+06
2.154070e+03	1.343026e+06
2.154730e+03	1.229942e+06
2.155500e+03	1.120151e+06
2.156160e+03	1.041706e+06
2.156820e+03	9.745110e+05
2.157570e+03	9.111524e+05
2.158210e+03	8.659106e+05
2.158840e+03	8.273454e+05
2.159420e+03	7.958016e+05
2.160010e+03	7.680741e+05
2.160630e+03	7.417631e+05
2.161260e+03	7.179152e+05
2.162290e+03	6.842592e+05
2.163290e+03	6.561116e+05
2.164560e+03	6.257606e+05
2.166030e+03	5.960553e+05
2.167690e+03	5.677853e+05
2.169990e+03	5.354273e+05
2.172320e+03	5.083652e+05
2.175280e+03	4.798152e+05
2.178740e+03	4.524055e+05
2.182440e+03	4.280002e+05
2.186080e+03	4.077698e+05
2.191460e+03	3.828657e+05
2.196520e+03	3.634616e+05
2.201920e+03	3.457635e+05
2.207660e+03	3.299389e+05
2.213740e+03	3.153363e+05
2.220040e+03	3.023372e+05
2.227740e+03	2.885061e+05
2.235290e+03	2.769179e+05
2.243320e+03	2.658463e+05
2.251640e+03	2.559343e+05
2.259430e+03	2.475303e+05
2.269690e+03	2.378466e+05
2.282380e+03	2.274321e+05
2.294370e+03	2.188387e+05
2.308550e+03	2.098501e+05
2.325780e+03	2.004754e+05
2.346100e+03	1.909439e+05
2.378190e+03	1.785117e+05
2.418660e+03	1.661396e+05
2.457900e+03	1.564313e+05
2.495560e+03	1.486943e+05
2.535470e+03	1.417739e+05
2.578230e+03	1.355975e+05
2.628320e+03	1.297061e+05
2.688100e+03	1.237504e+05
2.761490e+03	1.175876e+05
2.844400e+03	1.117478e+05
2.970760e+03	1.045141e+05
3.133790e+03	9.718449e+04
3.424990e+03	8.756289e+04
3.752710e+03	7.977188e+04
4.295860e+03	7.071855e+04
4.968640e+03	6.300087e+04
5.762830e+03	5.655194e+04
7.360820e+03	4.795069e+04
8.974240e+03	4.206292e+04
1.159620e+04	3.548059e+04
1.539200e+04	2.920722e+04
2.113310e+04	2.311869e+04
2.667660e+04	1.919710e+04
3.607950e+04	1.467257e+04
4.700930e+04	1.123599e+04
6.808440e+04	7.260796e+03
