-1.000000e+02	7.243186e+11
-9.000000e+01	5.597600e+03
-8.000000e+01	1.058001e+04
-7.000000e+01	2.013432e+04
-6.000000e+01	3.978425e+04
-5.000000e+01	8.674219e+04
-4.000000e+01	1.765782e+05
-3.000000e+01	3.777964e+05
-2.000000e+01	8.079634e+05
-1.000000e+01	1.730825e+06
0.000000e+00	3.503373e+06
1.000000e+01	7.016054e+06
2.000000e+01	1.375836e+07
3.500000e+01	3.653656e+07
5.000000e+01	8.933381e+07
7.500000e+01	3.185668e+08
1.000000e+02	1.005853e+09
1.250000e+02	2.563952e+09
1.500000e+02	5.637928e+09
1.750000e+02	1.025402e+10
2.000000e+02	1.648353e+10
2.500000e+02	3.631664e+10
3.000000e+02	7.198575e+10
3.500000e+02	1.316266e+11
4.000000e+02	2.228403e+11
4.500000e+02	3.504423e+11
4.900000e+02	4.742740e+11
5.250000e+02	5.916425e+11
5.600000e+02	7.077037e+11
6.150000e+02	8.546387e+11
6.600000e+02	9.163694e+11
7.000000e+02	9.110504e+11
7.500000e+02	8.407857e+11
8.000000e+02	7.172690e+11
8.540000e+02	5.483533e+11
9.000000e+02	4.131406e+11
9.460000e+02	3.036237e+11
9.710000e+02	2.529730e+11
1.003000e+03	2.038436e+11
1.032000e+03	1.681240e+11
1.065000e+03	1.348211e+11
1.101000e+03	1.058184e+11
1.143000e+03	8.045625e+10
1.214000e+03	5.229625e+10
1.299000e+03	3.091498e+10
1.398000e+03	1.580034e+10
1.520000e+03	5.573755e+09
1.617000e+03	1.943397e+09
1.722000e+03	5.555134e+08
1.820000e+03	1.914620e+08
1.894000e+03	8.681851e+07
1.946000e+03	5.282775e+07
1.989000e+03	3.543422e+07
2.024000e+03	2.596065e+07
2.055000e+03	1.950478e+07
2.083000e+03	1.524755e+07
2.098000e+03	1.340154e+07
2.110000e+03	1.210592e+07
2.120000e+03	1.106306e+07
2.126000e+03	1.030047e+07
2.130000e+03	9.667155e+06
2.132000e+03	9.162988e+06
2.134000e+03	8.298444e+06
2.136000e+03	7.075882e+06
2.138000e+03	5.195064e+06
2.141930e+03	2.385825e+06
2.145160e+03	7.787778e+05
2.147050e+03	3.670590e+05
2.148650e+03	4.708866e+05
2.150120e+03	6.233979e+05
2.151160e+03	7.419943e+05
2.152030e+03	8.351190e+05
2.152870e+03	9.391462e+05
2.153480e+03	1.003684e+06
2.154070e+03	1.054907e+06
2.154730e+03	1.100903e+06
2.155500e+03	1.139538e+06
2.156160e+03	1.161701e+06
2.156820e+03	1.176480e+06
2.157570e+03	1.223300e+06
2.158210e+03	1.267204e+06
2.158840e+03	1.305310e+06
2.159420e+03	1.336431e+06
2.160010e+03	1.363832e+06
2.160630e+03	1.389510e+06
2.161260e+03	1.412646e+06
2.162290e+03	1.444986e+06
2.163290e+03	1.471026e+06
2.164560e+03	1.498258e+06
2.166030e+03	1.523612e+06
2.167690e+03	1.546188e+06
2.169990e+03	1.569778e+06
2.172320e+03	1.581054e+06
2.175280e+03	1.556648e+06
2.178740e+03	1.528454e+06
2.182440e+03	1.499177e+06
2.186080e+03	1.471720e+06
2.191460e+03	1.433590e+06
2.196520e+03	1.400417e+06
2.201920e+03	1.367395e+06
2.207660e+03	1.335456e+06
2.213740e+03	1.304073e+06
2.220040e+03	1.274297e+06
2.227740e+03	1.240907e+06
2.235290e+03	1.211279e+06
2.243320e+03	1.181680e+06
2.251640e+03	1.154062e+06
2.259430e+03	1.129829e+06
2.269690e+03	1.100919e+06
2.282380e+03	1.065803e+06
2.294370e+03	1.034957e+06
2.308550e+03	1.001997e+06
2.325780e+03	9.667921e+05
2.346100e+03	9.301659e+05
2.378190e+03	8.810983e+05
2.418660e+03	8.307475e+05
2.457900e+03	7.901842e+05
2.495560e+03	7.571801e+05
2.535470e+03	7.251455e+05
2.578230e+03	6.848193e+05
2.628320e+03	6.475957e+05
2.688100e+03	6.108802e+05
2.761490e+03	5.738101e+05
2.844400e+03	5.395063e+05
2.970760e+03	4.980660e+05
3.133790e+03	4.572024e+05
3.424990e+03	4.051742e+05
3.752710e+03	3.643120e+05
4.295860e+03	3.181635e+05
4.968640e+03	2.798995e+05
5.762830e+03	2.359983e+05
7.360820e+03	1.594893e+05
8.974240e+03	1.232034e+05
1.159620e+04	9.185119e+04
1.539200e+04	6.183298e+04
2.113310e+04	3.402333e+04
2.667660e+04	1.366223e+04
3.607950e+04	2.315466e+03
4.700930e+04	4.643901e+01
6.808440e+04	8.112936e-02
