-1.000000e+02	1.160761e+12
-9.000000e+01	3.988805e+06
-8.000000e+01	6.951941e+06
-7.000000e+01	1.168445e+07
-6.000000e+01	1.899645e+07
-5.000000e+01	2.998340e+07
-4.000000e+01	4.608529e+07
-3.000000e+01	6.925856e+07
-2.000000e+01	1.013093e+08
-1.000000e+01	1.450327e+08
0.000000e+00	2.028447e+08
1.000000e+01	2.785505e+08
2.000000e+01	3.751628e+08
3.500000e+01	5.659795e+08
5.000000e+01	8.157009e+08
7.500000e+01	1.361643e+09
1.000000e+02	1.942406e+09
1.250000e+02	2.370344e+09
1.500000e+02	2.303132e+09
1.750000e+02	2.047089e+09
2.000000e+02	2.004425e+09
2.500000e+02	2.301872e+09
3.000000e+02	2.367078e+09
3.500000e+02	1.730680e+09
4.000000e+02	1.056057e+09
4.500000e+02	6.489847e+08
4.900000e+02	5.269005e+08
5.250000e+02	4.842836e+08
5.600000e+02	4.793495e+08
6.150000e+02	6.035086e+08
6.600000e+02	9.035138e+08
7.000000e+02	1.736547e+09
7.500000e+02	4.498241e+09
8.000000e+02	1.319130e+10
8.540000e+02	3.721644e+10
9.000000e+02	5.783723e+10
9.460000e+02	7.019950e+10
9.710000e+02	7.469937e+10
1.003000e+03	7.317950e+10
1.032000e+03	6.929419e+10
1.065000e+03	6.375969e+10
1.101000e+03	5.708145e+10
1.143000e+03	4.851493e+10
1.214000e+03	3.404214e+10
1.299000e+03	2.178095e+10
1.398000e+03	1.337859e+10
1.520000e+03	8.328704e+09
1.617000e+03	5.834785e+09
1.722000e+03	3.613803e+09
1.820000e+03	2.164245e+09
1.894000e+03	1.454428e+09
1.946000e+03	1.100182e+09
1.989000e+03	8.769652e+08
2.024000e+03	7.319478e+08
2.055000e+03	6.261404e+08
2.083000e+03	5.457881e+08
2.098000e+03	5.077389e+08
2.110000e+03	4.797362e+08
2.120000e+03	4.579521e+08
2.126000e+03	4.447412e+08
2.130000e+03	4.355277e+08
2.132000e+03	4.300411e+08
2.134000e+03	4.225768e+08
2.136000e+03	4.123164e+08
2.138000e+03	3.945239e+08
2.141930e+03	3.473584e+08
2.145160e+03	2.719034e+08
2.147050e+03	2.015899e+08
2.148650e+03	1.674902e+08
2.150120e+03	1.401236e+08
2.151160e+03	1.215823e+08
2.152030e+03	1.072717e+08
2.152870e+03	9.486129e+07
2.153480e+03	8.692966e+07
2.154070e+03	8.015989e+07
2.154730e+03	7.331500e+07
2.155500e+03	6.667356e+07
2.156160e+03	6.193217e+07
2.156820e+03	5.787369e+07
2.157570e+03	5.402397e+07
2.158210e+03	5.126776e+07
2.158840e+03	4.891786e+07
2.159420e+03	4.699586e+07
2.160010e+03	4.530639e+07
2.160630e+03	4.370349e+07
2.161260e+03	4.225077e+07
2.162290e+03	4.020085e+07
2.163290e+03	3.848720e+07
2.164560e+03	3.664006e+07
2.166030e+03	3.483322e+07
2.167690e+03	3.311485e+07
2.169990e+03	3.114968e+07
2.172320e+03	2.951211e+07
2.175280e+03	2.780968e+07
2.178740e+03	2.617862e+07
2.182440e+03	2.472929e+07
2.186080e+03	2.353014e+07
2.191460e+03	2.205700e+07
2.196520e+03	2.091165e+07
2.201920e+03	1.986893e+07
2.207660e+03	1.893829e+07
2.213740e+03	1.808087e+07
2.220040e+03	1.731888e+07
2.227740e+03	1.650931e+07
2.235290e+03	1.583218e+07
2.243320e+03	1.518615e+07
2.251640e+03	1.460855e+07
2.259430e+03	1.411941e+07
2.269690e+03	1.355647e+07
2.282380e+03	1.295380e+07
2.294370e+03	1.245781e+07
2.308550e+03	1.193949e+07
2.325780e+03	1.139949e+07
2.346100e+03	1.085103e+07
2.378190e+03	1.013657e+07
2.418660e+03	9.426613e+06
2.457900e+03	8.870244e+06
2.495560e+03	8.427323e+06
2.535470e+03	8.032867e+06
2.578230e+03	7.688809e+06
2.628320e+03	7.359795e+06
2.688100e+03	7.026570e+06
2.761490e+03	6.681140e+06
2.844400e+03	6.353261e+06
2.970760e+03	5.946408e+06
3.133790e+03	5.533407e+06
3.424990e+03	4.990167e+06
3.752710e+03	4.549428e+06
4.295860e+03	4.036375e+06
4.968640e+03	3.598285e+06
5.762830e+03	3.240426e+06
7.360820e+03	2.775655e+06
8.974240e+03	2.446461e+06
1.159620e+04	2.072053e+06
1.539200e+04	1.715358e+06
2.113310e+04	1.368305e+06
2.667660e+04	1.146571e+06
3.607950e+04	8.821509e+05
4.700930e+04	6.767747e+05
6.808440e+04	4.373591e+05
