-1.000000e+02	4.277320e+12
-9.000000e+01	9.168689e+06
-8.000000e+01	1.598167e+07
-7.000000e+01	2.686649e+07
-6.000000e+01	4.369518e+07
-5.000000e+01	6.902095e+07
-4.000000e+01	1.061847e+08
-3.000000e+01	1.598322e+08
-2.000000e+01	2.343747e+08
-1.000000e+01	3.368270e+08
0.000000e+00	4.735444e+08
1.000000e+01	6.552850e+08
2.000000e+01	8.923481e+08
3.500000e+01	1.382081e+09
5.000000e+01	2.075265e+09
7.500000e+01	3.849397e+09
1.000000e+02	6.742450e+09
1.250000e+02	1.124937e+10
1.500000e+02	1.797887e+10
1.750000e+02	2.751206e+10
2.000000e+02	4.080188e+10
2.500000e+02	8.284451e+10
3.000000e+02	1.523227e+11
3.500000e+02	2.417314e+11
4.000000e+02	3.117596e+11
4.500000e+02	3.278495e+11
4.900000e+02	3.321746e+11
5.250000e+02	3.399869e+11
5.600000e+02	3.552121e+11
6.150000e+02	4.275884e+11
6.600000e+02	5.498280e+11
7.000000e+02	7.720341e+11
7.500000e+02	1.098853e+12
8.000000e+02	1.301283e+12
8.540000e+02	1.213861e+12
9.000000e+02	1.013997e+12
9.460000e+02	8.185491e+11
9.710000e+02	7.222050e+11
1.003000e+03	6.129775e+11
1.032000e+03	5.268022e+11
1.065000e+03	4.418180e+11
1.101000e+03	3.633583e+11
1.143000e+03	2.882475e+11
1.214000e+03	1.932137e+11
1.299000e+03	1.181283e+11
1.398000e+03	6.567008e+10
1.520000e+03	3.155950e+10
1.617000e+03	1.775795e+10
1.722000e+03	9.547306e+09
1.820000e+03	5.400442e+09
1.894000e+03	3.534853e+09
1.946000e+03	2.644939e+09
1.989000e+03	2.093279e+09
2.024000e+03	1.739028e+09
2.055000e+03	1.481538e+09
2.083000e+03	1.287454e+09
2.098000e+03	1.195932e+09
2.110000e+03	1.128718e+09
2.120000e+03	1.076349e+09
2.126000e+03	1.044292e+09
2.130000e+03	1.021702e+09
2.132000e+03	1.007958e+09
2.134000e+03	9.888493e+08
2.136000e+03	9.625013e+08
2.138000e+03	9.173411e+08
2.141930e+03	8.025178e+08
2.145160e+03	6.254723e+08
2.147050e+03	4.635177e+08
2.148650e+03	3.855181e+08
2.150120e+03	3.229351e+08
2.151160e+03	2.805257e+08
2.152030e+03	2.477741e+08
2.152870e+03	2.193854e+08
2.153480e+03	2.012227e+08
2.154070e+03	1.857038e+08
2.154730e+03	1.699934e+08
2.155500e+03	1.547300e+08
2.156160e+03	1.438191e+08
2.156820e+03	1.344696e+08
2.157570e+03	1.256357e+08
2.158210e+03	1.193195e+08
2.158840e+03	1.139313e+08
2.159420e+03	1.095216e+08
2.160010e+03	1.056434e+08
2.160630e+03	1.019618e+08
2.161260e+03	9.862333e+07
2.162290e+03	9.390934e+07
2.163290e+03	8.996542e+07
2.164560e+03	8.571084e+07
2.166030e+03	8.154527e+07
2.167690e+03	7.757992e+07
2.169990e+03	7.304020e+07
2.172320e+03	6.926441e+07
2.175280e+03	6.528738e+07
2.178740e+03	6.147338e+07
2.182440e+03	5.808139e+07
2.186080e+03	5.527289e+07
2.191460e+03	5.182032e+07
2.196520e+03	4.913424e+07
2.201920e+03	4.668761e+07
2.207660e+03	4.450304e+07
2.213740e+03	4.248956e+07
2.220040e+03	4.069968e+07
2.227740e+03	3.879749e+07
2.235290e+03	3.720616e+07
2.243320e+03	3.568760e+07
2.251640e+03	3.432970e+07
2.259430e+03	3.317959e+07
2.269690e+03	3.185678e+07
2.282380e+03	3.043904e+07
2.294370e+03	2.927025e+07
2.308550e+03	2.804894e+07
2.325780e+03	2.677668e+07
2.346100e+03	2.548468e+07
2.378190e+03	2.380189e+07
2.418660e+03	2.213014e+07
2.457900e+03	2.082034e+07
2.495560e+03	1.977784e+07
2.535470e+03	1.885776e+07
2.578230e+03	1.803992e+07
2.628320e+03	1.725889e+07
2.688100e+03	1.646902e+07
2.761490e+03	1.565135e+07
2.844400e+03	1.487625e+07
2.970760e+03	1.391576e+07
3.133790e+03	1.294216e+07
3.424990e+03	1.166354e+07
3.752710e+03	1.062774e+07
4.295860e+03	9.423643e+06
4.968640e+03	8.396796e+06
5.762830e+03	7.564690e+06
7.360820e+03	6.454022e+06
8.974240e+03	5.678419e+06
1.159620e+04	4.802222e+06
1.539200e+04	3.970730e+06
2.113310e+04	3.162230e+06
2.667660e+04	2.640702e+06
3.607950e+04	2.027241e+06
4.700930e+04	1.554085e+06
6.808440e+04	1.004289e+06
