-1.000000e+02	2.578787e+09
-9.000000e+01	7.063092e+08
-8.000000e+01	7.263093e+08
-7.000000e+01	7.501417e+08
-6.000000e+01	7.741100e+08
-5.000000e+01	7.968228e+08
-4.000000e+01	8.171354e+08
-3.000000e+01	8.356340e+08
-2.000000e+01	8.446819e+08
-1.000000e+01	8.495309e+08
0.000000e+00	8.479010e+08
1.000000e+01	8.436281e+08
2.000000e+01	8.372003e+08
3.500000e+01	8.283426e+08
5.000000e+01	8.229540e+08
7.500000e+01	8.289378e+08
1.000000e+02	8.735174e+08
1.250000e+02	9.488003e+08
1.500000e+02	1.049464e+09
1.750000e+02	1.093471e+09
2.000000e+02	1.105042e+09
2.500000e+02	1.020170e+09
3.000000e+02	9.264066e+08
3.500000e+02	8.349151e+08
4.000000e+02	7.512086e+08
4.500000e+02	6.532019e+08
4.900000e+02	5.143586e+08
5.250000e+02	3.872686e+08
5.600000e+02	2.739041e+08
6.150000e+02	1.304802e+08
6.600000e+02	5.978833e+07
7.000000e+02	2.533285e+07
7.500000e+02	1.045098e+07
8.000000e+02	5.923859e+06
8.540000e+02	3.360406e+06
9.000000e+02	1.937495e+06
9.460000e+02	1.103400e+06
9.710000e+02	7.681816e+05
1.003000e+03	5.230766e+05
1.032000e+03	3.630462e+05
1.065000e+03	2.336063e+05
1.101000e+03	1.556943e+05
1.143000e+03	9.920067e+04
1.214000e+03	4.783889e+04
1.299000e+03	2.024808e+04
1.398000e+03	8.026316e+03
1.520000e+03	2.511238e+03
1.617000e+03	1.058821e+03
1.722000e+03	4.414714e+02
1.820000e+03	2.048233e+02
1.894000e+03	1.191033e+02
1.946000e+03	8.735739e+01
1.989000e+03	6.764523e+01
2.024000e+03	5.329066e+01
2.055000e+03	4.296747e+01
2.083000e+03	3.552952e+01
2.098000e+03	3.213840e+01
2.110000e+03	2.969996e+01
2.120000e+03	2.783121e+01
2.126000e+03	2.669729e+01
2.130000e+03	2.589923e+01
2.132000e+03	2.540737e+01
2.134000e+03	2.470381e+01
2.136000e+03	2.369855e+01
2.138000e+03	2.189152e+01
2.141930e+03	1.899638e+01
2.145160e+03	3.206958e+01
2.147050e+03	1.190561e+02
2.148650e+03	3.655840e+02
2.150120e+03	8.679630e+02
2.151160e+03	1.526981e+03
2.152030e+03	2.315520e+03
2.152870e+03	3.259892e+03
2.153480e+03	3.677313e+03
2.154070e+03	3.896844e+03
2.154730e+03	4.147737e+03
2.155500e+03	4.426345e+03
2.156160e+03	4.638061e+03
2.156820e+03	4.827177e+03
2.157570e+03	5.023239e+03
2.158210e+03	5.165102e+03
2.158840e+03	5.288623e+03
2.159420e+03	5.199738e+03
2.160010e+03	5.028733e+03
2.160630e+03	4.885671e+03
2.161260e+03	4.770463e+03
2.162290e+03	4.626766e+03
2.163290e+03	4.515680e+03
2.164560e+03	4.404994e+03
2.166030e+03	4.016490e+03
2.167690e+03	3.416858e+03
2.169990e+03	2.930948e+03
2.172320e+03	2.325225e+03
2.175280e+03	1.895860e+03
2.178740e+03	1.556440e+03
2.182440e+03	1.074723e+03
2.186080e+03	7.722188e+02
2.191460e+03	4.532642e+02
2.196520e+03	2.130100e+02
2.201920e+03	9.593873e+01
2.207660e+03	6.486233e+01
2.213740e+03	4.780167e+01
2.220040e+03	1.617220e+01
2.227740e+03	9.436502e+00
2.235290e+03	4.750310e+00
2.243320e+03	2.196611e+00
2.251640e+03	1.469228e+00
2.259430e+03	1.139806e+00
2.269690e+03	2.125551e-01
2.282380e+03	9.177237e-02
2.294370e+03	6.168694e-02
2.308550e+03	4.545264e-02
2.325780e+03	3.528887e-02
2.346100e+03	2.845235e-02
2.378190e+03	2.237180e-02
2.418660e+03	1.813384e-02
2.457900e+03	1.409220e-02
2.495560e+03	1.084359e-02
2.535470e+03	8.878963e-03
2.578230e+03	7.556590e-03
2.628320e+03	6.575121e-03
2.688100e+03	5.877639e-03
2.761490e+03	5.244261e-03
2.844400e+03	4.646646e-03
2.970760e+03	3.836954e-03
3.133790e+03	3.226956e-03
3.424990e+03	2.601785e-03
3.752710e+03	2.180843e-03
4.295860e+03	1.673072e-03
4.968640e+03	1.195342e-03
5.762830e+03	9.057396e-04
7.360820e+03	5.468674e-04
8.974240e+03	3.716370e-04
1.159620e+04	2.516085e-04
1.539200e+04	1.747244e-04
2.113310e+04	8.639338e-05
2.667660e+04	5.778435e-05
3.607950e+04	1.791604e-05
4.700930e+04	9.169000e-06
6.808440e+04	4.302293e-06
