-1.000000e+02	2.029180e+11
-9.000000e+01	8.914651e+10
-8.000000e+01	9.177497e+10
-7.000000e+01	9.476317e+10
-6.000000e+01	9.775975e+10
-5.000000e+01	1.006908e+11
-4.000000e+01	1.034937e+11
-3.000000e+01	1.064318e+11
-2.000000e+01	1.086709e+11
-1.000000e+01	1.106012e+11
0.000000e+00	1.118106e+11
1.000000e+01	1.127545e+11
2.000000e+01	1.133128e+11
3.500000e+01	1.136140e+11
5.000000e+01	1.129384e+11
7.500000e+01	1.099142e+11
1.000000e+02	1.056543e+11
1.250000e+02	1.004798e+11
1.500000e+02	9.474885e+10
1.750000e+02	8.828001e+10
2.000000e+02	8.165941e+10
2.500000e+02	6.851824e+10
3.000000e+02	5.654583e+10
3.500000e+02	4.592830e+10
4.000000e+02	3.673426e+10
4.500000e+02	2.885935e+10
4.900000e+02	2.334482e+10
5.250000e+02	1.916960e+10
5.600000e+02	1.559495e+10
6.150000e+02	1.104801e+10
6.600000e+02	8.206429e+09
7.000000e+02	6.214564e+09
7.500000e+02	4.378172e+09
8.000000e+02	3.080969e+09
8.540000e+02	2.109955e+09
9.000000e+02	1.548313e+09
9.460000e+02	1.155362e+09
9.710000e+02	9.893364e+08
1.003000e+03	8.185795e+08
1.032000e+03	6.927669e+08
1.065000e+03	5.749529e+08
1.101000e+03	4.705167e+08
1.143000e+03	3.739293e+08
1.214000e+03	2.548292e+08
1.299000e+03	1.605780e+08
1.398000e+03	9.273933e+07
1.520000e+03	4.625129e+07
1.617000e+03	2.658538e+07
1.722000e+03	1.457340e+07
1.820000e+03	8.359991e+06
1.894000e+03	5.511331e+06
1.946000e+03	4.150640e+06
1.989000e+03	3.297352e+06
2.024000e+03	2.740925e+06
2.055000e+03	2.332567e+06
2.083000e+03	2.022088e+06
2.098000e+03	1.874303e+06
2.110000e+03	1.764898e+06
2.120000e+03	1.675291e+06
2.126000e+03	1.611547e+06
2.130000e+03	1.558854e+06
2.132000e+03	1.517032e+06
2.134000e+03	1.440695e+06
2.136000e+03	1.312876e+06
2.138000e+03	1.046094e+06
2.141930e+03	4.532169e+05
2.145160e+03	1.614285e+05
2.147050e+03	7.825454e+04
2.148650e+03	4.372683e+04
2.150120e+03	2.619686e+04
2.151160e+03	1.810981e+04
2.152030e+03	1.342839e+04
2.152870e+03	1.023155e+04
2.153480e+03	7.961106e+03
2.154070e+03	6.045114e+03
2.154730e+03	4.604745e+03
2.155500e+03	3.541914e+03
2.156160e+03	2.935215e+03
2.156820e+03	2.495011e+03
2.157570e+03	2.133989e+03
2.158210e+03	1.905258e+03
2.158840e+03	1.727009e+03
2.159420e+03	1.563751e+03
2.160010e+03	1.381001e+03
2.160630e+03	1.231384e+03
2.161260e+03	1.112149e+03
2.162290e+03	9.656975e+02
2.163290e+03	8.597513e+02
2.164560e+03	7.593052e+02
2.166030e+03	6.535817e+02
2.167690e+03	5.008144e+02
2.169990e+03	3.828519e+02
2.172320e+03	2.829905e+02
2.175280e+03	2.072574e+02
2.178740e+03	1.592692e+02
2.182440e+03	1.014366e+02
2.186080e+03	7.199953e+01
2.191460e+03	3.814159e+01
2.196520e+03	2.260715e+01
2.201920e+03	7.397207e+00
2.207660e+03	4.527680e+00
2.213740e+03	3.246469e+00
2.220040e+03	1.165263e+00
2.227740e+03	5.930370e-01
2.235290e+03	3.927513e-01
2.243320e+03	1.364655e-01
2.251640e+03	8.328812e-02
2.259430e+03	6.132774e-02
2.269690e+03	1.579098e-02
2.282380e+03	5.031944e-03
2.294370e+03	3.111199e-03
2.308550e+03	2.165551e-03
2.325780e+03	1.605149e-03
2.346100e+03	1.242611e-03
2.378190e+03	9.314188e-04
2.418660e+03	7.223997e-04
2.457900e+03	5.673166e-04
2.495560e+03	4.197048e-04
2.535470e+03	3.334342e-04
2.578230e+03	2.768343e-04
2.628320e+03	2.348527e-04
2.688100e+03	2.043481e-04
2.761490e+03	1.793555e-04
2.844400e+03	1.561323e-04
2.970760e+03	1.268961e-04
3.133790e+03	1.034635e-04
3.424990e+03	8.095029e-05
3.752710e+03	6.624390e-05
4.295860e+03	4.972731e-05
4.968640e+03	3.513148e-05
5.762830e+03	2.604122e-05
7.360820e+03	1.558209e-05
8.974240e+03	1.034659e-05
1.159620e+04	6.859183e-06
1.539200e+04	4.680723e-06
2.113310e+04	2.303441e-06
2.667660e+04	1.519658e-06
3.607950e+04	4.734370e-07
4.700930e+04	2.375773e-07
6.808440e+04	1.097346e-07
