-1.000000e+02	1.000000e+00
-9.000000e+01	1.086876e+00
-8.000000e+01	1.078616e+00
-7.000000e+01	1.068521e+00
-6.000000e+01	1.057824e+00
-5.000000e+01	1.046923e+00
-4.000000e+01	1.036195e+00
-3.000000e+01	1.028898e+00
-2.000000e+01	1.027056e+00
-1.000000e+01	1.025459e+00
0.000000e+00	1.024456e+00
1.000000e+01	1.023672e+00
2.000000e+01	1.023208e+00
3.500000e+01	1.022959e+00
5.000000e+01	1.023527e+00
7.500000e+01	1.026061e+00
1.000000e+02	1.029630e+00
1.250000e+02	1.049018e+00
1.500000e+02	1.072045e+00
1.750000e+02	1.098036e+00
2.000000e+02	1.124638e+00
2.500000e+02	1.173978e+00
3.000000e+02	1.216015e+00
3.500000e+02	1.253295e+00
4.000000e+02	1.285577e+00
4.500000e+02	1.134640e+00
4.900000e+02	1.005130e+00
5.250000e+02	9.070748e-01
5.600000e+02	8.231237e-01
6.150000e+02	6.144288e-01
6.600000e+02	4.794537e-01
7.000000e+02	3.848403e-01
7.500000e+02	3.255879e-01
8.000000e+02	2.924692e-01
8.540000e+02	3.193571e-01
9.000000e+02	4.177063e-01
9.460000e+02	5.767503e-01
9.710000e+02	7.750090e-01
1.003000e+03	9.788662e-01
1.032000e+03	1.261175e+00
1.065000e+03	1.780936e+00
1.101000e+03	2.241650e+00
1.143000e+03	2.818716e+00
1.214000e+03	3.905347e+00
1.299000e+03	5.550593e+00
1.398000e+03	6.943073e+00
1.520000e+03	9.130967e+00
1.617000e+03	1.012659e+01
1.722000e+03	1.004728e+01
1.820000e+03	9.242940e+00
1.894000e+03	8.129087e+00
1.946000e+03	6.542088e+00
1.989000e+03	5.546647e+00
2.024000e+03	5.244610e+00
2.055000e+03	5.090771e+00
2.083000e+03	4.973975e+00
2.098000e+03	4.918574e+00
2.110000e+03	4.877724e+00
2.120000e+03	4.845463e+00
2.126000e+03	4.824920e+00
2.130000e+03	4.809775e+00
2.132000e+03	4.799731e+00
2.134000e+03	4.784273e+00
2.136000e+03	4.761281e+00
2.138000e+03	4.735263e+00
2.141930e+03	4.713370e+00
2.145160e+03	4.694528e+00
2.147050e+03	4.963045e+00
2.148650e+03	5.257602e+00
2.150120e+03	5.511305e+00
2.151160e+03	5.683421e+00
2.152030e+03	5.815976e+00
2.152870e+03	5.930840e+00
2.153480e+03	6.557126e+00
2.154070e+03	7.404983e+00
2.154730e+03	8.264109e+00
2.155500e+03	9.096823e+00
2.156160e+03	9.689865e+00
2.156820e+03	1.019643e+01
2.157570e+03	1.067331e+01
2.158210e+03	1.101300e+01
2.158840e+03	1.130202e+01
2.159420e+03	1.195809e+01
2.160010e+03	1.279420e+01
2.160630e+03	1.358551e+01
2.161260e+03	1.430142e+01
2.162290e+03	1.531031e+01
2.163290e+03	1.615327e+01
2.164560e+03	1.706203e+01
2.166030e+03	1.924647e+01
2.167690e+03	2.320631e+01
2.169990e+03	2.774705e+01
2.172320e+03	3.564141e+01
2.175280e+03	4.438478e+01
2.178740e+03	5.459591e+01
2.182440e+03	7.938256e+01
2.186080e+03	1.104257e+02
2.191460e+03	1.872407e+02
2.196520e+03	3.959006e+02
2.201920e+03	8.734240e+02
2.207660e+03	1.283088e+03
2.213740e+03	1.727374e+03
2.220040e+03	5.059991e+03
2.227740e+03	8.574807e+03
2.235290e+03	1.683944e+04
2.243320e+03	3.596101e+04
2.251640e+03	5.308262e+04
2.259430e+03	6.761101e+04
2.269690e+03	3.570702e+05
2.282380e+03	8.121361e+05
2.294370e+03	1.188292e+06
2.308550e+03	1.582418e+06
2.325780e+03	1.994245e+06
2.346100e+03	2.413920e+06
2.378190e+03	2.962910e+06
2.418660e+03	3.511180e+06
2.457900e+03	4.360931e+06
2.495560e+03	5.494495e+06
2.535470e+03	6.511724e+06
2.578230e+03	7.434909e+06
2.628320e+03	8.304177e+06
2.688100e+03	9.004594e+06
2.761490e+03	9.746024e+06
2.844400e+03	1.061263e+07
2.970760e+03	1.224400e+07
3.133790e+03	1.378771e+07
3.424990e+03	1.577153e+07
3.752710e+03	1.745674e+07
4.295860e+03	2.058474e+07
4.968640e+03	2.609214e+07
5.762830e+03	3.129747e+07
7.360820e+03	4.457964e+07
8.974240e+03	5.810817e+07
1.159620e+04	7.317790e+07
1.539200e+04	8.755724e+07
2.113310e+04	1.412981e+08
2.667660e+04	1.760989e+08
3.607950e+04	4.364779e+08
4.700930e+04	6.564595e+08
6.808440e+04	9.103729e+08
