-1.000000e+02	2.112113e+08
-9.000000e+01	5.795691e+07
-8.000000e+01	5.990098e+07
-7.000000e+01	6.225197e+07
-6.000000e+01	6.468533e+07
-5.000000e+01	6.708035e+07
-4.000000e+01	6.932844e+07
-3.000000e+01	7.149864e+07
-2.000000e+01	7.282611e+07
-1.000000e+01	7.379927e+07
0.000000e+00	7.414531e+07
1.000000e+01	7.426020e+07
2.000000e+01	7.415456e+07
3.500000e+01	7.403393e+07
5.000000e+01	7.412490e+07
7.500000e+01	7.543380e+07
1.000000e+02	8.022059e+07
1.250000e+02	8.785157e+07
1.500000e+02	9.792824e+07
1.750000e+02	1.026132e+08
2.000000e+02	1.042000e+08
2.500000e+02	9.688355e+07
3.000000e+02	8.863235e+07
3.500000e+02	8.052563e+07
4.000000e+02	7.310867e+07
4.500000e+02	6.414322e+07
4.900000e+02	5.068272e+07
5.250000e+02	3.819222e+07
5.600000e+02	2.699142e+07
6.150000e+02	1.278011e+07
6.600000e+02	5.807690e+06
7.000000e+02	2.433265e+06
7.500000e+02	9.894659e+05
8.000000e+02	5.521827e+05
8.540000e+02	3.074164e+05
9.000000e+02	1.747318e+05
9.460000e+02	9.840363e+04
9.710000e+02	6.813012e+04
1.003000e+03	4.615819e+04
1.032000e+03	3.192390e+04
1.065000e+03	2.047532e+04
1.101000e+03	1.360910e+04
1.143000e+03	8.653089e+03
1.214000e+03	4.166116e+03
1.299000e+03	1.761920e+03
1.398000e+03	6.981168e+02
1.520000e+03	2.183217e+02
1.617000e+03	9.201922e+01
1.722000e+03	3.835373e+01
1.820000e+03	1.778892e+01
1.894000e+03	1.034129e+01
1.946000e+03	7.583108e+00
1.989000e+03	5.870587e+00
2.024000e+03	4.623885e+00
2.055000e+03	3.727412e+00
2.083000e+03	3.081340e+00
2.098000e+03	2.786678e+00
2.110000e+03	2.574725e+00
2.120000e+03	2.411751e+00
2.126000e+03	2.311794e+00
2.130000e+03	2.240612e+00
2.132000e+03	2.195755e+00
2.134000e+03	2.130131e+00
2.136000e+03	2.035636e+00
2.138000e+03	1.866141e+00
2.141930e+03	1.589855e+00
2.145160e+03	2.619694e+00
2.147050e+03	9.456442e+00
2.148650e+03	2.838069e+01
2.150120e+03	6.617832e+01
2.151160e+03	1.150738e+02
2.152030e+03	1.730449e+02
2.152870e+03	2.420452e+02
2.153480e+03	2.719054e+02
2.154070e+03	2.871087e+02
2.154730e+03	3.045667e+02
2.155500e+03	3.240448e+02
2.156160e+03	3.388776e+02
2.156820e+03	3.521536e+02
2.157570e+03	3.659743e+02
2.158210e+03	3.759953e+02
2.158840e+03	3.847421e+02
2.159420e+03	3.778945e+02
2.160010e+03	3.650448e+02
2.160630e+03	3.542933e+02
2.161260e+03	3.456309e+02
2.162290e+03	3.348216e+02
2.163290e+03	3.264770e+02
2.164560e+03	3.181706e+02
2.166030e+03	2.895297e+02
2.167690e+03	2.455882e+02
2.169990e+03	2.101000e+02
2.172320e+03	1.661358e+02
2.175280e+03	1.350954e+02
2.178740e+03	1.106475e+02
2.182440e+03	7.615849e+01
2.186080e+03	5.459654e+01
2.191460e+03	3.195921e+01
2.196520e+03	1.498564e+01
2.201920e+03	6.739470e+00
2.207660e+03	4.552511e+00
2.213740e+03	3.352640e+00
2.220040e+03	1.133382e+00
2.227740e+03	6.609145e-01
2.235290e+03	3.325315e-01
2.243320e+03	1.536941e-01
2.251640e+03	1.027578e-01
2.259430e+03	7.969040e-02
2.269690e+03	1.485498e-02
2.282380e+03	6.411031e-03
2.294370e+03	4.307825e-03
2.308550e+03	3.172969e-03
2.325780e+03	2.462524e-03
2.346100e+03	1.984697e-03
2.378190e+03	1.559768e-03
2.418660e+03	1.263673e-03
2.457900e+03	9.816484e-04
2.495560e+03	7.551220e-04
2.535470e+03	6.181410e-04
2.578230e+03	5.259480e-04
2.628320e+03	4.575223e-04
2.688100e+03	4.088873e-04
2.761490e+03	3.647330e-04
2.844400e+03	3.230932e-04
2.970760e+03	2.667167e-04
3.133790e+03	2.242503e-04
3.424990e+03	1.807397e-04
3.752710e+03	1.514545e-04
4.295860e+03	1.161537e-04
4.968640e+03	8.296508e-05
5.762830e+03	6.285113e-05
7.360820e+03	3.793772e-05
8.974240e+03	2.577682e-05
1.159620e+04	1.744823e-05
1.539200e+04	1.211440e-05
2.113310e+04	5.989019e-06
2.667660e+04	4.005334e-06
3.607950e+04	1.241701e-06
4.700930e+04	6.354117e-07
6.808440e+04	2.981133e-07
