-1.000000e+02	2.787260e+11
-9.000000e+01	7.992868e+09
-8.000000e+01	8.504879e+09
-7.000000e+01	9.099247e+09
-6.000000e+01	9.756863e+09
-5.000000e+01	1.047437e+10
-4.000000e+01	1.124481e+10
-3.000000e+01	1.208959e+10
-2.000000e+01	1.292529e+10
-1.000000e+01	1.379382e+10
0.000000e+00	1.463982e+10
1.000000e+01	1.552146e+10
2.000000e+01	1.641425e+10
3.500000e+01	1.779688e+10
5.000000e+01	1.916581e+10
7.500000e+01	2.139743e+10
1.000000e+02	2.370544e+10
1.250000e+02	2.609065e+10
1.500000e+02	2.858375e+10
1.750000e+02	3.105034e+10
2.000000e+02	3.358376e+10
2.500000e+02	3.880764e+10
3.000000e+02	4.449415e+10
3.500000e+02	5.058758e+10
4.000000e+02	5.697369e+10
4.500000e+02	6.331477e+10
4.900000e+02	6.771217e+10
5.250000e+02	7.095815e+10
5.600000e+02	7.354142e+10
6.150000e+02	7.568569e+10
6.600000e+02	7.555856e+10
7.000000e+02	7.362006e+10
7.500000e+02	6.977716e+10
8.000000e+02	6.459081e+10
8.540000e+02	5.788652e+10
9.000000e+02	5.224406e+10
9.460000e+02	4.704551e+10
9.710000e+02	4.427925e+10
1.003000e+03	4.105207e+10
1.032000e+03	3.826005e+10
1.065000e+03	3.517366e+10
1.101000e+03	3.191593e+10
1.143000e+03	2.830276e+10
1.214000e+03	2.264384e+10
1.299000e+03	1.666383e+10
1.398000e+03	1.103769e+10
1.520000e+03	6.195016e+09
1.617000e+03	3.792441e+09
1.722000e+03	2.181719e+09
1.820000e+03	1.292868e+09
1.894000e+03	8.678186e+08
1.946000e+03	6.581828e+08
1.989000e+03	5.254423e+08
2.024000e+03	4.390314e+08
2.055000e+03	3.755786e+08
2.083000e+03	3.275055e+08
2.098000e+03	3.047180e+08
2.110000e+03	2.879367e+08
2.120000e+03	2.748404e+08
2.126000e+03	2.668209e+08
2.130000e+03	2.611740e+08
2.132000e+03	2.577487e+08
2.134000e+03	2.530113e+08
2.136000e+03	2.465241e+08
2.138000e+03	2.355646e+08
2.141930e+03	2.085238e+08
2.145160e+03	1.666467e+08
2.147050e+03	1.207057e+08
2.148650e+03	9.871031e+07
2.150120e+03	8.259271e+07
2.151160e+03	7.177924e+07
2.152030e+03	6.343868e+07
2.152870e+03	5.620084e+07
2.153480e+03	5.156653e+07
2.154070e+03	4.760712e+07
2.154730e+03	4.360236e+07
2.155500e+03	3.971738e+07
2.156160e+03	3.694419e+07
2.156820e+03	3.457050e+07
2.157570e+03	3.233331e+07
2.158210e+03	3.073693e+07
2.158840e+03	2.937717e+07
2.159420e+03	2.826563e+07
2.160010e+03	2.728898e+07
2.160630e+03	2.636253e+07
2.161260e+03	2.552300e+07
2.162290e+03	2.433840e+07
2.163290e+03	2.334780e+07
2.164560e+03	2.227961e+07
2.166030e+03	2.123397e+07
2.167690e+03	2.023849e+07
2.169990e+03	1.909836e+07
2.172320e+03	1.814321e+07
2.175280e+03	1.713009e+07
2.178740e+03	1.615563e+07
2.182440e+03	1.528645e+07
2.186080e+03	1.456489e+07
2.191460e+03	1.367543e+07
2.196520e+03	1.298166e+07
2.201920e+03	1.234851e+07
2.207660e+03	1.178234e+07
2.213740e+03	1.125990e+07
2.220040e+03	1.079512e+07
2.227740e+03	1.030088e+07
2.235290e+03	9.887288e+06
2.243320e+03	9.492472e+06
2.251640e+03	9.139399e+06
2.259430e+03	8.840291e+06
2.269690e+03	8.496038e+06
2.282380e+03	8.126741e+06
2.294370e+03	7.822087e+06
2.308550e+03	7.503468e+06
2.325780e+03	7.171208e+06
2.346100e+03	6.833308e+06
2.378190e+03	6.392333e+06
2.418660e+03	5.953072e+06
2.457900e+03	5.607921e+06
2.495560e+03	5.332511e+06
2.535470e+03	5.085675e+06
2.578230e+03	4.863993e+06
2.628320e+03	4.652394e+06
2.688100e+03	4.438581e+06
2.761490e+03	4.217367e+06
2.844400e+03	4.007591e+06
2.970760e+03	3.747514e+06
3.133790e+03	3.483732e+06
3.424990e+03	3.137155e+06
3.752710e+03	2.856402e+06
4.295860e+03	2.530264e+06
4.968640e+03	2.252485e+06
5.762830e+03	2.019107e+06
7.360820e+03	1.705938e+06
8.974240e+03	1.493607e+06
1.159620e+04	1.257608e+06
1.539200e+04	1.033851e+06
2.113310e+04	8.164982e+05
2.667660e+04	6.760515e+05
3.607950e+04	5.155486e+05
4.700930e+04	3.956285e+05
6.808440e+04	2.560942e+05
