-1.000000e+02	1.320444e+13
-9.000000e+01	6.740151e+12
-8.000000e+01	6.120471e+12
-7.000000e+01	5.359392e+12
-6.000000e+01	4.541456e+12
-5.000000e+01	3.726123e+12
-4.000000e+01	2.974250e+12
-3.000000e+01	2.295833e+12
-2.000000e+01	1.795332e+12
-1.000000e+01	1.394008e+12
0.000000e+00	1.108788e+12
1.000000e+01	8.768277e+11
2.000000e+01	6.986455e+11
3.500000e+01	4.968343e+11
5.000000e+01	3.632232e+11
7.500000e+01	2.280923e+11
1.000000e+02	1.409435e+11
1.250000e+02	8.669034e+10
1.500000e+02	5.292837e+10
1.750000e+02	3.616163e+10
2.000000e+02	2.586411e+10
2.500000e+02	1.525382e+10
3.000000e+02	8.771471e+09
3.500000e+02	4.824878e+09
4.000000e+02	2.506736e+09
4.500000e+02	1.300040e+09
4.900000e+02	9.264922e+08
5.250000e+02	7.681601e+08
5.600000e+02	6.976527e+08
6.150000e+02	8.233624e+08
6.600000e+02	1.250611e+09
7.000000e+02	2.478147e+09
7.500000e+02	5.126071e+09
8.000000e+02	8.263422e+09
8.540000e+02	1.415048e+10
9.000000e+02	2.225634e+10
9.460000e+02	3.111141e+10
9.710000e+02	3.750581e+10
1.003000e+03	4.139900e+10
1.032000e+03	4.364798e+10
1.065000e+03	4.496416e+10
1.101000e+03	4.277625e+10
1.143000e+03	3.843208e+10
1.214000e+03	2.991877e+10
1.299000e+03	2.093918e+10
1.398000e+03	1.300010e+10
1.520000e+03	6.938297e+09
1.617000e+03	4.142026e+09
1.722000e+03	2.344535e+09
1.820000e+03	1.380331e+09
1.894000e+03	9.258342e+08
1.946000e+03	7.009215e+08
1.989000e+03	5.597741e+08
2.024000e+03	4.693884e+08
2.055000e+03	4.031967e+08
2.083000e+03	3.528553e+08
2.098000e+03	3.289517e+08
2.110000e+03	3.113176e+08
2.120000e+03	2.974389e+08
2.126000e+03	2.887064e+08
2.130000e+03	2.823422e+08
2.132000e+03	2.782030e+08
2.134000e+03	2.719202e+08
2.136000e+03	2.625251e+08
2.138000e+03	2.448261e+08
2.141930e+03	2.025383e+08
2.145160e+03	1.651119e+08
2.147050e+03	1.358917e+08
2.148650e+03	1.141602e+08
2.150120e+03	9.547356e+07
2.151160e+03	8.281447e+07
2.152030e+03	7.308359e+07
2.152870e+03	6.467073e+07
2.153480e+03	5.936208e+07
2.154070e+03	5.482719e+07
2.154730e+03	5.021112e+07
2.155500e+03	4.572213e+07
2.156160e+03	4.251899e+07
2.156820e+03	3.977976e+07
2.157570e+03	3.719842e+07
2.158210e+03	3.535872e+07
2.158840e+03	3.379288e+07
2.159420e+03	3.252873e+07
2.160010e+03	3.142517e+07
2.160630e+03	3.037616e+07
2.161260e+03	2.942385e+07
2.162290e+03	2.807745e+07
2.163290e+03	2.694930e+07
2.164560e+03	2.573034e+07
2.166030e+03	2.455292e+07
2.167690e+03	2.344068e+07
2.169990e+03	2.214451e+07
2.172320e+03	2.105428e+07
2.175280e+03	1.986972e+07
2.178740e+03	1.870896e+07
2.182440e+03	1.764117e+07
2.186080e+03	1.674271e+07
2.191460e+03	1.563985e+07
2.196520e+03	1.479366e+07
2.201920e+03	1.406009e+07
2.207660e+03	1.342702e+07
2.213740e+03	1.284742e+07
2.220040e+03	1.233156e+07
2.227740e+03	1.178620e+07
2.235290e+03	1.132960e+07
2.243320e+03	1.089334e+07
2.251640e+03	1.050263e+07
2.259430e+03	1.017108e+07
2.269690e+03	9.788692e+06
2.282380e+03	9.376596e+06
2.294370e+03	9.035956e+06
2.308550e+03	8.679043e+06
2.325780e+03	8.306099e+06
2.346100e+03	7.926048e+06
2.378190e+03	7.428891e+06
2.418660e+03	6.932387e+06
2.457900e+03	6.541405e+06
2.495560e+03	6.228922e+06
2.535470e+03	5.948509e+06
2.578230e+03	5.696432e+06
2.628320e+03	5.455677e+06
2.688100e+03	5.211850e+06
2.761490e+03	4.959011e+06
2.844400e+03	4.718866e+06
2.970760e+03	4.420572e+06
3.133790e+03	4.117247e+06
3.424990e+03	3.717156e+06
3.752710e+03	3.391353e+06
4.295860e+03	3.010649e+06
4.968640e+03	2.684513e+06
5.762830e+03	2.409300e+06
7.360820e+03	2.038596e+06
8.974240e+03	1.786697e+06
1.159620e+04	1.506102e+06
1.539200e+04	1.238362e+06
2.113310e+04	9.784245e+05
2.667660e+04	8.104796e+05
3.607950e+04	6.183494e+05
4.700930e+04	4.732797e+05
6.808440e+04	3.058333e+05
