-1.000000e+02	1.885317e+08
-9.000000e+01	5.643924e+07
-8.000000e+01	6.237848e+07
-7.000000e+01	7.037691e+07
-6.000000e+01	8.011005e+07
-5.000000e+01	9.167086e+07
-4.000000e+01	1.050351e+08
-3.000000e+01	1.208898e+08
-2.000000e+01	1.362384e+08
-1.000000e+01	1.525885e+08
0.000000e+00	1.673168e+08
1.000000e+01	1.828762e+08
2.000000e+01	1.982651e+08
3.500000e+01	2.227914e+08
5.000000e+01	2.466516e+08
7.500000e+01	2.855568e+08
1.000000e+02	3.379019e+08
1.250000e+02	4.035778e+08
1.500000e+02	4.826987e+08
1.750000e+02	5.303845e+08
2.000000e+02	5.597352e+08
2.500000e+02	5.524581e+08
3.000000e+02	5.353256e+08
3.500000e+02	5.142224e+08
4.000000e+02	4.918535e+08
4.500000e+02	4.523208e+08
4.900000e+02	3.731304e+08
5.250000e+02	2.935190e+08
5.600000e+02	2.169899e+08
6.150000e+02	1.088467e+08
6.600000e+02	4.967899e+07
7.000000e+02	1.941593e+07
7.500000e+02	6.769168e+06
8.000000e+02	3.110850e+06
8.540000e+02	1.359490e+06
9.000000e+02	6.426203e+05
9.460000e+02	3.162636e+05
9.710000e+02	2.027019e+05
1.003000e+03	1.281487e+05
1.032000e+03	8.540166e+04
1.065000e+03	5.219349e+04
1.101000e+03	3.336533e+04
1.143000e+03	2.063874e+04
1.214000e+03	9.747425e+03
1.299000e+03	4.065335e+03
1.398000e+03	1.600257e+03
1.520000e+03	4.972769e+02
1.617000e+03	2.084782e+02
1.722000e+03	8.641280e+01
1.820000e+03	3.986194e+01
1.894000e+03	2.301165e+01
1.946000e+03	1.682461e+01
1.989000e+03	1.298659e+01
2.024000e+03	1.022980e+01
2.055000e+03	8.224894e+00
2.083000e+03	6.775210e+00
2.098000e+03	6.110936e+00
2.110000e+03	5.631021e+00
2.120000e+03	5.246282e+00
2.126000e+03	4.979600e+00
2.130000e+03	4.766612e+00
2.132000e+03	4.605808e+00
2.134000e+03	4.334461e+00
2.136000e+03	3.934262e+00
2.138000e+03	3.256961e+00
2.141930e+03	2.164239e+00
2.145160e+03	2.561854e+00
2.147050e+03	6.355837e+00
2.148650e+03	1.396003e+01
2.150120e+03	2.532709e+01
2.151160e+03	3.715689e+01
2.152030e+03	4.905411e+01
2.152870e+03	6.134952e+01
2.153480e+03	6.537290e+01
2.154070e+03	6.476741e+01
2.154730e+03	6.449110e+01
2.155500e+03	6.452303e+01
2.156160e+03	6.458012e+01
2.156820e+03	6.462297e+01
2.157570e+03	6.475113e+01
2.158210e+03	6.479917e+01
2.158840e+03	6.482107e+01
2.159420e+03	6.362853e+01
2.160010e+03	6.035116e+01
2.160630e+03	5.758316e+01
2.161260e+03	5.532000e+01
2.162290e+03	5.244734e+01
2.163290e+03	5.023985e+01
2.164560e+03	4.803591e+01
2.166030e+03	4.469572e+01
2.167690e+03	3.689035e+01
2.169990e+03	3.070822e+01
2.172320e+03	2.438055e+01
2.175280e+03	1.925760e+01
2.178740e+03	1.590767e+01
2.182440e+03	1.080524e+01
2.186080e+03	8.088318e+00
2.191460e+03	4.573110e+00
2.196520e+03	2.850710e+00
2.201920e+03	9.765473e-01
2.207660e+03	6.224637e-01
2.213740e+03	4.633760e-01
2.220040e+03	1.719024e-01
2.227740e+03	9.061822e-02
2.235290e+03	6.177996e-02
2.243320e+03	2.206733e-02
2.251640e+03	1.380366e-02
2.259430e+03	1.037802e-02
2.269690e+03	2.736773e-03
2.282380e+03	8.948343e-04
2.294370e+03	5.650601e-04
2.308550e+03	4.020958e-04
2.325780e+03	3.049491e-04
2.346100e+03	2.416343e-04
2.378190e+03	1.866937e-04
2.418660e+03	1.492011e-04
2.457900e+03	1.199485e-04
2.495560e+03	9.040459e-05
2.535470e+03	7.302398e-05
2.578230e+03	6.155291e-05
2.628320e+03	5.301546e-05
2.688100e+03	4.683009e-05
2.761490e+03	4.173870e-05
2.844400e+03	3.685852e-05
2.970760e+03	3.048307e-05
3.133790e+03	2.528724e-05
3.424990e+03	2.022633e-05
3.752710e+03	1.684156e-05
4.295860e+03	1.289160e-05
4.968640e+03	9.255148e-06
5.762830e+03	6.950691e-06
7.360820e+03	4.229688e-06
8.974240e+03	2.839627e-06
1.159620e+04	1.904835e-06
1.539200e+04	1.314032e-06
2.113310e+04	6.533015e-07
2.667660e+04	4.338254e-07
3.607950e+04	1.361719e-07
4.700930e+04	6.873194e-08
6.808440e+04	3.197624e-08
