-1.000000e+02	1.117386e+10
-9.000000e+01	4.887436e+09
-8.000000e+01	4.993212e+09
-7.000000e+01	5.121761e+09
-6.000000e+01	5.256738e+09
-5.000000e+01	5.392691e+09
-4.000000e+01	5.524529e+09
-3.000000e+01	5.663880e+09
-2.000000e+01	5.768133e+09
-1.000000e+01	5.855584e+09
0.000000e+00	5.906099e+09
1.000000e+01	5.941646e+09
2.000000e+01	5.956601e+09
3.500000e+01	5.948689e+09
5.000000e+01	5.888553e+09
7.500000e+01	5.686311e+09
1.000000e+02	5.403962e+09
1.250000e+02	5.059197e+09
1.500000e+02	4.670682e+09
1.750000e+02	4.272820e+09
2.000000e+02	3.884637e+09
2.500000e+02	3.178302e+09
3.000000e+02	2.545036e+09
3.500000e+02	1.989168e+09
4.000000e+02	1.511772e+09
4.500000e+02	1.122821e+09
4.900000e+02	9.011430e+08
5.250000e+02	7.526511e+08
5.600000e+02	6.337479e+08
6.150000e+02	4.930676e+08
6.600000e+02	3.968203e+08
7.000000e+02	3.183138e+08
7.500000e+02	2.310052e+08
8.000000e+02	1.641909e+08
8.540000e+02	1.132028e+08
9.000000e+02	8.342307e+07
9.460000e+02	6.242517e+07
9.710000e+02	5.353024e+07
1.003000e+03	4.434433e+07
1.032000e+03	3.757042e+07
1.065000e+03	3.122355e+07
1.101000e+03	2.558774e+07
1.143000e+03	2.036989e+07
1.214000e+03	1.392380e+07
1.299000e+03	8.813224e+06
1.398000e+03	5.120650e+06
1.520000e+03	2.583561e+06
1.617000e+03	1.502724e+06
1.722000e+03	8.359334e+05
1.820000e+03	4.869301e+05
1.894000e+03	3.248201e+05
1.946000e+03	2.455811e+05
1.989000e+03	1.958786e+05
2.024000e+03	1.639051e+05
2.055000e+03	1.405108e+05
2.083000e+03	1.227495e+05
2.098000e+03	1.143247e+05
2.110000e+03	1.081126e+05
2.120000e+03	1.032066e+05
2.126000e+03	1.000826e+05
2.130000e+03	9.777957e+04
2.132000e+03	9.625215e+04
2.134000e+03	9.390149e+04
2.136000e+03	9.040523e+04
2.138000e+03	8.394291e+04
2.141930e+03	6.903312e+04
2.145160e+03	5.620021e+04
2.147050e+03	4.634364e+04
2.148650e+03	3.903398e+04
2.150120e+03	3.273341e+04
2.151160e+03	2.845495e+04
2.152030e+03	2.515711e+04
2.152870e+03	2.229747e+04
2.153480e+03	2.045696e+04
2.154070e+03	1.887440e+04
2.154730e+03	1.727052e+04
2.155500e+03	1.571570e+04
2.156160e+03	1.460836e+04
2.156820e+03	1.366251e+04
2.157570e+03	1.277202e+04
2.158210e+03	1.213774e+04
2.158840e+03	1.159811e+04
2.159420e+03	1.115761e+04
2.160010e+03	1.077139e+04
2.160630e+03	1.040557e+04
2.161260e+03	1.007439e+04
2.162290e+03	9.607405e+03
2.163290e+03	9.217048e+03
2.164560e+03	8.796068e+03
2.166030e+03	8.385297e+03
2.167690e+03	7.994755e+03
2.169990e+03	7.544582e+03
2.172320e+03	7.164373e+03
2.175280e+03	6.755522e+03
2.178740e+03	6.356716e+03
2.182440e+03	5.988639e+03
2.186080e+03	5.680544e+03
2.191460e+03	5.303345e+03
2.196520e+03	5.014268e+03
2.201920e+03	4.764636e+03
2.207660e+03	4.549853e+03
2.213740e+03	4.353316e+03
2.220040e+03	4.178285e+03
2.227740e+03	3.993453e+03
2.235290e+03	3.838715e+03
2.243320e+03	3.690881e+03
2.251640e+03	3.558496e+03
2.259430e+03	3.446159e+03
2.269690e+03	3.316594e+03
2.282380e+03	3.176967e+03
2.294370e+03	3.061552e+03
2.308550e+03	2.940623e+03
2.325780e+03	2.814262e+03
2.346100e+03	2.685494e+03
2.378190e+03	2.517048e+03
2.418660e+03	2.348823e+03
2.457900e+03	2.216351e+03
2.495560e+03	2.110476e+03
2.535470e+03	2.015466e+03
2.578230e+03	1.930058e+03
2.628320e+03	1.848486e+03
2.688100e+03	1.765873e+03
2.761490e+03	1.680206e+03
2.844400e+03	1.598840e+03
2.970760e+03	1.497773e+03
3.133790e+03	1.395000e+03
3.424990e+03	1.259442e+03
3.752710e+03	1.149054e+03
4.295860e+03	1.020064e+03
4.968640e+03	9.095634e+02
5.762830e+03	8.163159e+02
7.360820e+03	6.907145e+02
8.974240e+03	6.053666e+02
1.159620e+04	5.102956e+02
1.539200e+04	4.195802e+02
2.113310e+04	3.315085e+02
2.667660e+04	2.746057e+02
3.607950e+04	2.095084e+02
4.700930e+04	1.603560e+02
6.808440e+04	1.036220e+02
