-1.000000e+02	3.176886e+08
-9.000000e+01	2.585916e+06
-8.000000e+01	2.829622e+06
-7.000000e+01	3.121917e+06
-6.000000e+01	3.460186e+06
-5.000000e+01	3.843850e+06
-4.000000e+01	4.269800e+06
-3.000000e+01	4.754052e+06
-2.000000e+01	5.239871e+06
-1.000000e+01	5.755898e+06
0.000000e+00	6.261057e+06
1.000000e+01	6.798081e+06
2.000000e+01	7.349144e+06
3.500000e+01	8.224210e+06
5.000000e+01	9.115351e+06
7.500000e+01	1.078310e+07
1.000000e+02	1.302739e+07
1.250000e+02	1.617732e+07
1.500000e+02	2.112506e+07
1.750000e+02	2.767552e+07
2.000000e+02	3.657052e+07
2.500000e+02	6.151155e+07
3.000000e+02	1.066023e+08
3.500000e+02	1.874960e+08
4.000000e+02	3.304426e+08
4.500000e+02	5.567774e+08
4.900000e+02	7.329993e+08
5.250000e+02	8.595444e+08
5.600000e+02	9.431869e+08
6.150000e+02	8.905102e+08
6.600000e+02	7.046892e+08
7.000000e+02	4.499010e+08
7.500000e+02	2.218212e+08
8.000000e+02	9.762071e+07
8.540000e+02	4.649568e+07
9.000000e+02	3.351805e+07
9.460000e+02	2.691305e+07
9.710000e+02	2.453593e+07
1.003000e+03	2.204922e+07
1.032000e+03	2.004273e+07
1.065000e+03	1.792999e+07
1.101000e+03	1.579701e+07
1.143000e+03	1.353999e+07
1.214000e+03	1.018926e+07
1.299000e+03	7.180093e+06
1.398000e+03	4.598473e+06
1.520000e+03	2.322359e+06
1.617000e+03	1.175549e+06
1.722000e+03	4.418057e+05
1.820000e+03	1.429613e+05
1.894000e+03	5.832701e+04
1.946000e+03	3.164472e+04
1.989000e+03	2.011076e+04
2.024000e+03	1.428222e+04
2.055000e+03	1.070996e+04
2.083000e+03	8.016236e+03
2.098000e+03	6.941493e+03
2.110000e+03	6.218552e+03
2.120000e+03	5.687345e+03
2.126000e+03	5.369519e+03
2.130000e+03	5.146506e+03
2.132000e+03	5.006804e+03
2.134000e+03	4.805807e+03
2.136000e+03	4.529150e+03
2.138000e+03	4.071532e+03
2.141930e+03	3.082981e+03
2.145160e+03	1.940284e+03
2.147050e+03	1.356410e+03
2.148650e+03	2.449978e+03
2.150120e+03	4.893603e+03
2.151160e+03	7.815612e+03
2.152030e+03	1.103529e+04
2.152870e+03	1.464617e+04
2.153480e+03	1.738905e+04
2.154070e+03	1.997312e+04
2.154730e+03	2.278036e+04
2.155500e+03	2.573159e+04
2.156160e+03	2.793098e+04
2.156820e+03	2.991478e+04
2.157570e+03	3.218764e+04
2.158210e+03	3.384860e+04
2.158840e+03	3.529632e+04
2.159420e+03	3.647307e+04
2.160010e+03	3.750696e+04
2.160630e+03	3.846660e+04
2.161260e+03	3.932682e+04
2.162290e+03	4.052153e+04
2.163290e+03	4.146108e+04
2.164560e+03	4.242676e+04
2.166030e+03	4.330010e+04
2.167690e+03	4.404733e+04
2.169990e+03	4.478462e+04
2.172320e+03	4.528669e+04
2.175280e+03	4.567419e+04
2.178740e+03	4.588094e+04
2.182440e+03	4.648167e+04
2.186080e+03	4.697559e+04
2.191460e+03	4.741996e+04
2.196520e+03	4.762495e+04
2.201920e+03	4.769154e+04
2.207660e+03	4.763744e+04
2.213740e+03	4.749833e+04
2.220040e+03	4.727803e+04
2.227740e+03	4.695686e+04
2.235290e+03	4.659365e+04
2.243320e+03	4.617412e+04
2.251640e+03	4.573355e+04
2.259430e+03	4.531202e+04
2.269690e+03	4.481796e+04
2.282380e+03	4.537756e+04
2.294370e+03	4.581046e+04
2.308550e+03	4.623775e+04
2.325780e+03	4.664448e+04
2.346100e+03	4.701560e+04
2.378190e+03	4.742140e+04
2.418660e+03	4.771360e+04
2.457900e+03	4.785167e+04
2.495560e+03	4.789308e+04
2.535470e+03	4.787127e+04
2.578230e+03	4.780980e+04
2.628320e+03	4.772855e+04
2.688100e+03	4.696566e+04
2.761490e+03	4.569458e+04
2.844400e+03	4.440373e+04
2.970760e+03	4.268342e+04
3.133790e+03	4.079829e+04
3.424990e+03	3.809700e+04
3.752710e+03	3.571489e+04
4.295860e+03	3.271909e+04
4.968640e+03	2.996648e+04
5.762830e+03	2.741451e+04
7.360820e+03	2.358035e+04
8.974240e+03	2.089013e+04
1.159620e+04	1.769637e+04
1.539200e+04	1.363562e+04
2.113310e+04	1.016188e+04
2.667660e+04	8.122814e+03
3.607950e+04	5.835102e+03
4.700930e+04	3.151891e+03
6.808440e+04	1.354625e+03
