-1.000000e+02	5.930821e+10
-9.000000e+01	2.584851e+10
-8.000000e+01	2.642878e+10
-7.000000e+01	2.713768e+10
-6.000000e+01	2.788839e+10
-5.000000e+01	2.865294e+10
-4.000000e+01	2.940473e+10
-3.000000e+01	3.020915e+10
-2.000000e+01	3.082740e+10
-1.000000e+01	3.136300e+10
0.000000e+00	3.169813e+10
1.000000e+01	3.195926e+10
2.000000e+01	3.211206e+10
3.500000e+01	3.218931e+10
5.000000e+01	3.198925e+10
7.500000e+01	3.111474e+10
1.000000e+02	2.987976e+10
1.250000e+02	2.837644e+10
1.500000e+02	2.670686e+10
1.750000e+02	2.484381e+10
2.000000e+02	2.294722e+10
2.500000e+02	1.921715e+10
3.000000e+02	1.582386e+10
3.500000e+02	1.281687e+10
4.000000e+02	1.021383e+10
4.500000e+02	7.993542e+09
4.900000e+02	6.466923e+09
5.250000e+02	5.321077e+09
5.600000e+02	4.343030e+09
6.150000e+02	3.100360e+09
6.600000e+02	2.316871e+09
7.000000e+02	1.761901e+09
7.500000e+02	1.243956e+09
8.000000e+02	8.759804e+08
8.540000e+02	6.002030e+08
9.000000e+02	4.406332e+08
9.460000e+02	3.289568e+08
9.710000e+02	2.817847e+08
1.003000e+03	2.332554e+08
1.032000e+03	1.975190e+08
1.065000e+03	1.640721e+08
1.101000e+03	1.344171e+08
1.143000e+03	1.069814e+08
1.214000e+03	7.310834e+07
1.299000e+03	4.626591e+07
1.398000e+03	2.687816e+07
1.520000e+03	1.355973e+07
1.617000e+03	7.886660e+06
1.722000e+03	4.387056e+06
1.820000e+03	2.555410e+06
1.894000e+03	1.704641e+06
1.946000e+03	1.288796e+06
1.989000e+03	1.027959e+06
2.024000e+03	8.601605e+05
2.055000e+03	7.373869e+05
2.083000e+03	6.441757e+05
2.098000e+03	5.999622e+05
2.110000e+03	5.673612e+05
2.120000e+03	5.416149e+05
2.126000e+03	5.252201e+05
2.130000e+03	5.131335e+05
2.132000e+03	5.051174e+05
2.134000e+03	4.927808e+05
2.136000e+03	4.744318e+05
2.138000e+03	4.405167e+05
2.141930e+03	3.622704e+05
2.145160e+03	2.949286e+05
2.147050e+03	2.432156e+05
2.148650e+03	2.048751e+05
2.150120e+03	1.718325e+05
2.151160e+03	1.493962e+05
2.152030e+03	1.321010e+05
2.152870e+03	1.171006e+05
2.153480e+03	1.074357e+05
2.154070e+03	9.912105e+04
2.154730e+03	9.069455e+04
2.155500e+03	8.252552e+04
2.156160e+03	7.670731e+04
2.156820e+03	7.173730e+04
2.157570e+03	6.705784e+04
2.158210e+03	6.372461e+04
2.158840e+03	6.088860e+04
2.159420e+03	5.857276e+04
2.160010e+03	5.654208e+04
2.160630e+03	5.461899e+04
2.161260e+03	5.287822e+04
2.162290e+03	5.042390e+04
2.163290e+03	4.837257e+04
2.164560e+03	4.616053e+04
2.166030e+03	4.400237e+04
2.167690e+03	4.195115e+04
2.169990e+03	3.958735e+04
2.172320e+03	3.759180e+04
2.175280e+03	3.544611e+04
2.178740e+03	3.335337e+04
2.182440e+03	3.142277e+04
2.186080e+03	2.980673e+04
2.191460e+03	2.782830e+04
2.196520e+03	2.631223e+04
2.201920e+03	2.500272e+04
2.207660e+03	2.387574e+04
2.213740e+03	2.284446e+04
2.220040e+03	2.192611e+04
2.227740e+03	2.095621e+04
2.235290e+03	2.014423e+04
2.243320e+03	1.936846e+04
2.251640e+03	1.867375e+04
2.259430e+03	1.808425e+04
2.269690e+03	1.740434e+04
2.282380e+03	1.667163e+04
2.294370e+03	1.606597e+04
2.308550e+03	1.543137e+04
2.325780e+03	1.476828e+04
2.346100e+03	1.409255e+04
2.378190e+03	1.320860e+04
2.418660e+03	1.232581e+04
2.457900e+03	1.163064e+04
2.495560e+03	1.107505e+04
2.535470e+03	1.057647e+04
2.578230e+03	1.012828e+04
2.628320e+03	9.700217e+03
2.688100e+03	9.266691e+03
2.761490e+03	8.817142e+03
2.844400e+03	8.390163e+03
2.970760e+03	7.859795e+03
3.133790e+03	7.320481e+03
3.424990e+03	6.609119e+03
3.752710e+03	6.029839e+03
4.295860e+03	5.352946e+03
4.968640e+03	4.773075e+03
5.762830e+03	4.283745e+03
7.360820e+03	3.624632e+03
8.974240e+03	3.176755e+03
1.159620e+04	2.677856e+03
1.539200e+04	2.201812e+03
2.113310e+04	1.739643e+03
2.667660e+04	1.441036e+03
3.607950e+04	1.099428e+03
4.700930e+04	8.414932e+02
6.808440e+04	5.437728e+02
