-1.000000e+02	3.815647e+12
-9.000000e+01	1.664658e+12
-8.000000e+01	1.701435e+12
-7.000000e+01	1.746254e+12
-6.000000e+01	1.793527e+12
-5.000000e+01	1.841422e+12
-4.000000e+01	1.888210e+12
-3.000000e+01	1.937978e+12
-2.000000e+01	1.975746e+12
-1.000000e+01	2.007981e+12
0.000000e+00	2.027445e+12
1.000000e+01	2.041970e+12
2.000000e+01	2.049489e+12
3.500000e+01	2.050707e+12
5.000000e+01	2.034105e+12
7.500000e+01	1.971669e+12
1.000000e+02	1.884062e+12
1.250000e+02	1.777134e+12
1.500000e+02	1.657175e+12
1.750000e+02	1.529085e+12
2.000000e+02	1.401390e+12
2.500000e+02	1.159995e+12
3.000000e+02	9.417058e+11
3.500000e+02	7.488020e+11
4.000000e+02	5.819427e+11
4.500000e+02	4.426735e+11
4.900000e+02	3.564882e+11
5.250000e+02	2.956756e+11
5.600000e+02	2.453858e+11
6.150000e+02	1.832419e+11
6.600000e+02	1.421417e+11
7.000000e+02	1.109386e+11
7.500000e+02	7.935716e+10
8.000000e+02	5.612876e+10
8.540000e+02	3.857085e+10
9.000000e+02	2.836592e+10
9.460000e+02	2.119897e+10
9.710000e+02	1.816758e+10
1.003000e+03	1.504367e+10
1.032000e+03	1.274180e+10
1.065000e+03	1.058636e+10
1.101000e+03	8.674044e+09
1.143000e+03	6.904286e+09
1.214000e+03	4.718712e+09
1.299000e+03	2.986426e+09
1.398000e+03	1.735048e+09
1.520000e+03	8.753473e+08
1.617000e+03	5.091316e+08
1.722000e+03	2.832143e+08
1.820000e+03	1.649702e+08
1.894000e+03	1.100474e+08
1.946000e+03	8.320153e+07
1.989000e+03	6.636253e+07
2.024000e+03	5.552996e+07
2.055000e+03	4.760404e+07
2.083000e+03	4.158658e+07
2.098000e+03	3.873228e+07
2.110000e+03	3.662764e+07
2.120000e+03	3.496553e+07
2.126000e+03	3.390713e+07
2.130000e+03	3.312686e+07
2.132000e+03	3.260937e+07
2.134000e+03	3.181296e+07
2.136000e+03	3.062842e+07
2.138000e+03	2.843898e+07
2.141930e+03	2.338762e+07
2.145160e+03	1.904011e+07
2.147050e+03	1.570146e+07
2.148650e+03	1.322625e+07
2.150120e+03	1.109349e+07
2.151160e+03	9.645850e+06
2.152030e+03	8.530431e+06
2.152870e+03	7.563519e+06
2.153480e+03	6.940409e+06
2.154070e+03	6.404195e+06
2.154730e+03	5.860803e+06
2.155500e+03	5.334069e+06
2.156160e+03	4.958935e+06
2.156820e+03	4.638505e+06
2.157570e+03	4.336839e+06
2.158210e+03	4.121964e+06
2.158840e+03	3.939147e+06
2.159420e+03	3.789562e+06
2.160010e+03	3.658244e+06
2.160630e+03	3.533909e+06
2.161260e+03	3.421382e+06
2.162290e+03	3.262753e+06
2.163290e+03	3.130182e+06
2.164560e+03	2.987235e+06
2.166030e+03	2.847305e+06
2.167690e+03	2.713920e+06
2.169990e+03	2.560539e+06
2.172320e+03	2.430721e+06
2.175280e+03	2.291499e+06
2.178740e+03	2.155839e+06
2.182440e+03	2.030406e+06
2.186080e+03	1.925575e+06
2.191460e+03	1.797321e+06
2.196520e+03	1.699046e+06
2.201920e+03	1.614311e+06
2.207660e+03	1.541502e+06
2.213740e+03	1.474895e+06
2.220040e+03	1.415555e+06
2.227740e+03	1.352928e+06
2.235290e+03	1.300499e+06
2.243320e+03	1.250412e+06
2.251640e+03	1.205561e+06
2.259430e+03	1.167503e+06
2.269690e+03	1.123607e+06
2.282380e+03	1.076304e+06
2.294370e+03	1.037203e+06
2.308550e+03	9.962341e+05
2.325780e+03	9.534252e+05
2.346100e+03	9.098006e+05
2.378190e+03	8.527339e+05
2.418660e+03	7.957420e+05
2.457900e+03	7.508627e+05
2.495560e+03	7.149940e+05
2.535470e+03	6.828065e+05
2.578230e+03	6.538716e+05
2.628320e+03	6.262362e+05
2.688100e+03	5.982482e+05
2.761490e+03	5.692258e+05
2.844400e+03	5.416605e+05
2.970760e+03	5.074204e+05
3.133790e+03	4.726029e+05
3.424990e+03	4.266781e+05
3.752710e+03	3.892803e+05
4.295860e+03	3.455808e+05
4.968640e+03	3.081449e+05
5.762830e+03	2.765543e+05
7.360820e+03	2.340026e+05
8.974240e+03	2.050881e+05
1.159620e+04	1.728797e+05
1.539200e+04	1.421468e+05
2.113310e+04	1.123096e+05
2.667660e+04	9.303184e+04
3.607950e+04	7.097795e+04
4.700930e+04	5.432595e+04
6.808440e+04	3.510543e+04
