-1.000000e+02	1.366000e+17
-9.000000e+01	6.014660e+16
-8.000000e+01	6.150385e+16
-7.000000e+01	6.316277e+16
-6.000000e+01	6.492070e+16
-5.000000e+01	6.671241e+16
-4.000000e+01	6.847564e+16
-3.000000e+01	7.036302e+16
-2.000000e+01	7.181476e+16
-1.000000e+01	7.307407e+16
0.000000e+00	7.386460e+16
1.000000e+01	7.448293e+16
2.000000e+01	7.484862e+16
3.500000e+01	7.504498e+16
5.000000e+01	7.459755e+16
7.500000e+01	7.259921e+16
1.000000e+02	6.978518e+16
1.250000e+02	6.636723e+16
1.500000e+02	6.258187e+16
1.750000e+02	5.830916e+16
2.000000e+02	5.393623e+16
2.500000e+02	4.525645e+16
3.000000e+02	3.734864e+16
3.500000e+02	3.033573e+16
4.000000e+02	2.426305e+16
4.500000e+02	1.906166e+16
4.900000e+02	1.541930e+16
5.250000e+02	1.266156e+16
5.600000e+02	1.030050e+16
6.150000e+02	7.297235e+15
6.600000e+02	5.420363e+15
7.000000e+02	4.104733e+15
7.500000e+02	2.891795e+15
8.000000e+02	2.034996e+15
8.540000e+02	1.393661e+15
9.000000e+02	1.022748e+15
9.460000e+02	7.633053e+14
9.710000e+02	6.537558e+14
1.003000e+03	5.411089e+14
1.032000e+03	4.581517e+14
1.065000e+03	3.805481e+14
1.101000e+03	3.117540e+14
1.143000e+03	2.481113e+14
1.214000e+03	1.695423e+14
1.299000e+03	1.072914e+14
1.398000e+03	6.232917e+13
1.520000e+03	3.144324e+13
1.617000e+03	1.828778e+13
1.722000e+03	1.017264e+13
1.820000e+03	5.925393e+12
1.894000e+03	3.952849e+12
1.946000e+03	2.988489e+12
1.989000e+03	2.383593e+12
2.024000e+03	1.994235e+12
2.055000e+03	1.709547e+12
2.083000e+03	1.493415e+12
2.098000e+03	1.390898e+12
2.110000e+03	1.315308e+12
2.120000e+03	1.255616e+12
2.126000e+03	1.217613e+12
2.130000e+03	1.189604e+12
2.132000e+03	1.171035e+12
2.134000e+03	1.142470e+12
2.136000e+03	1.099990e+12
2.138000e+03	1.021417e+12
2.141930e+03	8.399831e+11
2.145160e+03	6.835629e+11
2.147050e+03	5.636805e+11
2.148650e+03	4.748750e+11
2.150120e+03	3.983880e+11
2.151160e+03	3.464986e+11
2.152030e+03	3.065359e+11
2.152870e+03	2.719070e+11
2.153480e+03	2.495912e+11
2.154070e+03	2.303379e+11
2.154730e+03	2.108255e+11
2.155500e+03	1.919116e+11
2.156160e+03	1.784417e+11
2.156820e+03	1.669364e+11
2.157570e+03	1.561060e+11
2.158210e+03	1.483917e+11
2.158840e+03	1.418284e+11
2.159420e+03	1.364552e+11
2.160010e+03	1.317177e+11
2.160630e+03	1.272349e+11
2.161260e+03	1.231798e+11
2.162290e+03	1.174659e+11
2.163290e+03	1.126921e+11
2.164560e+03	1.075461e+11
2.166030e+03	1.025002e+11
2.167690e+03	9.766294e+10
2.169990e+03	9.211875e+10
2.172320e+03	8.742470e+10
2.175280e+03	8.239707e+10
2.178740e+03	7.752290e+10
2.182440e+03	7.299641e+10
2.186080e+03	6.925089e+10
2.191460e+03	6.459503e+10
2.196520e+03	6.111491e+10
2.201920e+03	5.796808e+10
2.207660e+03	5.534368e+10
2.213740e+03	5.295051e+10
2.220040e+03	5.081717e+10
2.227740e+03	4.856713e+10
2.235290e+03	4.668529e+10
2.243320e+03	4.488634e+10
2.251640e+03	4.327621e+10
2.259430e+03	4.190999e+10
2.269690e+03	4.033420e+10
2.282380e+03	3.863613e+10
2.294370e+03	3.723252e+10
2.308550e+03	3.576186e+10
2.325780e+03	3.422515e+10
2.346100e+03	3.265915e+10
2.378190e+03	3.061063e+10
2.418660e+03	2.856479e+10
2.457900e+03	2.695375e+10
2.495560e+03	2.566617e+10
2.535470e+03	2.451073e+10
2.578230e+03	2.347206e+10
2.628320e+03	2.248003e+10
2.688100e+03	2.147534e+10
2.761490e+03	2.043352e+10
2.844400e+03	1.944401e+10
2.970760e+03	1.821489e+10
3.133790e+03	1.696505e+10
3.424990e+03	1.531648e+10
3.752710e+03	1.397401e+10
4.295860e+03	1.240533e+10
4.968640e+03	1.106149e+10
5.762830e+03	9.927480e+09
7.360820e+03	8.400001e+09
8.974240e+03	7.362057e+09
1.159620e+04	6.205869e+09
1.539200e+04	5.102649e+09
2.113310e+04	4.031582e+09
2.667660e+04	3.339568e+09
3.607950e+04	2.547898e+09
4.700930e+04	1.950141e+09
6.808440e+04	1.260181e+09
