-1.000000e+02	1.366000e+16
-9.000000e+01	5.942233e+15
-8.000000e+01	6.076394e+15
-7.000000e+01	6.240357e+15
-6.000000e+01	6.414090e+15
-5.000000e+01	6.591147e+15
-4.000000e+01	6.765380e+15
-3.000000e+01	6.951856e+15
-2.000000e+01	7.095304e+15
-1.000000e+01	7.219734e+15
0.000000e+00	7.297846e+15
1.000000e+01	7.358942e+15
2.000000e+01	7.395075e+15
3.500000e+01	7.414478e+15
5.000000e+01	7.370273e+15
7.500000e+01	7.172838e+15
1.000000e+02	6.894811e+15
1.250000e+02	6.557116e+15
1.500000e+02	6.183121e+15
1.750000e+02	5.760976e+15
2.000000e+02	5.328927e+15
2.500000e+02	4.471361e+15
3.000000e+02	3.690065e+15
3.500000e+02	2.997186e+15
4.000000e+02	2.397203e+15
4.500000e+02	1.883302e+15
4.900000e+02	1.523435e+15
5.250000e+02	1.250969e+15
5.600000e+02	1.017695e+15
6.150000e+02	7.209708e+14
6.600000e+02	5.355348e+14
7.000000e+02	4.055498e+14
7.500000e+02	2.857108e+14
8.000000e+02	2.010586e+14
8.540000e+02	1.376943e+14
9.000000e+02	1.010480e+14
9.460000e+02	7.541628e+13
9.710000e+02	6.459181e+13
1.003000e+03	5.346167e+13
1.032000e+03	4.526695e+13
1.065000e+03	3.759841e+13
1.101000e+03	3.080105e+13
1.143000e+03	2.451316e+13
1.214000e+03	1.675079e+13
1.299000e+03	1.060015e+13
1.398000e+03	6.157993e+12
1.520000e+03	3.106574e+12
1.617000e+03	1.806839e+12
1.722000e+03	1.005071e+12
1.820000e+03	5.854403e+11
1.894000e+03	3.905299e+11
1.946000e+03	2.952606e+11
1.989000e+03	2.355031e+11
2.024000e+03	1.970607e+11
2.055000e+03	1.689335e+11
2.083000e+03	1.475789e+11
2.098000e+03	1.374497e+11
2.110000e+03	1.299809e+11
2.120000e+03	1.240824e+11
2.126000e+03	1.203264e+11
2.130000e+03	1.175574e+11
2.132000e+03	1.157209e+11
2.134000e+03	1.128946e+11
2.136000e+03	1.086909e+11
2.138000e+03	1.009210e+11
2.141930e+03	8.299485e+10
2.145160e+03	6.756568e+10
2.147050e+03	5.570256e+10
2.148650e+03	4.681860e+10
2.150120e+03	3.885970e+10
2.151160e+03	3.293183e+10
2.152030e+03	2.773657e+10
2.152870e+03	2.259823e+10
2.153480e+03	1.859781e+10
2.154070e+03	1.481170e+10
2.154730e+03	1.111715e+10
2.155500e+03	7.925859e+09
2.156160e+03	6.009590e+09
2.156820e+03	4.634616e+09
2.157570e+03	3.549739e+09
2.158210e+03	2.902560e+09
2.158840e+03	2.426579e+09
2.159420e+03	2.024351e+09
2.160010e+03	1.690930e+09
2.160630e+03	1.424811e+09
2.161260e+03	1.218750e+09
2.162290e+03	9.755358e+08
2.163290e+03	8.089298e+08
2.164560e+03	6.592081e+08
2.166030e+03	5.028135e+08
2.167690e+03	3.586011e+08
2.169990e+03	2.479775e+08
2.172320e+03	1.604790e+08
2.175280e+03	1.023834e+08
2.178740e+03	6.352396e+07
2.182440e+03	3.025733e+07
2.186080e+03	1.447519e+07
2.191460e+03	4.179869e+06
2.196520e+03	7.628112e+05
2.201920e+03	1.191191e+05
2.207660e+03	4.121418e+04
2.213740e+03	1.717722e+04
2.220040e+03	1.564442e+03
2.227740e+03	4.142594e+02
2.235290e+03	8.545520e+01
2.243320e+03	1.503707e+01
2.251640e+03	5.662037e+00
2.259430e+03	2.948081e+00
2.269690e+03	8.697176e-02
2.282380e+03	1.360035e-02
2.294370e+03	5.330563e-03
2.308550e+03	2.497673e-03
2.325780e+03	1.294613e-03
2.346100e+03	7.238388e-04
2.378190e+03	3.690720e-04
2.418660e+03	2.017021e-04
2.457900e+03	1.058578e-04
2.495560e+03	5.578995e-05
2.535470e+03	3.385544e-05
2.578230e+03	2.288818e-05
2.628320e+03	1.573563e-05
2.688100e+03	1.168251e-05
2.761490e+03	8.583069e-06
2.844400e+03	6.198883e-06
2.970760e+03	4.053116e-06
3.133790e+03	2.384186e-06
3.424990e+03	1.668930e-06
3.752710e+03	9.536743e-07
4.295860e+03	4.768372e-07
4.968640e+03	2.384186e-07
5.762830e+03	2.384186e-07
7.360820e+03	0.000000e+00
8.974240e+03	0.000000e+00
1.159620e+04	1.192093e-07
1.539200e+04	0.000000e+00
2.113310e+04	0.000000e+00
2.667660e+04	0.000000e+00
3.607950e+04	0.000000e+00
4.700930e+04	0.000000e+00
6.808440e+04	0.000000e+00
