-1.000000e+02	1.328976e+17
-9.000000e+01	5.818914e+16
-8.000000e+01	6.001088e+16
-7.000000e+01	6.209438e+16
-6.000000e+01	6.418594e+16
-5.000000e+01	6.622313e+16
-4.000000e+01	6.815669e+16
-3.000000e+01	7.016182e+16
-2.000000e+01	7.168244e+16
-1.000000e+01	7.298682e+16
0.000000e+00	7.380414e+16
1.000000e+01	7.444112e+16
2.000000e+01	7.481918e+16
3.500000e+01	7.502741e+16
5.000000e+01	7.458646e+16
7.500000e+01	7.259346e+16
1.000000e+02	6.978216e+16
1.250000e+02	6.636561e+16
1.500000e+02	6.258100e+16
1.750000e+02	5.830862e+16
2.000000e+02	5.393587e+16
2.500000e+02	4.525626e+16
3.000000e+02	3.734854e+16
3.500000e+02	3.033569e+16
4.000000e+02	2.426303e+16
4.500000e+02	1.906165e+16
4.900000e+02	1.541930e+16
5.250000e+02	1.266155e+16
5.600000e+02	1.030049e+16
6.150000e+02	7.297230e+15
6.600000e+02	5.420353e+15
7.000000e+02	4.104711e+15
7.500000e+02	2.891735e+15
8.000000e+02	2.034868e+15
8.540000e+02	1.393347e+15
9.000000e+02	1.022080e+15
9.460000e+02	7.620738e+14
9.710000e+02	6.519639e+14
1.003000e+03	5.386926e+14
1.032000e+03	4.551284e+14
1.065000e+03	3.766336e+14
1.101000e+03	3.071440e+14
1.143000e+03	2.429765e+14
1.214000e+03	1.641580e+14
1.299000e+03	1.020374e+14
1.398000e+03	5.785093e+13
1.520000e+03	2.787036e+13
1.617000e+03	1.549055e+13
1.722000e+03	8.163987e+12
1.820000e+03	4.506243e+12
1.894000e+03	2.888787e+12
1.946000e+03	2.157891e+12
1.989000e+03	1.700225e+12
2.024000e+03	1.393845e+12
2.055000e+03	1.168205e+12
2.083000e+03	9.973907e+11
2.098000e+03	9.161891e+11
2.110000e+03	8.560465e+11
2.120000e+03	8.051126e+11
2.126000e+03	7.655529e+11
2.130000e+03	7.307704e+11
2.132000e+03	7.012148e+11
2.134000e+03	6.463506e+11
2.136000e+03	5.599465e+11
2.138000e+03	4.061202e+11
2.141930e+03	1.607705e+11
2.145160e+03	7.207484e+10
2.147050e+03	5.234633e+10
2.148650e+03	4.164923e+10
2.150120e+03	3.341576e+10
2.151160e+03	2.822887e+10
2.152030e+03	2.443208e+10
2.152870e+03	2.127165e+10
2.153480e+03	1.809019e+10
2.154070e+03	1.485224e+10
2.154730e+03	1.222552e+10
2.155500e+03	1.013821e+10
2.156160e+03	8.864015e+09
2.156820e+03	7.889724e+09
2.157570e+03	7.054728e+09
2.158210e+03	6.502871e+09
2.158840e+03	6.058761e+09
2.159420e+03	5.614272e+09
2.160010e+03	5.066394e+09
2.160630e+03	4.609725e+09
2.161260e+03	4.239918e+09
2.162290e+03	3.777227e+09
2.163290e+03	3.434769e+09
2.164560e+03	3.103329e+09
2.166030e+03	2.733081e+09
2.167690e+03	2.145846e+09
2.169990e+03	1.684186e+09
2.172320e+03	1.273571e+09
2.175280e+03	9.546516e+08
2.178740e+03	7.494205e+08
2.182440e+03	4.871401e+08
2.186080e+03	3.513510e+08
2.191460e+03	1.898722e+08
2.196520e+03	1.142254e+08
2.201920e+03	3.789934e+07
2.207660e+03	2.346086e+07
2.213740e+03	1.699638e+07
2.220040e+03	6.157501e+06
2.227740e+03	3.164132e+06
2.235290e+03	2.112167e+06
2.243320e+03	7.394445e+05
2.251640e+03	4.543305e+05
2.259430e+03	3.364383e+05
2.269690e+03	8.719244e+04
2.282380e+03	2.797976e+04
2.294370e+03	1.739905e+04
2.308550e+03	1.218355e+04
2.325780e+03	9.087094e+03
2.346100e+03	7.079346e+03
2.378190e+03	5.350321e+03
2.418660e+03	4.183581e+03
2.457900e+03	3.306446e+03
2.495560e+03	2.458528e+03
2.535470e+03	1.962007e+03
2.578230e+03	1.635674e+03
2.628320e+03	1.393350e+03
2.688100e+03	1.217348e+03
2.761490e+03	1.072931e+03
2.844400e+03	9.376491e+02
2.970760e+03	7.656881e+02
3.133790e+03	6.272348e+02
3.424990e+03	4.937037e+02
3.752710e+03	4.059219e+02
4.295860e+03	3.063338e+02
4.968640e+03	2.173663e+02
5.762830e+03	1.616965e+02
7.360820e+03	9.719709e+01
8.974240e+03	6.473283e+01
1.159620e+04	4.305181e+01
1.539200e+04	2.946534e+01
2.113310e+04	1.454063e+01
2.667660e+04	9.609970e+00
3.607950e+04	3.000011e+00
4.700930e+04	1.507831e+00
6.808440e+04	6.978188e-01
