-1.000000e+02	3.702292e+15
-9.000000e+01	1.957431e+15
-8.000000e+01	1.492934e+15
-7.000000e+01	1.068371e+15
-6.000000e+01	7.347453e+14
-5.000000e+01	4.892654e+14
-4.000000e+01	3.189392e+14
-3.000000e+01	2.011913e+14
-2.000000e+01	1.323129e+14
-1.000000e+01	8.724077e+13
0.000000e+00	6.045718e+13
1.000000e+01	4.180794e+13
2.000000e+01	2.943446e+13
3.500000e+01	1.756780e+13
5.000000e+01	1.108098e+13
7.500000e+01	5.752478e+12
1.000000e+02	3.020368e+12
1.250000e+02	1.615103e+12
1.500000e+02	8.704503e+11
1.750000e+02	5.439572e+11
2.000000e+02	3.607752e+11
2.500000e+02	1.897329e+11
3.000000e+02	9.694661e+10
3.500000e+02	4.697716e+10
4.000000e+02	2.124170e+10
4.500000e+02	9.588660e+09
4.900000e+02	6.381407e+09
5.250000e+02	5.109706e+09
5.600000e+02	4.575761e+09
6.150000e+02	5.670576e+09
6.600000e+02	9.543737e+09
7.000000e+02	2.246010e+10
7.500000e+02	5.966394e+10
8.000000e+02	1.277453e+11
8.540000e+02	3.134187e+11
9.000000e+02	6.680209e+11
9.460000e+02	1.231540e+12
9.710000e+02	1.791907e+12
1.003000e+03	2.416319e+12
1.032000e+03	3.023299e+12
1.065000e+03	3.914500e+12
1.101000e+03	4.609975e+12
1.143000e+03	5.134880e+12
1.214000e+03	5.384290e+12
1.299000e+03	5.254018e+12
1.398000e+03	4.478238e+12
1.520000e+03	3.572872e+12
1.617000e+03	2.797230e+12
1.722000e+03	2.008657e+12
1.820000e+03	1.419150e+12
1.894000e+03	1.064061e+12
1.946000e+03	8.305981e+11
1.989000e+03	6.833683e+11
2.024000e+03	6.003906e+11
2.055000e+03	5.413425e+11
2.083000e+03	4.960242e+11
2.098000e+03	4.747086e+11
2.110000e+03	4.592611e+11
2.120000e+03	4.505031e+11
2.126000e+03	4.520604e+11
2.130000e+03	4.588334e+11
2.132000e+03	4.698204e+11
2.134000e+03	4.961194e+11
2.136000e+03	5.400440e+11
2.138000e+03	6.152968e+11
2.141930e+03	6.792126e+11
2.145160e+03	6.114881e+11
2.147050e+03	5.113342e+11
2.148650e+03	4.332258e+11
2.150120e+03	3.649721e+11
2.151160e+03	3.182692e+11
2.152030e+03	2.821026e+11
2.152870e+03	2.506329e+11
2.153480e+03	2.314978e+11
2.154070e+03	2.154819e+11
2.154730e+03	1.985956e+11
2.155500e+03	1.817682e+11
2.156160e+03	1.695717e+11
2.156820e+03	1.590400e+11
2.157570e+03	1.490438e+11
2.158210e+03	1.418807e+11
2.158840e+03	1.357609e+11
2.159420e+03	1.308319e+11
2.160010e+03	1.266428e+11
2.160630e+03	1.226169e+11
2.161260e+03	1.189318e+11
2.162290e+03	1.136807e+11
2.163290e+03	1.092496e+11
2.164560e+03	1.044351e+11
2.166030e+03	9.975993e+10
2.167690e+03	9.551168e+10
2.169990e+03	9.043036e+10
2.172320e+03	8.614818e+10
2.175280e+03	8.144035e+10
2.178740e+03	7.677189e+10
2.182440e+03	7.250843e+10
2.186080e+03	6.889901e+10
2.191460e+03	6.440496e+10
2.196520e+03	6.100059e+10
2.201920e+03	5.793016e+10
2.207660e+03	5.532021e+10
2.213740e+03	5.293351e+10
2.220040e+03	5.081102e+10
2.227740e+03	4.856397e+10
2.235290e+03	4.668317e+10
2.243320e+03	4.488561e+10
2.251640e+03	4.327575e+10
2.259430e+03	4.190965e+10
2.269690e+03	4.033412e+10
2.282380e+03	3.863610e+10
2.294370e+03	3.723250e+10
2.308550e+03	3.576185e+10
2.325780e+03	3.422514e+10
2.346100e+03	3.265915e+10
2.378190e+03	3.061062e+10
2.418660e+03	2.856478e+10
2.457900e+03	2.695375e+10
2.495560e+03	2.566617e+10
2.535470e+03	2.451073e+10
2.578230e+03	2.347205e+10
2.628320e+03	2.248003e+10
2.688100e+03	2.147534e+10
2.761490e+03	2.043352e+10
2.844400e+03	1.944401e+10
2.970760e+03	1.821489e+10
3.133790e+03	1.696505e+10
3.424990e+03	1.531648e+10
3.752710e+03	1.397401e+10
4.295860e+03	1.240533e+10
4.968640e+03	1.106149e+10
5.762830e+03	9.927480e+09
7.360820e+03	8.400001e+09
8.974240e+03	7.362057e+09
1.159620e+04	6.205868e+09
1.539200e+04	5.102649e+09
2.113310e+04	4.031582e+09
2.667660e+04	3.339568e+09
3.607950e+04	2.547898e+09
4.700930e+04	1.950141e+09
6.808440e+04	1.260181e+09
