-1.000000e+02	1.641266e+10
-9.000000e+01	7.140848e+09
-8.000000e+01	7.302170e+09
-7.000000e+01	7.499328e+09
-6.000000e+01	7.708240e+09
-5.000000e+01	7.921158e+09
-4.000000e+01	8.130685e+09
-3.000000e+01	8.354935e+09
-2.000000e+01	8.527459e+09
-1.000000e+01	8.677120e+09
0.000000e+00	8.771093e+09
1.000000e+01	8.844609e+09
2.000000e+01	8.888111e+09
3.500000e+01	8.911524e+09
5.000000e+01	8.858458e+09
7.500000e+01	8.621211e+09
1.000000e+02	8.287052e+09
1.250000e+02	7.881149e+09
1.500000e+02	7.431600e+09
1.750000e+02	6.924190e+09
2.000000e+02	6.404889e+09
2.500000e+02	5.374164e+09
3.000000e+02	4.435114e+09
3.500000e+02	3.602334e+09
4.000000e+02	2.881205e+09
4.500000e+02	2.263546e+09
4.900000e+02	1.831032e+09
5.250000e+02	1.503564e+09
5.600000e+02	1.223199e+09
6.150000e+02	8.665722e+08
6.600000e+02	6.436958e+08
7.000000e+02	4.874628e+08
7.500000e+02	3.434204e+08
8.000000e+02	2.416697e+08
8.540000e+02	1.655066e+08
9.000000e+02	1.214583e+08
9.460000e+02	9.064948e+07
9.710000e+02	7.763870e+07
1.003000e+03	6.426045e+07
1.032000e+03	5.441053e+07
1.065000e+03	4.519306e+07
1.101000e+03	3.702271e+07
1.143000e+03	2.946472e+07
1.214000e+03	2.013440e+07
1.299000e+03	1.274136e+07
1.398000e+03	7.401899e+06
1.520000e+03	3.734099e+06
1.617000e+03	2.171820e+06
1.722000e+03	1.208095e+06
1.820000e+03	7.036991e+05
1.894000e+03	4.694168e+05
1.946000e+03	3.549031e+05
1.989000e+03	2.830746e+05
2.024000e+03	2.368670e+05
2.055000e+03	2.030580e+05
2.083000e+03	1.773898e+05
2.098000e+03	1.652145e+05
2.110000e+03	1.562370e+05
2.120000e+03	1.491471e+05
2.126000e+03	1.446323e+05
2.130000e+03	1.413040e+05
2.132000e+03	1.390965e+05
2.134000e+03	1.356993e+05
2.136000e+03	1.306464e+05
2.138000e+03	1.213070e+05
2.141930e+03	9.975996e+04
2.145160e+03	8.121620e+04
2.147050e+03	6.697792e+04
2.148650e+03	5.642458e+04
2.150120e+03	4.733270e+04
2.151160e+03	4.116152e+04
2.152030e+03	3.640541e+04
2.152870e+03	3.228041e+04
2.153480e+03	2.961899e+04
2.154070e+03	2.732742e+04
2.154730e+03	2.500473e+04
2.155500e+03	2.275261e+04
2.156160e+03	2.114821e+04
2.156820e+03	1.977740e+04
2.157570e+03	1.848644e+04
2.158210e+03	1.756666e+04
2.158840e+03	1.678393e+04
2.159420e+03	1.614413e+04
2.160010e+03	1.558289e+04
2.160630e+03	1.505152e+04
2.161260e+03	1.457061e+04
2.162290e+03	1.389267e+04
2.163290e+03	1.332614e+04
2.164560e+03	1.271530e+04
2.166030e+03	1.211924e+04
2.167690e+03	1.155290e+04
2.169990e+03	1.090073e+04
2.172320e+03	1.035055e+04
2.175280e+03	9.759247e+03
2.178740e+03	9.182730e+03
2.182440e+03	8.651349e+03
2.186080e+03	8.206596e+03
2.191460e+03	7.662209e+03
2.196520e+03	7.245168e+03
2.201920e+03	6.884816e+03
2.207660e+03	6.574542e+03
2.213740e+03	6.290593e+03
2.220040e+03	6.037795e+03
2.227740e+03	5.770730e+03
2.235290e+03	5.547146e+03
2.243320e+03	5.333529e+03
2.251640e+03	5.142229e+03
2.259430e+03	4.979897e+03
2.269690e+03	4.792672e+03
2.282380e+03	4.590904e+03
2.294370e+03	4.424122e+03
2.308550e+03	4.249373e+03
2.325780e+03	4.066774e+03
2.346100e+03	3.880696e+03
2.378190e+03	3.637282e+03
2.418660e+03	3.394187e+03
2.457900e+03	3.202757e+03
2.495560e+03	3.049761e+03
2.535470e+03	2.912467e+03
2.578230e+03	2.789048e+03
2.628320e+03	2.671171e+03
2.688100e+03	2.551790e+03
2.761490e+03	2.427996e+03
2.844400e+03	2.310418e+03
2.970760e+03	2.164370e+03
3.133790e+03	2.015858e+03
3.424990e+03	1.819968e+03
3.752710e+03	1.660451e+03
4.295860e+03	1.474053e+03
4.968640e+03	1.314373e+03
5.762830e+03	1.179625e+03
7.360820e+03	9.981232e+02
8.974240e+03	8.747904e+02
1.159620e+04	7.374072e+02
1.539200e+04	6.063181e+02
2.113310e+04	4.790494e+02
2.667660e+04	3.968214e+02
3.607950e+04	3.027519e+02
4.700930e+04	2.317239e+02
6.808440e+04	1.497400e+02
