-1.000000e+02	4.602143e+12
-9.000000e+01	2.005726e+12
-8.000000e+01	2.050456e+12
-7.000000e+01	2.105041e+12
-6.000000e+01	2.162741e+12
-5.000000e+01	2.221369e+12
-4.000000e+01	2.278850e+12
-3.000000e+01	2.340189e+12
-2.000000e+01	2.387065e+12
-1.000000e+01	2.427413e+12
0.000000e+00	2.452275e+12
1.000000e+01	2.471303e+12
2.000000e+01	2.481911e+12
3.500000e+01	2.485902e+12
5.000000e+01	2.468423e+12
7.500000e+01	2.397410e+12
1.000000e+02	2.297488e+12
1.250000e+02	2.175713e+12
1.500000e+02	2.039805e+12
1.750000e+02	1.891034e+12
2.000000e+02	1.740929e+12
2.500000e+02	1.450720e+12
3.000000e+02	1.187314e+12
3.500000e+02	9.540566e+11
4.000000e+02	7.520274e+11
4.500000e+02	5.812197e+11
4.900000e+02	4.692662e+11
5.250000e+02	3.874979e+11
5.600000e+02	3.186113e+11
6.150000e+02	2.319305e+11
6.600000e+02	1.760811e+11
7.000000e+02	1.353599e+11
7.500000e+02	9.608518e+10
8.000000e+02	6.778525e+10
8.540000e+02	4.650139e+10
9.000000e+02	3.416301e+10
9.460000e+02	2.551536e+10
9.710000e+02	2.186053e+10
1.003000e+03	1.809800e+10
1.032000e+03	1.532661e+10
1.065000e+03	1.273226e+10
1.101000e+03	1.043148e+10
1.143000e+03	8.302629e+09
1.214000e+03	5.674020e+09
1.299000e+03	3.590849e+09
1.398000e+03	2.086138e+09
1.520000e+03	1.052448e+09
1.617000e+03	6.121324e+08
1.722000e+03	3.405079e+08
1.820000e+03	1.983424e+08
1.894000e+03	1.323088e+08
1.946000e+03	1.000323e+08
1.989000e+03	7.978689e+07
2.024000e+03	6.676296e+07
2.055000e+03	5.723368e+07
2.083000e+03	4.999894e+07
2.098000e+03	4.656723e+07
2.110000e+03	4.403685e+07
2.120000e+03	4.203851e+07
2.126000e+03	4.076600e+07
2.130000e+03	3.982788e+07
2.132000e+03	3.920570e+07
2.134000e+03	3.824818e+07
2.136000e+03	3.682400e+07
2.138000e+03	3.419164e+07
2.141930e+03	2.811843e+07
2.145160e+03	2.289157e+07
2.147050e+03	1.887787e+07
2.148650e+03	1.590249e+07
2.150120e+03	1.333901e+07
2.151160e+03	1.159922e+07
2.152030e+03	1.025882e+07
2.152870e+03	9.096958e+06
2.153480e+03	8.347903e+06
2.154070e+03	7.703145e+06
2.154730e+03	7.049772e+06
2.155500e+03	6.416442e+06
2.156160e+03	5.965393e+06
2.156820e+03	5.580115e+06
2.157570e+03	5.217402e+06
2.158210e+03	4.959040e+06
2.158840e+03	4.739224e+06
2.159420e+03	4.559246e+06
2.160010e+03	4.401194e+06
2.160630e+03	4.251563e+06
2.161260e+03	4.116154e+06
2.162290e+03	3.925286e+06
2.163290e+03	3.765781e+06
2.164560e+03	3.593801e+06
2.166030e+03	3.425308e+06
2.167690e+03	3.264590e+06
2.169990e+03	3.079898e+06
2.172320e+03	2.923498e+06
2.175280e+03	2.755887e+06
2.178740e+03	2.592612e+06
2.182440e+03	2.441577e+06
2.186080e+03	2.315401e+06
2.191460e+03	2.161061e+06
2.196520e+03	2.042803e+06
2.201920e+03	1.940879e+06
2.207660e+03	1.853330e+06
2.213740e+03	1.773243e+06
2.220040e+03	1.701887e+06
2.227740e+03	1.626590e+06
2.235290e+03	1.563554e+06
2.243320e+03	1.503335e+06
2.251640e+03	1.449412e+06
2.259430e+03	1.403655e+06
2.269690e+03	1.350880e+06
2.282380e+03	1.294009e+06
2.294370e+03	1.246999e+06
2.308550e+03	1.197743e+06
2.325780e+03	1.146276e+06
2.346100e+03	1.093827e+06
2.378190e+03	1.025217e+06
2.418660e+03	9.566977e+05
2.457900e+03	9.027405e+05
2.495560e+03	8.596167e+05
2.535470e+03	8.209185e+05
2.578230e+03	7.861309e+05
2.628320e+03	7.529057e+05
2.688100e+03	7.192566e+05
2.761490e+03	6.843637e+05
2.844400e+03	6.512227e+05
2.970760e+03	6.100569e+05
3.133790e+03	5.681968e+05
3.424990e+03	5.129827e+05
3.752710e+03	4.680205e+05
4.295860e+03	4.154818e+05
4.968640e+03	3.704738e+05
5.762830e+03	3.324932e+05
7.360820e+03	2.813346e+05
8.974240e+03	2.465715e+05
1.159620e+04	2.078482e+05
1.539200e+04	1.708990e+05
2.113310e+04	1.350266e+05
2.667660e+04	1.118495e+05
3.607950e+04	8.533474e+04
4.700930e+04	6.531452e+04
6.808440e+04	4.220624e+04
