-1.000000e+02	3.329658e+10
-9.000000e+01	1.451941e+10
-8.000000e+01	1.484275e+10
-7.000000e+01	1.523734e+10
-6.000000e+01	1.565444e+10
-5.000000e+01	1.607826e+10
-4.000000e+01	1.649384e+10
-3.000000e+01	1.693746e+10
-2.000000e+01	1.727663e+10
-1.000000e+01	1.756872e+10
0.000000e+00	1.774891e+10
1.000000e+01	1.788701e+10
2.000000e+01	1.796430e+10
3.500000e+01	1.799409e+10
5.000000e+01	1.786843e+10
7.500000e+01	1.735541e+10
1.000000e+02	1.663261e+10
1.250000e+02	1.575149e+10
1.500000e+02	1.476836e+10
1.750000e+02	1.369258e+10
2.000000e+02	1.260740e+10
2.500000e+02	1.050919e+10
3.000000e+02	8.605154e+09
3.500000e+02	6.919574e+09
4.000000e+02	5.460345e+09
4.500000e+02	4.226409e+09
4.900000e+02	3.414384e+09
5.250000e+02	2.819506e+09
5.600000e+02	2.317391e+09
6.150000e+02	1.684448e+09
6.600000e+02	1.277285e+09
7.000000e+02	9.811561e+08
7.500000e+02	6.962501e+08
8.000000e+02	4.911233e+08
8.540000e+02	3.368962e+08
9.000000e+02	2.475089e+08
9.460000e+02	1.848628e+08
9.710000e+02	1.583866e+08
1.003000e+03	1.311284e+08
1.032000e+03	1.110502e+08
1.065000e+03	9.225431e+07
1.101000e+03	7.558438e+07
1.143000e+03	6.015976e+07
1.214000e+03	4.111369e+07
1.299000e+03	2.601938e+07
1.398000e+03	1.511630e+07
1.520000e+03	7.626149e+06
1.617000e+03	4.435585e+06
1.722000e+03	2.467365e+06
1.820000e+03	1.437216e+06
1.894000e+03	9.587280e+05
1.946000e+03	7.248479e+05
1.989000e+03	5.781471e+05
2.024000e+03	4.837739e+05
2.055000e+03	4.147235e+05
2.083000e+03	3.622996e+05
2.098000e+03	3.374329e+05
2.110000e+03	3.190974e+05
2.120000e+03	3.046172e+05
2.126000e+03	2.953964e+05
2.130000e+03	2.885987e+05
2.132000e+03	2.840903e+05
2.134000e+03	2.771519e+05
2.136000e+03	2.668321e+05
2.138000e+03	2.477577e+05
2.141930e+03	2.037503e+05
2.145160e+03	1.658754e+05
2.147050e+03	1.367900e+05
2.148650e+03	1.152266e+05
2.150120e+03	9.664523e+04
2.151160e+03	8.403151e+04
2.152030e+03	7.431123e+04
2.152870e+03	6.588386e+04
2.153480e+03	6.045324e+04
2.154070e+03	5.578035e+04
2.154730e+03	5.104486e+04
2.155500e+03	4.645444e+04
2.156160e+03	4.318516e+04
2.156820e+03	4.039260e+04
2.157570e+03	3.776351e+04
2.158210e+03	3.589082e+04
2.158840e+03	3.429752e+04
2.159420e+03	3.299456e+04
2.160010e+03	3.185109e+04
2.160630e+03	3.076836e+04
2.161260e+03	2.978841e+04
2.162290e+03	2.840692e+04
2.163290e+03	2.725234e+04
2.164560e+03	2.600737e+04
2.166030e+03	2.478978e+04
2.167690e+03	2.363005e+04
2.169990e+03	2.229568e+04
2.172320e+03	2.116707e+04
2.175280e+03	1.995585e+04
2.178740e+03	1.877532e+04
2.182440e+03	1.768443e+04
2.186080e+03	1.677234e+04
2.191460e+03	1.565624e+04
2.196520e+03	1.480101e+04
2.201920e+03	1.406326e+04
2.207660e+03	1.342909e+04
2.213740e+03	1.284888e+04
2.220040e+03	1.233204e+04
2.227740e+03	1.178647e+04
2.235290e+03	1.132974e+04
2.243320e+03	1.089340e+04
2.251640e+03	1.050266e+04
2.259430e+03	1.017111e+04
2.269690e+03	9.788697e+03
2.282380e+03	9.376599e+03
2.294370e+03	9.035958e+03
2.308550e+03	8.679044e+03
2.325780e+03	8.306100e+03
2.346100e+03	7.926049e+03
2.378190e+03	7.428892e+03
2.418660e+03	6.932387e+03
2.457900e+03	6.541405e+03
2.495560e+03	6.228922e+03
2.535470e+03	5.948509e+03
2.578230e+03	5.696432e+03
2.628320e+03	5.455677e+03
2.688100e+03	5.211850e+03
2.761490e+03	4.959011e+03
2.844400e+03	4.718866e+03
2.970760e+03	4.420572e+03
3.133790e+03	4.117247e+03
3.424990e+03	3.717156e+03
3.752710e+03	3.391353e+03
4.295860e+03	3.010649e+03
4.968640e+03	2.684513e+03
5.762830e+03	2.409300e+03
7.360820e+03	2.038596e+03
8.974240e+03	1.786698e+03
1.159620e+04	1.506102e+03
1.539200e+04	1.238362e+03
2.113310e+04	9.784245e+02
2.667660e+04	8.104796e+02
3.607950e+04	6.183494e+02
4.700930e+04	4.732797e+02
6.808440e+04	3.058333e+02
