-1.000000e+02	3.618032e+11
-9.000000e+01	1.850252e+11
-8.000000e+01	1.366927e+11
-7.000000e+01	9.390547e+10
-6.000000e+01	6.162530e+10
-5.000000e+01	3.896979e+10
-4.000000e+01	2.404781e+10
-3.000000e+01	1.428791e+10
-2.000000e+01	8.898260e+09
-1.000000e+01	5.558315e+09
0.000000e+00	3.673734e+09
1.000000e+01	2.422903e+09
2.000000e+01	1.631266e+09
3.500000e+01	9.127820e+08
5.000000e+01	5.448233e+08
7.500000e+01	2.632042e+08
1.000000e+02	1.298876e+08
1.250000e+02	6.584284e+07
1.500000e+02	3.381199e+07
1.750000e+02	2.040792e+07
2.000000e+02	1.314187e+07
2.500000e+02	6.607608e+06
3.000000e+02	3.223151e+06
3.500000e+02	1.485849e+06
4.000000e+02	6.360961e+05
4.500000e+02	2.718504e+05
4.900000e+02	1.761076e+05
5.250000e+02	1.390922e+05
5.600000e+02	1.238709e+05
6.150000e+02	1.564908e+05
6.600000e+02	2.741881e+05
7.000000e+02	6.897368e+05
7.500000e+02	2.015928e+06
8.000000e+02	4.812731e+06
8.540000e+02	1.347428e+07
9.000000e+02	3.174847e+07
9.460000e+02	6.330748e+07
9.710000e+02	9.575985e+07
1.003000e+03	1.338102e+08
1.032000e+03	1.716440e+08
1.065000e+03	2.274359e+08
1.101000e+03	2.731830e+08
1.143000e+03	3.089445e+08
1.214000e+03	3.280681e+08
1.299000e+03	3.226010e+08
1.398000e+03	2.766119e+08
1.520000e+03	2.226000e+08
1.617000e+03	1.755776e+08
1.722000e+03	1.270898e+08
1.820000e+03	9.044843e+07
1.894000e+03	6.818186e+07
1.946000e+03	5.335013e+07
1.989000e+03	4.399770e+07
2.024000e+03	3.876647e+07
2.055000e+03	3.505836e+07
2.083000e+03	3.222850e+07
2.098000e+03	3.090875e+07
2.110000e+03	2.996073e+07
2.120000e+03	2.947979e+07
2.126000e+03	2.972670e+07
2.130000e+03	3.034910e+07
2.132000e+03	3.127249e+07
2.134000e+03	3.344705e+07
2.136000e+03	3.711185e+07
2.138000e+03	4.349968e+07
2.141930e+03	4.920792e+07
2.145160e+03	4.450286e+07
2.147050e+03	3.756955e+07
2.148650e+03	3.203122e+07
2.150120e+03	2.708328e+07
2.151160e+03	2.366272e+07
2.152030e+03	2.099887e+07
2.152870e+03	1.867236e+07
2.153480e+03	1.719802e+07
2.154070e+03	1.593306e+07
2.154730e+03	1.462836e+07
2.155500e+03	1.334819e+07
2.156160e+03	1.242939e+07
2.156820e+03	1.164085e+07
2.157570e+03	1.089593e+07
2.158210e+03	1.036394e+07
2.158840e+03	9.910505e+06
2.159420e+03	9.540880e+06
2.160010e+03	9.218195e+06
2.160630e+03	8.911328e+06
2.161260e+03	8.632675e+06
2.162290e+03	8.238611e+06
2.163290e+03	7.908306e+06
2.164560e+03	7.551336e+06
2.166030e+03	7.202087e+06
2.167690e+03	6.871754e+06
2.169990e+03	6.488689e+06
2.172320e+03	6.164571e+06
2.175280e+03	5.814933e+06
2.178740e+03	5.473890e+06
2.182440e+03	5.158435e+06
2.186080e+03	4.895842e+06
2.191460e+03	4.569242e+06
2.196520e+03	4.324269e+06
2.201920e+03	4.102883e+06
2.207660e+03	3.917362e+06
2.213740e+03	3.748066e+06
2.220040e+03	3.597239e+06
2.227740e+03	3.438012e+06
2.235290e+03	3.304814e+06
2.243320e+03	3.177491e+06
2.251640e+03	3.063515e+06
2.259430e+03	2.966802e+06
2.269690e+03	2.855257e+06
2.282380e+03	2.735051e+06
2.294370e+03	2.635690e+06
2.308550e+03	2.531582e+06
2.325780e+03	2.422798e+06
2.346100e+03	2.311941e+06
2.378190e+03	2.166926e+06
2.418660e+03	2.022101e+06
2.457900e+03	1.908056e+06
2.495560e+03	1.816908e+06
2.535470e+03	1.735115e+06
2.578230e+03	1.661587e+06
2.628320e+03	1.591361e+06
2.688100e+03	1.520240e+06
2.761490e+03	1.446489e+06
2.844400e+03	1.376441e+06
2.970760e+03	1.289432e+06
3.133790e+03	1.200956e+06
3.424990e+03	1.084254e+06
3.752710e+03	9.892204e+05
4.295860e+03	8.781732e+05
4.968640e+03	7.830430e+05
5.762830e+03	7.027663e+05
7.360820e+03	5.946361e+05
8.974240e+03	5.211600e+05
1.159620e+04	4.393134e+05
1.539200e+04	3.612165e+05
2.113310e+04	2.853957e+05
2.667660e+04	2.364080e+05
3.607950e+04	1.803657e+05
4.700930e+04	1.380505e+05
6.808440e+04	8.920821e+04
