-1.000000e+02	7.151958e+09
-9.000000e+01	2.091604e+09
-8.000000e+01	2.289751e+09
-7.000000e+01	2.553204e+09
-6.000000e+01	2.868551e+09
-5.000000e+01	3.236329e+09
-4.000000e+01	3.653291e+09
-3.000000e+01	4.145347e+09
-2.000000e+01	4.603921e+09
-1.000000e+01	5.082228e+09
0.000000e+00	5.502495e+09
1.000000e+01	5.938104e+09
2.000000e+01	6.360647e+09
3.500000e+01	7.022643e+09
5.000000e+01	7.655221e+09
7.500000e+01	8.674652e+09
1.000000e+02	1.005456e+10
1.250000e+02	1.176291e+10
1.500000e+02	1.378997e+10
1.750000e+02	1.492671e+10
2.000000e+02	1.555061e+10
2.500000e+02	1.506897e+10
3.000000e+02	1.432171e+10
3.500000e+02	1.346613e+10
4.000000e+02	1.257310e+10
4.500000e+02	1.129676e+10
4.900000e+02	9.261600e+09
5.250000e+02	7.298056e+09
5.600000e+02	5.434428e+09
6.150000e+02	2.802846e+09
6.600000e+02	1.321106e+09
7.000000e+02	5.351480e+08
7.500000e+02	1.935784e+08
8.000000e+02	9.155084e+07
8.540000e+02	4.140960e+07
9.000000e+02	2.008423e+07
9.460000e+02	9.984592e+06
9.710000e+02	6.499936e+06
1.003000e+03	4.160858e+06
1.032000e+03	2.766542e+06
1.065000e+03	1.711344e+06
1.101000e+03	1.102810e+06
1.143000e+03	6.850379e+05
1.214000e+03	3.239412e+05
1.299000e+03	1.358320e+05
1.398000e+03	5.357230e+04
1.520000e+03	1.666935e+04
1.617000e+03	6.998326e+03
1.722000e+03	2.905424e+03
1.820000e+03	1.342784e+03
1.894000e+03	7.781368e+02
1.946000e+03	5.690130e+02
1.989000e+03	4.392916e+02
2.024000e+03	3.451837e+02
2.055000e+03	2.776031e+02
2.083000e+03	2.287649e+02
2.098000e+03	2.064016e+02
2.110000e+03	1.902545e+02
2.120000e+03	1.773769e+02
2.126000e+03	1.685746e+02
2.130000e+03	1.616248e+02
2.132000e+03	1.564586e+02
2.134000e+03	1.478237e+02
2.136000e+03	1.350774e+02
2.138000e+03	1.132745e+02
2.141930e+03	7.784299e+01
2.145160e+03	9.659172e+01
2.147050e+03	2.509498e+02
2.148650e+03	5.745836e+02
2.150120e+03	1.077483e+03
2.151160e+03	1.615933e+03
2.152030e+03	2.168853e+03
2.152870e+03	2.750229e+03
2.153480e+03	2.903151e+03
2.154070e+03	2.908562e+03
2.154730e+03	2.926474e+03
2.155500e+03	2.956007e+03
2.156160e+03	2.977973e+03
2.156820e+03	2.996171e+03
2.157570e+03	3.017395e+03
2.158210e+03	3.030418e+03
2.158840e+03	3.040592e+03
2.159420e+03	2.939942e+03
2.160010e+03	2.801353e+03
2.160630e+03	2.683667e+03
2.161260e+03	2.587066e+03
2.162290e+03	2.463943e+03
2.163290e+03	2.368707e+03
2.164560e+03	2.273147e+03
2.166030e+03	2.038991e+03
2.167690e+03	1.707132e+03
2.169990e+03	1.438100e+03
2.172320e+03	1.123279e+03
2.175280e+03	9.011352e+02
2.178740e+03	7.284556e+02
2.182440e+03	4.959151e+02
2.186080e+03	3.522137e+02
2.191460e+03	2.038206e+02
2.196520e+03	9.472916e+01
2.201920e+03	4.224731e+01
2.207660e+03	2.831935e+01
2.213740e+03	2.070669e+01
2.220040e+03	6.956624e+00
2.227740e+03	4.029374e+00
2.235290e+03	2.016079e+00
2.243320e+03	9.268861e-01
2.251640e+03	6.167756e-01
2.259430e+03	4.764051e-01
2.269690e+03	8.839880e-02
2.282380e+03	3.796202e-02
2.294370e+03	2.540475e-02
2.308550e+03	1.863264e-02
2.325780e+03	1.439700e-02
2.346100e+03	1.155149e-02
2.378190e+03	9.025437e-03
2.418660e+03	7.270033e-03
2.457900e+03	5.622087e-03
2.495560e+03	4.309260e-03
2.535470e+03	3.516287e-03
2.578230e+03	2.983137e-03
2.628320e+03	2.587471e-03
2.688100e+03	2.305714e-03
2.761490e+03	2.050652e-03
2.844400e+03	1.811533e-03
2.970760e+03	1.490429e-03
3.133790e+03	1.248959e-03
3.424990e+03	1.002357e-03
3.752710e+03	8.371417e-04
4.295860e+03	6.396124e-04
4.968640e+03	4.554447e-04
5.762830e+03	3.441590e-04
7.360820e+03	2.070656e-04
8.974240e+03	1.403928e-04
1.159620e+04	9.481572e-05
1.539200e+04	6.569373e-05
2.113310e+04	3.241318e-05
2.667660e+04	2.165006e-05
3.607950e+04	6.702085e-06
4.700930e+04	3.425792e-06
6.808440e+04	1.605035e-06
