-1.000000e+02	6.089601e+13
-9.000000e+01	2.667649e+13
-8.000000e+01	2.749121e+13
-7.000000e+01	2.842683e+13
-6.000000e+01	2.936953e+13
-5.000000e+01	3.029079e+13
-4.000000e+01	3.116765e+13
-3.000000e+01	3.207935e+13
-2.000000e+01	3.277158e+13
-1.000000e+01	3.336594e+13
0.000000e+00	3.373842e+13
1.000000e+01	3.402880e+13
2.000000e+01	3.420109e+13
3.500000e+01	3.429577e+13
5.000000e+01	3.409394e+13
7.500000e+01	3.318272e+13
1.000000e+02	3.189755e+13
1.250000e+02	3.033579e+13
1.500000e+02	2.860581e+13
1.750000e+02	2.665289e+13
2.000000e+02	2.465410e+13
2.500000e+02	2.068664e+13
3.000000e+02	1.707202e+13
3.500000e+02	1.386644e+13
4.000000e+02	1.109063e+13
4.500000e+02	8.713081e+12
4.900000e+02	7.048160e+12
5.250000e+02	5.787596e+12
5.600000e+02	4.708356e+12
6.150000e+02	3.335564e+12
6.600000e+02	2.477644e+12
7.000000e+02	1.876264e+12
7.500000e+02	1.321815e+12
8.000000e+02	9.301436e+11
8.540000e+02	6.369125e+11
9.000000e+02	4.672214e+11
9.460000e+02	3.483961e+11
9.710000e+02	2.980883e+11
1.003000e+03	2.463380e+11
1.032000e+03	2.081660e+11
1.065000e+03	1.723227e+11
1.101000e+03	1.405871e+11
1.143000e+03	1.112766e+11
1.214000e+03	7.525658e+10
1.299000e+03	4.685239e+10
1.398000e+03	2.661962e+10
1.520000e+03	1.287411e+10
1.617000e+03	7.181768e+09
1.722000e+03	3.800778e+09
1.820000e+03	2.106191e+09
1.894000e+03	1.353978e+09
1.946000e+03	1.012238e+09
1.989000e+03	7.982114e+08
2.024000e+03	6.552615e+08
2.055000e+03	5.499957e+08
2.083000e+03	4.702637e+08
2.098000e+03	4.323520e+08
2.110000e+03	4.042715e+08
2.120000e+03	3.805638e+08
2.126000e+03	3.622910e+08
2.130000e+03	3.463021e+08
2.132000e+03	3.327827e+08
2.134000e+03	3.077051e+08
2.136000e+03	2.680072e+08
2.138000e+03	1.964531e+08
2.141930e+03	7.931369e+07
2.145160e+03	3.583352e+07
2.147050e+03	2.603522e+07
2.148650e+03	2.071081e+07
2.150120e+03	1.661342e+07
2.151160e+03	1.403271e+07
2.152030e+03	1.214417e+07
2.152870e+03	1.057274e+07
2.153480e+03	8.995479e+06
2.154070e+03	7.390491e+06
2.154730e+03	6.086965e+06
2.155500e+03	5.050260e+06
2.156160e+03	4.417083e+06
2.156820e+03	3.932811e+06
2.157570e+03	3.517730e+06
2.158210e+03	3.243387e+06
2.158840e+03	3.022614e+06
2.159420e+03	2.801593e+06
2.160010e+03	2.528988e+06
2.160630e+03	2.301681e+06
2.161260e+03	2.117557e+06
2.162290e+03	1.887125e+06
2.163290e+03	1.716524e+06
2.164560e+03	1.551379e+06
2.166030e+03	1.366734e+06
2.167690e+03	1.073385e+06
2.169990e+03	8.426851e+05
2.172320e+03	6.373162e+05
2.175280e+03	4.777684e+05
2.178740e+03	3.750912e+05
2.182440e+03	2.437817e+05
2.186080e+03	1.758114e+05
2.191460e+03	9.498344e+04
2.196520e+03	5.712987e+04
2.201920e+03	1.894843e+04
2.207660e+03	1.172870e+04
2.213740e+03	8.496563e+03
2.220040e+03	3.077681e+03
2.227740e+03	1.581419e+03
2.235290e+03	1.055619e+03
2.243320e+03	3.695537e+02
2.251640e+03	2.270586e+02
2.259430e+03	1.681383e+02
2.269690e+03	4.357467e+01
2.282380e+03	1.398277e+01
2.294370e+03	8.694999e+00
2.308550e+03	6.088531e+00
2.325780e+03	4.541072e+00
2.346100e+03	3.537699e+00
2.378190e+03	2.673624e+00
2.418660e+03	2.090555e+00
2.457900e+03	1.652225e+00
2.495560e+03	1.228510e+00
2.535470e+03	9.803923e-01
2.578230e+03	8.173209e-01
2.628320e+03	6.962296e-01
2.688100e+03	6.082798e-01
2.761490e+03	5.361133e-01
2.844400e+03	4.685132e-01
2.970760e+03	3.825861e-01
3.133790e+03	3.134031e-01
3.424990e+03	2.466802e-01
3.752710e+03	2.028179e-01
4.295860e+03	1.530573e-01
4.968640e+03	1.086044e-01
5.762830e+03	8.078910e-02
7.360820e+03	4.856254e-02
8.974240e+03	3.234224e-02
1.159620e+04	2.150969e-02
1.539200e+04	1.472148e-02
2.113310e+04	7.264753e-03
2.667660e+04	4.801292e-03
3.607950e+04	1.498847e-03
4.700930e+04	7.533306e-04
6.808440e+04	3.486373e-04
