-1.000000e+02	1.543848e+12
-9.000000e+01	8.130650e+11
-8.000000e+01	6.196391e+11
-7.000000e+01	4.431000e+11
-6.000000e+01	3.045464e+11
-5.000000e+01	2.026977e+11
-4.000000e+01	1.320813e+11
-3.000000e+01	8.312358e+10
-2.000000e+01	5.464813e+10
-1.000000e+01	3.602183e+10
0.000000e+00	2.495696e+10
1.000000e+01	1.725476e+10
2.000000e+01	1.214589e+10
3.500000e+01	7.247936e+09
5.000000e+01	4.571631e+09
7.500000e+01	2.374040e+09
1.000000e+02	1.247246e+09
1.250000e+02	6.677678e+08
1.500000e+02	3.598994e+08
1.750000e+02	2.248892e+08
2.000000e+02	1.491390e+08
2.500000e+02	7.841431e+07
3.000000e+02	4.005618e+07
3.500000e+02	1.940354e+07
4.000000e+02	8.770252e+06
4.500000e+02	3.957195e+06
4.900000e+02	2.633214e+06
5.250000e+02	2.108424e+06
5.600000e+02	1.888227e+06
6.150000e+02	2.340613e+06
6.600000e+02	3.939874e+06
7.000000e+02	9.262573e+06
7.500000e+02	2.454506e+07
8.000000e+02	5.268173e+07
8.540000e+02	1.294627e+08
9.000000e+02	2.763718e+08
9.460000e+02	5.152508e+08
9.710000e+02	7.458785e+08
1.003000e+03	1.002851e+09
1.032000e+03	1.266222e+09
1.065000e+03	1.630045e+09
1.101000e+03	1.914684e+09
1.143000e+03	2.132959e+09
1.214000e+03	2.242536e+09
1.299000e+03	2.183195e+09
1.398000e+03	1.862509e+09
1.520000e+03	1.490746e+09
1.617000e+03	1.170330e+09
1.722000e+03	8.430112e+08
1.820000e+03	5.972130e+08
1.894000e+03	4.478232e+08
1.946000e+03	3.499362e+08
1.989000e+03	2.882057e+08
2.024000e+03	2.541262e+08
2.055000e+03	2.294831e+08
2.083000e+03	2.105861e+08
2.098000e+03	2.017128e+08
2.110000e+03	1.952946e+08
2.120000e+03	1.917428e+08
2.126000e+03	1.926269e+08
2.130000e+03	1.957719e+08
2.132000e+03	2.007437e+08
2.134000e+03	2.126205e+08
2.136000e+03	2.326444e+08
2.138000e+03	2.678443e+08
2.141930e+03	3.012903e+08
2.145160e+03	2.734561e+08
2.147050e+03	2.290717e+08
2.148650e+03	1.941702e+08
2.150120e+03	1.636358e+08
2.151160e+03	1.427279e+08
2.152030e+03	1.265293e+08
2.152870e+03	1.124295e+08
2.153480e+03	1.040356e+08
2.154070e+03	9.687128e+07
2.154730e+03	8.931035e+07
2.155500e+03	8.176855e+07
2.156160e+03	7.629796e+07
2.156820e+03	7.157132e+07
2.157570e+03	6.708283e+07
2.158210e+03	6.386520e+07
2.158840e+03	6.111548e+07
2.159420e+03	5.894533e+07
2.160010e+03	5.706416e+07
2.160630e+03	5.525568e+07
2.161260e+03	5.359968e+07
2.162290e+03	5.123909e+07
2.163290e+03	4.924628e+07
2.164560e+03	4.708038e+07
2.166030e+03	4.502647e+07
2.167690e+03	4.310678e+07
2.169990e+03	4.081434e+07
2.172320e+03	3.889754e+07
2.175280e+03	3.676989e+07
2.178740e+03	3.466500e+07
2.182440e+03	3.273833e+07
2.186080e+03	3.110093e+07
2.191460e+03	2.908089e+07
2.196520e+03	2.752729e+07
2.201920e+03	2.617138e+07
2.207660e+03	2.499529e+07
2.213740e+03	2.391751e+07
2.220040e+03	2.295925e+07
2.227740e+03	2.194430e+07
2.235290e+03	2.109447e+07
2.243320e+03	2.028233e+07
2.251640e+03	1.955491e+07
2.259430e+03	1.893762e+07
2.269690e+03	1.822570e+07
2.282380e+03	1.745842e+07
2.294370e+03	1.682417e+07
2.308550e+03	1.615963e+07
2.325780e+03	1.546524e+07
2.346100e+03	1.475762e+07
2.378190e+03	1.383196e+07
2.418660e+03	1.290751e+07
2.457900e+03	1.217954e+07
2.495560e+03	1.159772e+07
2.535470e+03	1.107561e+07
2.578230e+03	1.060627e+07
2.628320e+03	1.015800e+07
2.688100e+03	9.704019e+06
2.761490e+03	9.233254e+06
2.844400e+03	8.786124e+06
2.970760e+03	8.230726e+06
3.133790e+03	7.665961e+06
3.424990e+03	6.921027e+06
3.752710e+03	6.314409e+06
4.295860e+03	5.605571e+06
4.968640e+03	4.998334e+06
5.762830e+03	4.485910e+06
7.360820e+03	3.795691e+06
8.974240e+03	3.326678e+06
1.159620e+04	2.804233e+06
1.539200e+04	2.305724e+06
2.113310e+04	1.821743e+06
2.667660e+04	1.509044e+06
3.607950e+04	1.151314e+06
4.700930e+04	8.812063e+05
6.808440e+04	5.694354e+05
