-1.000000e+02	2.059000e+05
-9.000000e+01	1.996472e+05
-8.000000e+01	1.957886e+05
-7.000000e+01	1.918341e+05
-6.000000e+01	1.877711e+05
-5.000000e+01	1.835955e+05
-4.000000e+01	1.793070e+05
-3.000000e+01	1.749026e+05
-2.000000e+01	1.703923e+05
-1.000000e+01	1.657961e+05
0.000000e+00	1.611350e+05
1.000000e+01	1.564292e+05
2.000000e+01	1.516923e+05
3.500000e+01	1.445585e+05
5.000000e+01	1.374372e+05
7.500000e+01	1.257581e+05
1.000000e+02	1.144627e+05
1.250000e+02	1.036634e+05
1.500000e+02	9.343656e+04
1.750000e+02	8.385110e+04
2.000000e+02	7.495228e+04
2.500000e+02	5.924005e+04
3.000000e+02	4.616197e+04
3.500000e+02	3.545152e+04
4.000000e+02	2.681596e+04
4.500000e+02	1.996828e+04
4.900000e+02	1.560687e+04
5.250000e+02	1.249828e+04
5.600000e+02	9.957360e+03
6.150000e+02	6.915873e+03
6.600000e+02	5.113906e+03
7.000000e+02	3.913552e+03
7.500000e+02	2.815883e+03
8.000000e+02	2.043133e+03
8.540000e+02	1.463479e+03
9.000000e+02	1.113992e+03
9.460000e+02	8.554131e+02
9.710000e+02	7.432984e+02
1.003000e+03	6.224140e+02
1.032000e+03	5.307276e+02
1.065000e+03	4.432067e+02
1.101000e+03	3.644303e+02
1.143000e+03	2.901790e+02
1.214000e+03	1.972387e+02
1.299000e+03	1.238654e+02
1.398000e+03	7.187893e+01
1.520000e+03	3.698626e+01
1.617000e+03	2.206667e+01
1.722000e+03	1.286958e+01
1.820000e+03	7.995228e+00
1.894000e+03	5.711558e+00
1.946000e+03	4.575141e+00
1.989000e+03	3.846023e+00
2.024000e+03	3.361483e+00
2.055000e+03	2.998091e+00
2.083000e+03	2.714097e+00
2.098000e+03	2.576921e+00
2.110000e+03	2.473938e+00
2.120000e+03	2.392400e+00
2.126000e+03	2.345332e+00
2.130000e+03	2.314789e+00
2.132000e+03	2.299813e+00
2.134000e+03	2.285136e+00
2.136000e+03	2.270911e+00
2.138000e+03	2.257456e+00
2.141930e+03	2.234265e+00
2.145160e+03	2.218660e+00
2.147050e+03	2.211181e+00
2.148650e+03	2.205909e+00
2.150120e+03	2.201836e+00
2.151160e+03	2.199378e+00
2.152030e+03	2.197575e+00
2.152870e+03	2.196033e+00
2.153480e+03	2.195024e+00
2.154070e+03	2.194125e+00
2.154730e+03	2.193202e+00
2.155500e+03	2.192218e+00
2.156160e+03	2.191442e+00
2.156820e+03	2.190719e+00
2.157570e+03	2.189950e+00
2.158210e+03	2.189332e+00
2.158840e+03	2.188752e+00
2.159420e+03	2.188239e+00
2.160010e+03	2.187737e+00
2.160630e+03	2.187228e+00
2.161260e+03	2.186727e+00
2.162290e+03	2.185941e+00
2.163290e+03	2.185211e+00
2.164560e+03	2.184323e+00
2.166030e+03	2.183343e+00
2.167690e+03	2.182289e+00
2.169990e+03	2.180904e+00
2.172320e+03	2.179577e+00
2.175280e+03	2.177982e+00
2.178740e+03	2.176227e+00
2.182440e+03	2.174461e+00
2.186080e+03	2.172819e+00
2.191460e+03	2.170536e+00
2.196520e+03	2.168521e+00
2.201920e+03	2.166482e+00
2.207660e+03	2.164419e+00
2.213740e+03	2.162330e+00
2.220040e+03	2.160255e+00
2.227740e+03	2.157827e+00
2.235290e+03	2.155545e+00
2.243320e+03	2.153212e+00
2.251640e+03	2.150884e+00
2.259430e+03	2.148778e+00
2.269690e+03	2.146101e+00
2.282380e+03	2.142921e+00
2.294370e+03	2.140034e+00
2.308550e+03	2.136750e+00
2.325780e+03	2.132923e+00
2.346100e+03	2.128611e+00
2.378190e+03	2.122168e+00
2.418660e+03	2.114569e+00
2.457900e+03	2.107657e+00
2.495560e+03	2.101368e+00
2.535470e+03	2.095014e+00
2.578230e+03	2.088504e+00
2.628320e+03	2.081200e+00
2.688100e+03	2.072862e+00
2.761490e+03	2.063103e+00
2.844400e+03	2.052612e+00
2.970760e+03	2.037513e+00
3.133790e+03	2.019316e+00
3.424990e+03	1.989497e+00
3.752710e+03	1.959046e+00
4.295860e+03	1.913608e+00
4.968640e+03	1.863541e+00
5.762830e+03	1.810679e+00
7.360820e+03	1.717905e+00
8.974240e+03	1.637303e+00
1.159620e+04	1.524664e+00
1.539200e+04	1.388875e+00
2.113310e+04	1.223262e+00
2.667660e+04	1.094007e+00
3.607950e+04	9.195111e-01
4.700930e+04	7.645374e-01
6.808440e+04	5.536068e-01
