1.996472e+05
1.957886e+05
1.918341e+05
1.877711e+05
1.835955e+05
1.793070e+05
1.749026e+05
1.703923e+05
1.657961e+05
1.611350e+05
1.564292e+05
1.516923e+05
1.445585e+05
1.374372e+05
1.257581e+05
1.144627e+05
1.036634e+05
9.343656e+04
8.385110e+04
7.495228e+04
5.924005e+04
4.616197e+04
3.545152e+04
2.681596e+04
1.996828e+04
1.560687e+04
1.249828e+04
9.957360e+03
6.915873e+03
5.113906e+03
3.913552e+03
2.815883e+03
2.043133e+03
1.463479e+03
1.113992e+03
8.554131e+02
7.432984e+02
6.224140e+02
5.307276e+02
4.432067e+02
3.644303e+02
2.901790e+02
1.972387e+02
1.238654e+02
7.187893e+01
3.698626e+01
2.206667e+01
1.286958e+01
7.995228e+00
5.711558e+00
4.575141e+00
3.846023e+00
3.361483e+00
2.998091e+00
2.714097e+00
2.576921e+00
2.473938e+00
2.392400e+00
2.345332e+00
2.314789e+00
2.299813e+00
2.285136e+00
2.270911e+00
2.257456e+00
2.234265e+00
2.218660e+00
2.211181e+00
2.205909e+00
2.201836e+00
2.199378e+00
2.197575e+00
2.196033e+00
2.195024e+00
2.194125e+00
2.193202e+00
2.192218e+00
2.191442e+00
2.190719e+00
2.189950e+00
2.189332e+00
2.188752e+00
2.188239e+00
2.187737e+00
2.187228e+00
2.186727e+00
2.185941e+00
2.185211e+00
2.184323e+00
2.183343e+00
2.182289e+00
2.180904e+00
2.179577e+00
2.177982e+00
2.176227e+00
2.174461e+00
2.172819e+00
2.170536e+00
2.168521e+00
2.166482e+00
2.164419e+00
2.162330e+00
2.160255e+00
2.157827e+00
2.155545e+00
2.153212e+00
2.150884e+00
2.148778e+00
2.146101e+00
2.142921e+00
2.140034e+00
2.136750e+00
2.132923e+00
2.128611e+00
2.122168e+00
2.114569e+00
2.107657e+00
2.101368e+00
2.095014e+00
2.088504e+00
2.081200e+00
2.072862e+00
2.063103e+00
2.052612e+00
2.037513e+00
2.019316e+00
1.989497e+00
1.959046e+00
1.913608e+00
1.863541e+00
1.810679e+00
1.717905e+00
1.637303e+00
1.524664e+00
1.388875e+00
1.223262e+00
1.094007e+00
9.195111e-01
7.645374e-01
5.536068e-01
