-1.000000e+02	4.277320e+12
-9.000000e+01	1.880291e+12
-8.000000e+01	1.918744e+12
-7.000000e+01	1.965045e+12
-6.000000e+01	2.012919e+12
-5.000000e+01	2.060145e+12
-4.000000e+01	2.104697e+12
-3.000000e+01	2.150562e+12
-2.000000e+01	2.182855e+12
-1.000000e+01	2.207839e+12
0.000000e+00	2.219108e+12
1.000000e+01	2.223905e+12
2.000000e+01	2.220633e+12
3.500000e+01	2.202957e+12
5.000000e+01	2.165422e+12
7.500000e+01	2.064539e+12
1.000000e+02	1.927282e+12
1.250000e+02	1.761928e+12
1.500000e+02	1.577086e+12
1.750000e+02	1.405590e+12
2.000000e+02	1.247464e+12
2.500000e+02	9.857011e+11
3.000000e+02	7.583010e+11
3.500000e+02	5.646267e+11
4.000000e+02	4.041473e+11
4.500000e+02	2.823047e+11
4.900000e+02	2.239550e+11
5.250000e+02	1.895111e+11
5.600000e+02	1.647565e+11
6.150000e+02	1.422972e+11
6.600000e+02	1.276208e+11
7.000000e+02	1.120812e+11
7.500000e+02	8.561670e+10
8.000000e+02	6.197507e+10
8.540000e+02	4.324893e+10
9.000000e+02	3.209598e+10
9.460000e+02	2.411696e+10
9.710000e+02	2.071840e+10
1.003000e+03	1.718494e+10
1.032000e+03	1.457277e+10
1.065000e+03	1.212064e+10
1.101000e+03	9.937755e+09
1.143000e+03	7.914301e+09
1.214000e+03	5.412022e+09
1.299000e+03	3.426640e+09
1.398000e+03	1.991322e+09
1.520000e+03	1.004851e+09
1.617000e+03	5.845102e+08
1.722000e+03	3.251652e+08
1.820000e+03	1.894135e+08
1.894000e+03	1.263552e+08
1.946000e+03	9.553151e+07
1.989000e+03	7.619737e+07
2.024000e+03	6.375989e+07
2.055000e+03	5.465967e+07
2.083000e+03	4.775061e+07
2.098000e+03	4.447338e+07
2.110000e+03	4.205688e+07
2.120000e+03	4.014850e+07
2.126000e+03	3.893329e+07
2.130000e+03	3.803743e+07
2.132000e+03	3.744330e+07
2.134000e+03	3.652896e+07
2.136000e+03	3.516901e+07
2.138000e+03	3.265530e+07
2.141930e+03	2.685543e+07
2.145160e+03	2.186291e+07
2.147050e+03	1.802719e+07
2.148650e+03	1.518141e+07
2.150120e+03	1.272754e+07
2.151160e+03	1.106051e+07
2.152030e+03	9.775165e+06
2.152870e+03	8.660402e+06
2.153480e+03	7.944188e+06
2.154070e+03	7.328982e+06
2.154730e+03	6.705420e+06
2.155500e+03	6.100874e+06
2.156160e+03	5.670318e+06
2.156820e+03	5.302556e+06
2.157570e+03	4.956307e+06
2.158210e+03	4.709695e+06
2.158840e+03	4.499887e+06
2.159420e+03	4.329056e+06
2.160010e+03	4.179462e+06
2.160630e+03	4.037708e+06
2.161260e+03	3.909331e+06
2.162290e+03	3.728249e+06
2.163290e+03	3.576843e+06
2.164560e+03	3.413524e+06
2.166030e+03	3.254676e+06
2.167690e+03	3.104030e+06
2.169990e+03	2.929940e+06
2.172320e+03	2.783200e+06
2.175280e+03	2.624968e+06
2.178740e+03	2.470453e+06
2.182440e+03	2.328084e+06
2.186080e+03	2.208730e+06
2.191460e+03	2.062501e+06
2.196520e+03	1.950411e+06
2.201920e+03	1.853473e+06
2.207660e+03	1.769962e+06
2.213740e+03	1.693528e+06
2.220040e+03	1.625480e+06
2.227740e+03	1.553583e+06
2.235290e+03	1.493391e+06
2.243320e+03	1.435882e+06
2.251640e+03	1.384380e+06
2.259430e+03	1.340678e+06
2.269690e+03	1.290273e+06
2.282380e+03	1.235954e+06
2.294370e+03	1.191053e+06
2.308550e+03	1.144007e+06
2.325780e+03	1.094849e+06
2.346100e+03	1.044753e+06
2.378190e+03	9.792217e+05
2.418660e+03	9.137761e+05
2.457900e+03	8.622397e+05
2.495560e+03	8.210506e+05
2.535470e+03	7.840886e+05
2.578230e+03	7.508617e+05
2.628320e+03	7.191272e+05
2.688100e+03	6.869877e+05
2.761490e+03	6.536603e+05
2.844400e+03	6.220061e+05
2.970760e+03	5.826872e+05
3.133790e+03	5.427051e+05
3.424990e+03	4.899682e+05
3.752710e+03	4.470231e+05
4.295860e+03	3.968415e+05
4.968640e+03	3.538527e+05
5.762830e+03	3.175761e+05
7.360820e+03	2.687127e+05
8.974240e+03	2.355093e+05
1.159620e+04	1.985233e+05
1.539200e+04	1.632317e+05
2.113310e+04	1.289687e+05
2.667660e+04	1.068315e+05
3.607950e+04	8.150626e+04
4.700930e+04	6.238424e+04
6.808440e+04	4.031269e+04
