0.000000e+00
1.197217e+03
1.173511e+03
1.150274e+03
1.127497e+03
1.105171e+03
1.083287e+03
1.061837e+03
1.040811e+03
1.020201e+03
1.000000e+03
9.801987e+02
9.607894e+02
9.323938e+02
9.048374e+02
8.607080e+02
8.187308e+02
7.788008e+02
7.408182e+02
7.046881e+02
6.703200e+02
6.065307e+02
5.488116e+02
4.965853e+02
4.493290e+02
4.065697e+02
3.753111e+02
3.499377e+02
3.262798e+02
2.922926e+02
2.671353e+02
2.465970e+02
2.231302e+02
2.018965e+02
1.812279e+02
1.652989e+02
1.507700e+02
1.434168e+02
1.345257e+02
1.269452e+02
1.188373e+02
1.105818e+02
1.016723e+02
8.821308e+01
7.442227e+01
6.105379e+01
4.783489e+01
3.939958e+01
3.193668e+01
2.625234e+01
2.264084e+01
2.040450e+01
1.872305e+01
1.745725e+01
1.640777e+01
1.551419e+01
1.505568e+01
1.469864e+01
1.440759e+01
1.423573e+01
1.412230e+01
1.406593e+01
1.400977e+01
1.395385e+01
1.389814e+01
1.378933e+01
1.370054e+01
1.364885e+01
1.360524e+01
1.356530e+01
1.353712e+01
1.351358e+01
1.349090e+01
1.347445e+01
1.345856e+01
1.344081e+01
1.342012e+01
1.340242e+01
1.338474e+01
1.336468e+01
1.334758e+01
1.333078e+01
1.331532e+01
1.329962e+01
1.328314e+01
1.326641e+01
1.323911e+01
1.321266e+01
1.317914e+01
1.314045e+01
1.309690e+01
1.303679e+01
1.297618e+01
1.289959e+01
1.281063e+01
1.271618e+01
1.262394e+01
1.248884e+01
1.236309e+01
1.223029e+01
1.209068e+01
1.194455e+01
1.179499e+01
1.161474e+01
1.144068e+01
1.125841e+01
1.107262e+01
1.090144e+01
1.068003e+01
1.041238e+01
1.016566e+01
9.881411e+00
9.546697e+00
9.166498e+00
8.596673e+00
7.928273e+00
7.329852e+00
6.798046e+00
6.276517e+00
5.762061e+00
5.212790e+00
4.625365e+00
3.993928e+00
3.383651e+00
2.628032e+00
1.896813e+00
1.059477e+00
5.500948e-01
1.856365e-01
4.833861e-02
9.873462e-03
4.040852e-04
1.603519e-05
8.465813e-08
4.272467e-11
4.405778e-16
6.745275e-21
4.589279e-29
1.473129e-38
7.288557e-57
