-1.000000e+02	7.243186e+11
-9.000000e+01	7.796954e+11
-8.000000e+01	8.411507e+11
-7.000000e+01	9.220684e+11
-6.000000e+01	1.010391e+12
-5.000000e+01	1.100068e+12
-4.000000e+01	1.184335e+12
-3.000000e+01	1.267889e+12
-2.000000e+01	1.320095e+12
-1.000000e+01	1.354877e+12
0.000000e+00	1.361820e+12
1.000000e+01	1.356827e+12
2.000000e+01	1.338630e+12
3.500000e+01	1.295406e+12
5.000000e+01	1.231204e+12
7.500000e+01	1.096494e+12
1.000000e+02	9.571432e+11
1.250000e+02	8.218257e+11
1.500000e+02	6.971087e+11
1.750000e+02	5.817208e+11
2.000000e+02	4.814736e+11
2.500000e+02	3.234615e+11
3.000000e+02	2.148174e+11
3.500000e+02	1.412311e+11
4.000000e+02	9.203714e+10
4.500000e+02	5.927086e+10
4.900000e+02	4.104284e+10
5.250000e+02	2.952025e+10
5.600000e+02	2.110441e+10
6.150000e+02	1.223281e+10
6.600000e+02	7.621552e+09
7.000000e+02	4.666363e+09
7.500000e+02	2.184723e+09
8.000000e+02	8.353813e+08
8.540000e+02	2.492168e+08
9.000000e+02	9.110701e+07
9.460000e+02	3.589590e+07
9.710000e+02	2.223013e+07
1.003000e+03	1.308890e+07
1.032000e+03	8.487668e+06
1.065000e+03	5.372257e+06
1.101000e+03	3.435298e+06
1.143000e+03	2.134095e+06
1.214000e+03	1.053081e+06
1.299000e+03	5.012015e+05
1.398000e+03	2.377032e+05
1.520000e+03	8.043251e+04
1.617000e+03	3.294443e+04
1.722000e+03	1.242179e+04
1.820000e+03	4.382409e+03
1.894000e+03	1.982686e+03
1.946000e+03	1.003647e+03
1.989000e+03	4.970181e+02
2.024000e+03	2.334251e+02
2.055000e+03	7.832436e+01
2.083000e+03	2.663182e+01
2.098000e+03	1.586838e+01
2.110000e+03	8.093302e+00
2.120000e+03	5.978322e+00
2.126000e+03	4.416940e+00
2.130000e+03	2.312726e+00
2.132000e+03	1.842577e+00
2.134000e+03	1.411406e+00
2.136000e+03	1.023713e+00
2.138000e+03	6.267823e-01
2.141930e+03	2.318102e-01
2.145160e+03	7.414798e-02
2.147050e+03	1.398237e-02
2.148650e+03	3.270664e-03
2.150120e+03	1.039066e-03
2.151160e+03	5.192401e-04
2.152030e+03	3.626437e-04
2.152870e+03	2.644535e-04
2.153480e+03	2.161762e-04
2.154070e+03	1.869895e-04
2.154730e+03	1.676254e-04
2.155500e+03	1.537296e-04
2.156160e+03	1.450120e-04
2.156820e+03	1.352715e-04
2.157570e+03	1.147096e-04
2.158210e+03	1.031857e-04
2.158840e+03	9.484192e-05
2.159420e+03	8.877701e-05
2.160010e+03	8.391763e-05
2.160630e+03	7.963560e-05
2.161260e+03	7.600433e-05
2.162290e+03	7.122846e-05
2.163290e+03	6.747743e-05
2.164560e+03	6.366039e-05
2.166030e+03	5.032586e-05
2.167690e+03	3.992756e-05
2.169990e+03	3.197370e-05
2.172320e+03	2.717518e-05
2.175280e+03	2.324127e-05
2.178740e+03	2.022018e-05
2.182440e+03	1.797713e-05
2.186080e+03	1.636072e-05
2.191460e+03	1.460753e-05
2.196520e+03	1.338857e-05
2.201920e+03	1.236967e-05
2.207660e+03	1.152208e-05
2.213740e+03	1.078780e-05
2.220040e+03	1.016642e-05
2.227740e+03	9.536983e-06
2.235290e+03	9.030300e-06
2.243320e+03	8.563271e-06
2.251640e+03	8.157920e-06
2.259430e+03	7.823190e-06
2.269690e+03	7.446630e-06
2.282380e+03	7.052051e-06
2.294370e+03	6.733577e-06
2.308550e+03	6.407425e-06
2.325780e+03	6.073871e-06
2.346100e+03	5.741480e-06
2.378190e+03	5.410720e-06
2.418660e+03	5.108450e-06
2.457900e+03	4.864156e-06
2.495560e+03	4.664866e-06
2.535470e+03	4.482969e-06
2.578230e+03	4.317490e-06
2.628320e+03	4.158479e-06
2.688100e+03	3.994799e-06
2.761490e+03	3.822366e-06
2.844400e+03	3.656131e-06
2.970760e+03	3.446417e-06
3.133790e+03	3.229710e-06
3.424990e+03	2.938899e-06
3.752710e+03	2.698293e-06
4.295860e+03	2.413048e-06
4.968640e+03	2.165234e-06
5.762830e+03	1.953529e-06
7.360820e+03	1.664396e-06
8.974240e+03	1.465361e-06
1.159620e+04	1.241245e-06
1.539200e+04	1.025156e-06
2.113310e+04	8.133923e-07
2.667660e+04	6.755874e-07
3.607950e+04	5.170291e-07
4.700930e+04	3.966799e-07
6.808440e+04	2.570965e-07
