2.055398e+05
2.051611e+05
2.047606e+05
2.043355e+05
2.038834e+05
2.034025e+05
2.028904e+05
2.023465e+05
2.017707e+05
2.011636e+05
2.005255e+05
1.998560e+05
1.987926e+05
1.976594e+05
1.956249e+05
1.934140e+05
1.910282e+05
1.884676e+05
1.857372e+05
1.828434e+05
1.765725e+05
1.696574e+05
1.620787e+05
1.538247e+05
1.449085e+05
1.373576e+05
1.305106e+05
1.234954e+05
1.122968e+05
1.031519e+05
9.519669e+04
8.565578e+04
7.667824e+04
6.773432e+04
6.075360e+04
5.431173e+04
5.102121e+04
4.700756e+04
4.354728e+04
3.980597e+04
3.595830e+04
3.177102e+04
2.541546e+04
1.899886e+04
1.312163e+04
8.009778e+03
5.296134e+03
3.352187e+03
2.193389e+03
1.607196e+03
1.302292e+03
1.101207e+03
9.650976e+02
8.618095e+02
7.803666e+02
7.407936e+02
7.109863e+02
6.873211e+02
6.736227e+02
6.647084e+02
6.603243e+02
6.560067e+02
6.517817e+02
6.477013e+02
6.403013e+02
6.351265e+02
6.327866e+02
6.312759e+02
6.301358e+02
6.294494e+02
6.289461e+02
6.285157e+02
6.282339e+02
6.279830e+02
6.277247e+02
6.274493e+02
6.272322e+02
6.270297e+02
6.268145e+02
6.266413e+02
6.264789e+02
6.263355e+02
6.261949e+02
6.260523e+02
6.259121e+02
6.256918e+02
6.254873e+02
6.252387e+02
6.249643e+02
6.246689e+02
6.242806e+02
6.239081e+02
6.234598e+02
6.229651e+02
6.224653e+02
6.219982e+02
6.213450e+02
6.207648e+02
6.201762e+02
6.195800e+02
6.189767e+02
6.183781e+02
6.176779e+02
6.170206e+02
6.163491e+02
6.156798e+02
6.150748e+02
6.143060e+02
6.133936e+02
6.125659e+02
6.116246e+02
6.105283e+02
6.092932e+02
6.074484e+02
6.052723e+02
6.032921e+02
6.014899e+02
5.996678e+02
5.977998e+02
5.957030e+02
5.933076e+02
5.905019e+02
5.874839e+02
5.831375e+02
5.778960e+02
5.693037e+02
5.605287e+02
5.474360e+02
5.330123e+02
5.177861e+02
4.910670e+02
4.678585e+02
4.354405e+02
3.963878e+02
3.487992e+02
3.116935e+02
2.616569e+02
2.172880e+02
1.570336e+02
