-1.000000e+02	3.176116e+11
-9.000000e+01	3.048205e+11
-8.000000e+01	3.056109e+11
-7.000000e+01	3.056158e+11
-6.000000e+01	3.045471e+11
-5.000000e+01	3.025149e+11
-4.000000e+01	2.995893e+11
-3.000000e+01	2.968658e+11
-2.000000e+01	2.917937e+11
-1.000000e+01	2.855731e+11
0.000000e+00	2.773544e+11
1.000000e+01	2.683800e+11
2.000000e+01	2.586468e+11
3.500000e+01	2.432696e+11
5.000000e+01	2.266006e+11
7.500000e+01	1.975028e+11
1.000000e+02	1.696599e+11
1.250000e+02	1.440180e+11
1.500000e+02	1.211181e+11
1.750000e+02	1.006611e+11
2.000000e+02	8.311297e+10
2.500000e+02	5.576443e+10
3.000000e+02	3.697637e+10
3.500000e+02	2.426799e+10
4.000000e+02	1.578228e+10
4.500000e+02	1.014818e+10
4.900000e+02	7.033654e+09
5.250000e+02	5.068818e+09
5.600000e+02	3.635813e+09
6.150000e+02	2.135451e+09
6.600000e+02	1.374501e+09
7.000000e+02	9.242462e+08
7.500000e+02	5.679629e+08
8.000000e+02	3.532517e+08
8.540000e+02	2.147851e+08
9.000000e+02	1.439827e+08
9.460000e+02	9.899818e+07
9.710000e+02	8.132918e+07
1.003000e+03	6.400598e+07
1.032000e+03	5.189394e+07
1.065000e+03	4.112583e+07
1.101000e+03	3.210716e+07
1.143000e+03	2.425292e+07
1.214000e+03	1.530760e+07
1.299000e+03	8.916145e+06
1.398000e+03	4.767637e+06
1.520000e+03	2.247512e+06
1.617000e+03	1.270883e+06
1.722000e+03	7.007328e+05
1.820000e+03	4.161591e+05
1.894000e+03	2.827081e+05
1.946000e+03	2.190015e+05
1.989000e+03	1.790496e+05
2.024000e+03	1.530437e+05
2.055000e+03	1.338748e+05
2.083000e+03	1.176805e+05
2.098000e+03	1.095840e+05
2.110000e+03	1.037144e+05
2.120000e+03	9.895838e+04
2.126000e+03	9.604411e+04
2.130000e+03	9.412184e+04
2.132000e+03	9.292039e+04
2.134000e+03	9.128080e+04
2.136000e+03	8.907557e+04
2.138000e+03	8.548486e+04
2.141930e+03	7.732331e+04
2.145160e+03	6.605978e+04
2.147050e+03	5.158666e+04
2.148650e+03	4.039082e+04
2.150120e+03	3.085402e+04
2.151160e+03	2.558467e+04
2.152030e+03	2.218745e+04
2.152870e+03	1.951123e+04
2.153480e+03	1.770787e+04
2.154070e+03	1.616082e+04
2.154730e+03	1.474778e+04
2.155500e+03	1.345283e+04
2.156160e+03	1.253804e+04
2.156820e+03	1.175350e+04
2.157570e+03	1.101051e+04
2.158210e+03	1.047818e+04
2.158840e+03	1.002328e+04
2.159420e+03	9.650500e+03
2.160010e+03	9.322271e+03
2.160630e+03	9.010398e+03
2.161260e+03	8.727346e+03
2.162290e+03	8.327280e+03
2.163290e+03	7.992281e+03
2.164560e+03	7.630590e+03
2.166030e+03	7.276246e+03
2.167690e+03	6.938699e+03
2.169990e+03	6.551981e+03
2.172320e+03	6.228066e+03
2.175280e+03	5.884759e+03
2.178740e+03	5.554995e+03
2.182440e+03	5.261324e+03
2.186080e+03	5.017918e+03
2.191460e+03	4.718402e+03
2.196520e+03	4.485159e+03
2.201920e+03	4.272525e+03
2.207660e+03	4.082482e+03
2.213740e+03	3.907152e+03
2.220040e+03	3.751090e+03
2.227740e+03	3.585006e+03
2.235290e+03	3.445794e+03
2.243320e+03	3.312697e+03
2.251640e+03	3.193429e+03
2.259430e+03	3.092202e+03
2.269690e+03	2.975413e+03
2.282380e+03	2.849515e+03
2.294370e+03	2.745412e+03
2.308550e+03	2.636316e+03
2.325780e+03	2.522273e+03
2.346100e+03	2.406028e+03
2.378190e+03	2.253905e+03
2.418660e+03	2.101901e+03
2.457900e+03	1.982169e+03
2.495560e+03	1.886452e+03
2.535470e+03	1.800543e+03
2.578230e+03	1.723304e+03
2.628320e+03	1.649514e+03
2.688100e+03	1.574779e+03
2.761490e+03	1.497304e+03
2.844400e+03	1.423761e+03
2.970760e+03	1.332501e+03
3.133790e+03	1.239859e+03
3.424990e+03	1.118010e+03
3.752710e+03	1.019167e+03
4.295860e+03	9.041306e+02
4.968640e+03	8.059296e+02
5.762830e+03	7.232235e+02
7.360820e+03	6.119216e+02
8.974240e+03	5.363082e+02
1.159620e+04	4.520825e+02
1.539200e+04	3.717156e+02
2.113310e+04	2.936910e+02
2.667660e+04	2.432795e+02
3.607950e+04	1.856082e+02
4.700930e+04	1.420631e+02
6.808440e+04	9.180114e+01
