-1.000000e+02	1.000000e+00
-9.000000e+01	1.000000e+00
-8.000000e+01	1.000000e+00
-7.000000e+01	1.000000e+00
-6.000000e+01	1.000000e+00
-5.000000e+01	1.000000e+00
-4.000000e+01	1.000000e+00
-3.000000e+01	1.000000e+00
-2.000000e+01	1.000000e+00
-1.000000e+01	1.000000e+00
0.000000e+00	1.000000e+00
1.000000e+01	1.000000e+00
2.000000e+01	1.000000e+00
3.500000e+01	1.000000e+00
5.000000e+01	1.000000e+00
7.500000e+01	1.009379e+00
1.000000e+02	1.024699e+00
1.250000e+02	1.072210e+00
1.500000e+02	1.132597e+00
1.750000e+02	1.182026e+00
2.000000e+02	1.222576e+00
2.500000e+02	1.285826e+00
3.000000e+02	1.027548e+00
3.500000e+02	8.312704e-01
4.000000e+02	5.819881e-01
4.500000e+02	4.061430e-01
4.900000e+02	3.330226e-01
5.250000e+02	2.925076e-01
5.600000e+02	3.109859e-01
6.150000e+02	4.440868e-01
6.600000e+02	8.833337e-01
7.000000e+02	1.655911e+00
7.500000e+02	2.846318e+00
8.000000e+02	4.354448e+00
8.540000e+02	5.934815e+00
9.000000e+02	6.948666e+00
9.460000e+02	8.233844e+00
9.710000e+02	8.840310e+00
1.003000e+03	9.418882e+00
1.032000e+03	9.814720e+00
1.065000e+03	1.016663e+01
1.101000e+03	1.012618e+01
1.143000e+03	1.005369e+01
1.214000e+03	9.497569e+00
1.299000e+03	7.960118e+00
1.398000e+03	5.279281e+00
1.520000e+03	4.729111e+00
1.617000e+03	5.013493e+00
1.722000e+03	5.829649e+00
1.820000e+03	9.638226e+00
1.894000e+03	1.450724e+01
1.946000e+03	2.577848e+01
1.989000e+03	5.576983e+01
2.024000e+03	1.546005e+02
2.055000e+03	9.015248e+02
2.083000e+03	5.105112e+03
2.098000e+03	1.056702e+04
2.110000e+03	3.731283e+04
2.120000e+03	5.913979e+04
2.126000e+03	7.251425e+04
2.130000e+03	2.806592e+05
2.132000e+03	4.196125e+05
2.134000e+03	6.092398e+05
2.136000e+03	8.642867e+05
2.138000e+03	1.279570e+06
2.141930e+03	2.223495e+06
2.145160e+03	3.526180e+06
2.147050e+03	8.462087e+06
2.148650e+03	1.323471e+07
2.150120e+03	1.875496e+07
2.151160e+03	2.618463e+07
2.152030e+03	3.291435e+07
2.152870e+03	4.431527e+07
2.153480e+03	5.445911e+07
2.154070e+03	6.316119e+07
2.154730e+03	7.110944e+07
2.155500e+03	7.839352e+07
2.156160e+03	8.353913e+07
2.156820e+03	8.895860e+07
2.157570e+03	1.050837e+08
2.158210e+03	1.166367e+08
2.158840e+03	1.265093e+08
2.159420e+03	1.345998e+08
2.160010e+03	1.417233e+08
2.160630e+03	1.484918e+08
2.161260e+03	1.546348e+08
2.162290e+03	1.633174e+08
2.163290e+03	1.705878e+08
2.164560e+03	1.784375e+08
2.166030e+03	2.185250e+08
2.167690e+03	2.721339e+08
2.169990e+03	3.335523e+08
2.172320e+03	3.849962e+08
2.175280e+03	4.395200e+08
2.178740e+03	4.918929e+08
2.182440e+03	5.385336e+08
2.186080e+03	5.771912e+08
2.191460e+03	6.247601e+08
2.196520e+03	6.618038e+08
2.201920e+03	6.955742e+08
2.207660e+03	7.257566e+08
2.213740e+03	7.536025e+08
2.220040e+03	7.783881e+08
2.227740e+03	8.047655e+08
2.235290e+03	8.268750e+08
2.243320e+03	8.480134e+08
2.251640e+03	8.669556e+08
2.259430e+03	8.830323e+08
2.269690e+03	9.015807e+08
2.282380e+03	9.215757e+08
2.294370e+03	9.381094e+08
2.308550e+03	9.554359e+08
2.325780e+03	9.735481e+08
2.346100e+03	9.920101e+08
2.378190e+03	1.000000e+09
2.418660e+03	1.000000e+09
2.457900e+03	1.000000e+09
2.495560e+03	1.000000e+09
2.535470e+03	1.000000e+09
2.578230e+03	1.000000e+09
2.628320e+03	1.000000e+09
2.688100e+03	1.000000e+09
2.761490e+03	1.000000e+09
2.844400e+03	1.000000e+09
2.970760e+03	1.000000e+09
3.133790e+03	1.000000e+09
3.424990e+03	1.000000e+09
3.752710e+03	1.000000e+09
4.295860e+03	1.000000e+09
4.968640e+03	1.000000e+09
5.762830e+03	1.000000e+09
7.360820e+03	1.000000e+09
8.974240e+03	1.000000e+09
1.159620e+04	1.000000e+09
1.539200e+04	1.000000e+09
2.113310e+04	1.000000e+09
2.667660e+04	1.000000e+09
3.607950e+04	1.000000e+09
4.700930e+04	1.000000e+09
6.808440e+04	1.000000e+09
