-1.000000e+02	2.112113e+08
-9.000000e+01	1.985046e+08
-8.000000e+01	1.984071e+08
-7.000000e+01	1.971734e+08
-6.000000e+01	1.945692e+08
-5.000000e+01	1.907337e+08
-4.000000e+01	1.858179e+08
-3.000000e+01	1.808000e+08
-2.000000e+01	1.738657e+08
-1.000000e+01	1.660711e+08
0.000000e+00	1.571049e+08
1.000000e+01	1.479579e+08
2.000000e+01	1.389080e+08
3.500000e+01	1.264460e+08
5.000000e+01	1.154105e+08
7.500000e+01	9.962602e+07
1.000000e+02	8.837411e+07
1.250000e+02	7.912470e+07
1.500000e+02	7.129822e+07
1.750000e+02	6.031233e+07
2.000000e+02	4.946481e+07
2.500000e+02	3.015182e+07
3.000000e+02	1.845006e+07
3.500000e+02	1.129515e+07
4.000000e+02	7.036332e+06
4.500000e+02	4.289080e+06
4.900000e+02	2.540569e+06
5.250000e+02	1.494968e+06
5.600000e+02	8.227492e+05
6.150000e+02	2.644102e+05
6.600000e+02	8.751822e+04
7.000000e+02	2.871915e+04
7.500000e+02	8.422286e+03
8.000000e+02	3.060190e+03
8.540000e+02	1.242312e+03
9.000000e+02	6.463168e+02
9.460000e+02	3.467578e+02
9.710000e+02	2.521667e+02
1.003000e+03	1.724067e+02
1.032000e+03	1.242133e+02
1.065000e+03	8.668108e+01
1.101000e+03	6.024168e+01
1.143000e+03	3.985949e+01
1.214000e+03	2.062586e+01
1.299000e+03	1.002626e+01
1.398000e+03	4.822783e+00
1.520000e+03	1.652579e+00
1.617000e+03	6.839629e-01
1.722000e+03	2.602586e-01
1.820000e+03	9.276501e-02
1.894000e+03	4.238381e-02
1.946000e+03	2.168915e-02
1.989000e+03	1.092696e-02
2.024000e+03	5.191898e-03
2.055000e+03	1.761448e-03
2.083000e+03	6.139888e-04
2.098000e+03	3.807078e-04
2.110000e+03	1.879813e-04
2.120000e+03	1.386932e-04
2.126000e+03	1.197723e-04
2.130000e+03	6.165155e-05
2.132000e+03	4.906133e-05
2.134000e+03	3.954540e-05
2.136000e+03	3.201792e-05
2.138000e+03	2.484284e-05
2.141930e+03	1.655406e-05
2.145160e+03	1.160044e-05
2.147050e+03	5.471782e-06
2.148650e+03	2.718705e-06
2.150120e+03	1.582004e-06
2.151160e+03	1.193661e-06
2.152030e+03	1.138269e-06
2.152870e+03	1.093340e-06
2.153480e+03	1.057337e-06
2.154070e+03	1.055014e-06
2.154730e+03	1.092283e-06
2.155500e+03	1.153983e-06
2.156160e+03	1.204960e-06
2.156820e+03	1.242786e-06
2.157570e+03	1.144130e-06
2.158210e+03	1.092649e-06
2.158840e+03	1.057862e-06
2.159420e+03	1.033439e-06
2.160010e+03	1.014601e-06
2.160630e+03	9.981031e-07
2.161260e+03	9.843961e-07
2.162290e+03	9.667256e-07
2.163290e+03	9.522464e-07
2.164560e+03	9.372288e-07
2.166030e+03	7.931067e-07
2.167690e+03	6.500977e-07
2.169990e+03	5.419888e-07
2.172320e+03	4.771045e-07
2.175280e+03	4.238109e-07
2.178740e+03	3.825498e-07
2.182440e+03	3.515297e-07
2.186080e+03	3.288324e-07
2.191460e+03	3.036794e-07
2.196520e+03	2.857491e-07
2.201920e+03	2.703978e-07
2.207660e+03	2.572865e-07
2.213740e+03	2.456882e-07
2.220040e+03	2.355932e-07
2.227740e+03	2.251445e-07
2.235290e+03	2.164720e-07
2.243320e+03	2.082938e-07
2.251640e+03	2.010320e-07
2.259430e+03	1.949193e-07
2.269690e+03	1.878975e-07
2.282380e+03	1.803837e-07
2.294370e+03	1.741732e-07
2.308550e+03	1.676894e-07
2.325780e+03	1.609033e-07
2.346100e+03	1.539884e-07
2.378190e+03	1.471590e-07
2.418660e+03	1.411925e-07
2.457900e+03	1.361439e-07
2.495560e+03	1.318774e-07
2.535470e+03	1.278709e-07
2.578230e+03	1.241565e-07
2.628320e+03	1.205610e-07
2.688100e+03	1.167580e-07
2.761490e+03	1.126439e-07
2.844400e+03	1.085778e-07
2.970760e+03	1.033122e-07
3.133790e+03	9.771929e-08
3.424990e+03	8.998120e-08
3.752710e+03	8.338861e-08
4.295860e+03	7.535959e-08
4.968640e+03	6.820653e-08
5.762830e+03	6.197160e-08
7.360820e+03	5.327968e-08
8.974240e+03	4.718657e-08
1.159620e+04	4.022382e-08
1.539200e+04	3.341535e-08
2.113310e+04	2.665900e-08
2.667660e+04	2.222018e-08
3.607950e+04	1.707383e-08
4.700930e+04	1.314061e-08
6.808440e+04	8.549733e-09
