-1.000000e+02	2.787260e+11
-9.000000e+01	2.680214e+11
-8.000000e+01	2.686987e+11
-7.000000e+01	2.686774e+11
-6.000000e+01	2.677051e+11
-5.000000e+01	2.658798e+11
-4.000000e+01	2.632648e+11
-3.000000e+01	2.608251e+11
-2.000000e+01	2.563202e+11
-1.000000e+01	2.508063e+11
0.000000e+00	2.435403e+11
1.000000e+01	2.356142e+11
2.000000e+01	2.270282e+11
3.500000e+01	2.134827e+11
5.000000e+01	1.988254e+11
7.500000e+01	1.732762e+11
1.000000e+02	1.488650e+11
1.250000e+02	1.263947e+11
1.500000e+02	1.063322e+11
1.750000e+02	8.837853e+10
2.000000e+02	7.296699e+10
2.500000e+02	4.893037e+10
3.000000e+02	3.243117e+10
3.500000e+02	2.127762e+10
4.000000e+02	1.383457e+10
4.500000e+02	8.893613e+09
4.900000e+02	6.160613e+09
5.250000e+02	4.436984e+09
5.600000e+02	3.180632e+09
6.150000e+02	1.866387e+09
6.600000e+02	1.200665e+09
7.000000e+02	8.071165e+08
7.500000e+02	4.959116e+08
8.000000e+02	3.084211e+08
8.540000e+02	1.875222e+08
9.000000e+02	1.257054e+08
9.460000e+02	8.643045e+07
9.710000e+02	7.100430e+07
1.003000e+03	5.588015e+07
1.032000e+03	4.530568e+07
1.065000e+03	3.590458e+07
1.101000e+03	2.803090e+07
1.143000e+03	2.117375e+07
1.214000e+03	1.336412e+07
1.299000e+03	7.784182e+06
1.398000e+03	4.162201e+06
1.520000e+03	1.962021e+06
1.617000e+03	1.109385e+06
1.722000e+03	6.116791e+05
1.820000e+03	3.632407e+05
1.894000e+03	2.467469e+05
1.946000e+03	1.911297e+05
1.989000e+03	1.562396e+05
2.024000e+03	1.335555e+05
2.055000e+03	1.168449e+05
2.083000e+03	1.027160e+05
2.098000e+03	9.565796e+04
2.110000e+03	9.053412e+04
2.120000e+03	8.638454e+04
2.126000e+03	8.384107e+04
2.130000e+03	8.215924e+04
2.132000e+03	8.111269e+04
2.134000e+03	7.968249e+04
2.136000e+03	7.775798e+04
2.138000e+03	7.462376e+04
2.141930e+03	6.749927e+04
2.145160e+03	5.766759e+04
2.147050e+03	4.503148e+04
2.148650e+03	3.525761e+04
2.150120e+03	2.693326e+04
2.151160e+03	2.233321e+04
2.152030e+03	1.936854e+04
2.152870e+03	1.703241e+04
2.153480e+03	1.545864e+04
2.154070e+03	1.410797e+04
2.154730e+03	1.287425e+04
2.155500e+03	1.174376e+04
2.156160e+03	1.094519e+04
2.156820e+03	1.026030e+04
2.157570e+03	9.611705e+03
2.158210e+03	9.147007e+03
2.158840e+03	8.749900e+03
2.159420e+03	8.424477e+03
2.160010e+03	8.137948e+03
2.160630e+03	7.865696e+03
2.161260e+03	7.618604e+03
2.162290e+03	7.269363e+03
2.163290e+03	6.976923e+03
2.164560e+03	6.661183e+03
2.166030e+03	6.351852e+03
2.167690e+03	6.057189e+03
2.169990e+03	5.719601e+03
2.172320e+03	5.436838e+03
2.175280e+03	5.137146e+03
2.178740e+03	4.849276e+03
2.182440e+03	4.592913e+03
2.186080e+03	4.380430e+03
2.191460e+03	4.118966e+03
2.196520e+03	3.915354e+03
2.201920e+03	3.729733e+03
2.207660e+03	3.563835e+03
2.213740e+03	3.410778e+03
2.220040e+03	3.274543e+03
2.227740e+03	3.129559e+03
2.235290e+03	3.008033e+03
2.243320e+03	2.891845e+03
2.251640e+03	2.787728e+03
2.259430e+03	2.699362e+03
2.269690e+03	2.597410e+03
2.282380e+03	2.487506e+03
2.294370e+03	2.396628e+03
2.308550e+03	2.301392e+03
2.325780e+03	2.201838e+03
2.346100e+03	2.100361e+03
2.378190e+03	1.967564e+03
2.418660e+03	1.834871e+03
2.457900e+03	1.730350e+03
2.495560e+03	1.646793e+03
2.535470e+03	1.571798e+03
2.578230e+03	1.504371e+03
2.628320e+03	1.439956e+03
2.688100e+03	1.374715e+03
2.761490e+03	1.307083e+03
2.844400e+03	1.242884e+03
2.970760e+03	1.163217e+03
3.133790e+03	1.082345e+03
3.424990e+03	9.759757e+02
3.752710e+03	8.896895e+02
4.295860e+03	7.892678e+02
4.968640e+03	7.035425e+02
5.762830e+03	6.313436e+02
7.360820e+03	5.341817e+02
8.974240e+03	4.681744e+02
1.159620e+04	3.946489e+02
1.539200e+04	3.244920e+02
2.113310e+04	2.563798e+02
2.667660e+04	2.123727e+02
3.607950e+04	1.620281e+02
4.700930e+04	1.240150e+02
6.808440e+04	8.013851e+01
