-1.000000e+02	2.033086e+13
-9.000000e+01	1.914917e+13
-8.000000e+01	1.825764e+13
-7.000000e+01	1.577174e+13
-6.000000e+01	1.086297e+13
-5.000000e+01	5.123548e+12
-4.000000e+01	5.794228e+12
-3.000000e+01	6.471131e+12
-2.000000e+01	7.013227e+12
-1.000000e+01	7.468223e+12
0.000000e+00	7.861730e+12
1.000000e+01	8.145310e+12
2.000000e+01	8.431056e+12
3.500000e+01	8.754484e+12
5.000000e+01	8.963552e+12
7.500000e+01	3.004720e+13
1.000000e+02	3.294377e+13
1.250000e+02	2.930593e+13
1.500000e+02	2.495680e+13
1.750000e+02	2.082507e+13
2.000000e+02	1.722042e+13
2.500000e+02	1.155905e+13
3.000000e+02	7.664114e+12
3.500000e+02	5.029468e+12
4.000000e+02	3.270796e+12
4.500000e+02	2.102928e+12
4.900000e+02	1.456596e+12
5.250000e+02	1.048911e+12
5.600000e+02	7.517298e+11
6.150000e+02	4.407267e+11
6.600000e+02	2.829406e+11
7.000000e+02	1.890372e+11
7.500000e+02	1.133410e+11
8.000000e+02	6.501585e+10
8.540000e+02	3.169769e+10
9.000000e+02	1.489533e+10
9.460000e+02	6.851634e+09
9.710000e+02	4.426521e+09
1.003000e+03	2.664159e+09
1.032000e+03	1.706926e+09
1.065000e+03	1.065793e+09
1.101000e+03	6.624881e+08
1.143000e+03	4.013147e+08
1.214000e+03	1.919785e+08
1.299000e+03	8.520768e+07
1.398000e+03	3.612720e+07
1.520000e+03	1.429715e+07
1.617000e+03	6.206413e+06
1.722000e+03	2.429158e+06
1.820000e+03	9.941774e+05
1.894000e+03	4.746167e+05
1.946000e+03	2.773269e+05
1.989000e+03	1.842923e+05
2.024000e+03	1.238640e+05
2.055000e+03	8.663357e+04
2.083000e+03	5.720495e+04
2.098000e+03	4.505864e+04
2.110000e+03	3.804473e+04
2.120000e+03	3.197820e+04
2.126000e+03	2.738662e+04
2.130000e+03	2.421884e+04
2.132000e+03	2.202039e+04
2.134000e+03	1.864223e+04
2.136000e+03	1.358948e+04
2.138000e+03	7.621040e+03
2.141930e+03	1.413810e+03
2.145160e+03	1.445562e+02
2.147050e+03	5.005243e+00
2.148650e+03	5.921989e-01
2.150120e+03	1.386870e-01
2.151160e+03	6.445111e-02
2.152030e+03	4.305780e-02
2.152870e+03	3.368861e-02
2.153480e+03	2.960967e-02
2.154070e+03	2.597839e-02
2.154730e+03	2.234533e-02
2.155500e+03	1.777486e-02
2.156160e+03	1.539459e-02
2.156820e+03	1.373274e-02
2.157570e+03	1.226797e-02
2.158210e+03	1.039386e-02
2.158840e+03	9.148347e-03
2.159420e+03	8.298235e-03
2.160010e+03	7.647825e-03
2.160630e+03	7.097372e-03
2.161260e+03	6.645927e-03
2.162290e+03	6.072854e-03
2.163290e+03	5.640239e-03
2.164560e+03	5.214408e-03
2.166030e+03	4.831751e-03
2.167690e+03	4.494122e-03
2.169990e+03	4.134847e-03
2.172320e+03	3.853339e-03
2.175280e+03	3.256606e-03
2.178740e+03	2.760128e-03
2.182440e+03	2.404905e-03
2.186080e+03	2.155947e-03
2.191460e+03	1.892662e-03
2.196520e+03	1.713774e-03
2.201920e+03	1.566902e-03
2.207660e+03	1.446638e-03
2.213740e+03	1.314884e-03
2.220040e+03	1.015167e-03
2.227740e+03	8.057588e-04
2.235290e+03	6.796796e-04
2.243320e+03	5.860141e-04
2.251640e+03	5.177883e-04
2.259430e+03	4.686494e-04
2.269690e+03	4.197555e-04
2.282380e+03	3.744964e-04
2.294370e+03	3.417471e-04
2.308550e+03	3.111652e-04
2.325780e+03	2.826008e-04
2.346100e+03	2.564983e-04
2.378190e+03	2.261549e-04
2.418660e+03	1.993938e-04
2.457900e+03	1.804038e-04
2.495560e+03	1.663606e-04
2.535470e+03	1.545222e-04
2.578230e+03	1.444519e-04
2.628320e+03	1.353153e-04
2.688100e+03	1.264676e-04
2.761490e+03	1.176958e-04
2.844400e+03	1.097195e-04
2.970760e+03	1.002608e-04
3.133790e+03	9.111885e-05
3.424990e+03	8.245386e-05
3.752710e+03	7.555197e-05
4.295860e+03	6.741323e-05
4.968640e+03	6.037808e-05
5.762830e+03	5.439253e-05
7.360820e+03	4.625217e-05
8.974240e+03	4.066949e-05
1.159620e+04	3.440255e-05
1.539200e+04	2.837789e-05
2.113310e+04	2.248939e-05
2.667660e+04	1.866519e-05
3.607950e+04	1.427218e-05
4.700930e+04	1.094269e-05
6.808440e+04	7.086292e-06
