-1.000000e+02	1.320444e+13
-9.000000e+01	1.149776e+13
-8.000000e+01	1.011088e+13
-7.000000e+01	8.527910e+12
-6.000000e+01	6.957651e+12
-5.000000e+01	5.506865e+12
-4.000000e+01	4.254660e+12
-3.000000e+01	3.185642e+12
-2.000000e+01	2.420895e+12
-1.000000e+01	1.830010e+12
0.000000e+00	1.419254e+12
1.000000e+01	1.094425e+12
2.000000e+01	8.503831e+11
3.500000e+01	5.817383e+11
5.000000e+01	4.088298e+11
7.500000e+01	2.422956e+11
1.000000e+02	1.432463e+11
1.250000e+02	8.585616e+10
1.500000e+02	5.160713e+10
1.750000e+02	3.475364e+10
2.000000e+02	2.451804e+10
2.500000e+02	1.408553e+10
3.000000e+02	7.811264e+09
3.500000e+02	4.161174e+09
4.000000e+02	2.082823e+09
4.500000e+02	1.041314e+09
4.900000e+02	7.258188e+08
5.250000e+02	5.926365e+08
5.600000e+02	5.363726e+08
6.150000e+02	6.387145e+08
6.600000e+02	9.950746e+08
7.000000e+02	1.959669e+09
7.500000e+02	4.083683e+09
8.000000e+02	6.953852e+09
8.540000e+02	9.445893e+09
9.000000e+02	9.352231e+09
9.460000e+02	7.927079e+09
9.710000e+02	6.986154e+09
1.003000e+03	5.799760e+09
1.032000e+03	4.851484e+09
1.065000e+03	3.941044e+09
1.101000e+03	3.131267e+09
1.143000e+03	2.397866e+09
1.214000e+03	1.533917e+09
1.299000e+03	9.012306e+08
1.398000e+03	4.839483e+08
1.520000e+03	2.302931e+08
1.617000e+03	1.310781e+08
1.722000e+03	7.267187e+07
1.820000e+03	4.336380e+07
1.894000e+03	2.952617e+07
1.946000e+03	2.290802e+07
1.989000e+03	1.874867e+07
2.024000e+03	1.604010e+07
2.055000e+03	1.404211e+07
2.083000e+03	1.234713e+07
2.098000e+03	1.149931e+07
2.110000e+03	1.088391e+07
2.120000e+03	1.038518e+07
2.126000e+03	1.007946e+07
2.130000e+03	9.877441e+06
2.132000e+03	9.751660e+06
2.134000e+03	9.579750e+06
2.136000e+03	9.348405e+06
2.138000e+03	8.971622e+06
2.141930e+03	8.115106e+06
2.145160e+03	6.933099e+06
2.147050e+03	5.413922e+06
2.148650e+03	4.238855e+06
2.150120e+03	3.238058e+06
2.151160e+03	2.685016e+06
2.152030e+03	2.328588e+06
2.152870e+03	2.047727e+06
2.153480e+03	1.858519e+06
2.154070e+03	1.696134e+06
2.154730e+03	1.547811e+06
2.155500e+03	1.411897e+06
2.156160e+03	1.315888e+06
2.156820e+03	1.233548e+06
2.157570e+03	1.155570e+06
2.158210e+03	1.099701e+06
2.158840e+03	1.051959e+06
2.159420e+03	1.012835e+06
2.160010e+03	9.783869e+05
2.160630e+03	9.456554e+05
2.161260e+03	9.159487e+05
2.162290e+03	8.739612e+05
2.163290e+03	8.388025e+05
2.164560e+03	8.008425e+05
2.166030e+03	7.636531e+05
2.167690e+03	7.282272e+05
2.169990e+03	6.876406e+05
2.172320e+03	6.536453e+05
2.175280e+03	6.176147e+05
2.178740e+03	5.830055e+05
2.182440e+03	5.521842e+05
2.186080e+03	5.266384e+05
2.191460e+03	4.952038e+05
2.196520e+03	4.707245e+05
2.201920e+03	4.484082e+05
2.207660e+03	4.284630e+05
2.213740e+03	4.100618e+05
2.220040e+03	3.936828e+05
2.227740e+03	3.762520e+05
2.235290e+03	3.616415e+05
2.243320e+03	3.476728e+05
2.251640e+03	3.351554e+05
2.259430e+03	3.245315e+05
2.269690e+03	3.122743e+05
2.282380e+03	2.990611e+05
2.294370e+03	2.881353e+05
2.308550e+03	2.766855e+05
2.325780e+03	2.647166e+05
2.346100e+03	2.525164e+05
2.378190e+03	2.365509e+05
2.418660e+03	2.205978e+05
2.457900e+03	2.080317e+05
2.495560e+03	1.979861e+05
2.535470e+03	1.889698e+05
2.578230e+03	1.808634e+05
2.628320e+03	1.731190e+05
2.688100e+03	1.652755e+05
2.761490e+03	1.571444e+05
2.844400e+03	1.494260e+05
2.970760e+03	1.398480e+05
3.133790e+03	1.301252e+05
3.424990e+03	1.173369e+05
3.752710e+03	1.069632e+05
4.295860e+03	9.488993e+04
4.968640e+03	8.458359e+04
5.762830e+03	7.590345e+04
7.360820e+03	6.422214e+04
8.974240e+03	5.628639e+04
1.159620e+04	4.744677e+04
1.539200e+04	3.901214e+04
2.113310e+04	3.082333e+04
2.667660e+04	2.553256e+04
3.607950e+04	1.947988e+04
4.700930e+04	1.490974e+04
6.808440e+04	9.634674e+03
