-1.000000e+02	1.885317e+08
-9.000000e+01	1.883440e+08
-8.000000e+01	2.012519e+08
-7.000000e+01	2.170532e+08
-6.000000e+01	2.345584e+08
-5.000000e+01	2.536384e+08
-4.000000e+01	2.738589e+08
-3.000000e+01	2.978525e+08
-2.000000e+01	3.168458e+08
-1.000000e+01	3.344446e+08
0.000000e+00	3.453112e+08
1.000000e+01	3.549196e+08
2.000000e+01	3.618065e+08
3.500000e+01	3.707526e+08
5.000000e+01	3.742540e+08
7.500000e+01	3.678937e+08
1.000000e+02	3.639395e+08
1.250000e+02	3.569648e+08
1.500000e+02	3.482860e+08
1.750000e+02	3.124759e+08
2.000000e+02	2.698159e+08
2.500000e+02	1.792320e+08
3.000000e+02	1.196527e+08
3.500000e+02	8.031673e+07
4.000000e+02	5.517102e+07
4.500000e+02	3.711181e+07
4.900000e+02	2.337188e+07
5.250000e+02	1.432894e+07
5.600000e+02	8.112357e+06
6.150000e+02	2.590064e+06
6.600000e+02	8.087961e+05
7.000000e+02	2.361648e+05
7.500000e+02	5.804960e+04
8.000000e+02	1.718961e+04
8.540000e+02	5.439176e+03
9.000000e+02	2.341571e+03
9.460000e+02	1.083502e+03
9.710000e+02	7.324573e+02
1.003000e+03	4.684199e+02
1.032000e+03	3.221588e+02
1.065000e+03	2.154212e+02
1.101000e+03	1.443836e+02
1.143000e+03	9.295450e+01
1.214000e+03	4.708888e+01
1.299000e+03	2.265582e+01
1.398000e+03	1.083714e+01
1.520000e+03	3.691202e+00
1.617000e+03	1.520673e+00
1.722000e+03	5.759848e-01
1.820000e+03	2.044551e-01
1.894000e+03	9.307283e-02
1.946000e+03	4.747624e-02
1.989000e+03	2.384222e-02
2.024000e+03	1.129762e-02
2.055000e+03	3.822491e-03
2.083000e+03	1.327580e-03
2.098000e+03	8.209416e-04
2.110000e+03	4.042567e-04
2.120000e+03	2.966528e-04
2.126000e+03	2.536673e-04
2.130000e+03	1.289550e-04
2.132000e+03	1.011815e-04
2.134000e+03	7.911188e-05
2.136000e+03	6.083283e-05
2.138000e+03	4.259833e-05
2.141930e+03	2.216375e-05
2.145160e+03	1.120511e-05
2.147050e+03	3.620055e-06
2.148650e+03	1.317810e-06
2.150120e+03	5.972568e-07
2.151160e+03	3.805490e-07
2.152030e+03	3.188524e-07
2.152870e+03	2.740851e-07
2.153480e+03	2.469679e-07
2.154070e+03	2.320985e-07
2.154730e+03	2.262718e-07
2.155500e+03	2.253807e-07
2.156160e+03	2.256037e-07
2.156820e+03	2.243513e-07
2.157570e+03	1.993641e-07
2.158210e+03	1.856010e-07
2.158840e+03	1.757796e-07
2.159420e+03	1.686516e-07
2.160010e+03	1.629562e-07
2.160630e+03	1.579003e-07
2.161260e+03	1.536000e-07
2.162290e+03	1.479148e-07
2.163290e+03	1.433406e-07
2.164560e+03	1.386059e-07
2.166030e+03	1.152752e-07
2.167690e+03	9.294223e-08
2.169990e+03	7.603450e-08
2.172320e+03	6.587985e-08
2.175280e+03	5.754904e-08
2.178740e+03	5.112059e-08
2.182440e+03	4.631195e-08
2.186080e+03	4.281509e-08
2.191460e+03	3.897532e-08
2.196520e+03	3.626738e-08
2.201920e+03	3.397318e-08
2.207660e+03	3.203672e-08
2.213740e+03	3.033921e-08
2.220040e+03	2.888066e-08
2.227740e+03	2.738537e-08
2.235290e+03	2.616163e-08
2.243320e+03	2.501956e-08
2.251640e+03	2.401589e-08
2.259430e+03	2.317836e-08
2.269690e+03	2.222534e-08
2.282380e+03	2.121509e-08
2.294370e+03	2.038908e-08
2.308550e+03	1.953411e-08
2.325780e+03	1.864861e-08
2.346100e+03	1.775526e-08
2.378190e+03	1.685412e-08
2.418660e+03	1.606371e-08
2.457900e+03	1.540903e-08
2.495560e+03	1.486468e-08
2.535470e+03	1.436010e-08
2.578230e+03	1.389624e-08
2.628320e+03	1.344858e-08
2.688100e+03	1.298086e-08
2.761490e+03	1.248090e-08
2.844400e+03	1.199219e-08
2.970760e+03	1.136665e-08
3.133790e+03	1.071016e-08
3.424990e+03	9.813903e-09
3.752710e+03	9.059931e-09
4.295860e+03	8.152234e-09
4.968640e+03	7.352195e-09
5.762830e+03	6.660766e-09
7.360820e+03	5.705189e-09
8.974240e+03	5.040423e-09
1.159620e+04	4.285440e-09
1.539200e+04	3.551518e-09
2.113310e+04	2.827004e-09
2.667660e+04	2.352891e-09
3.607950e+04	1.804941e-09
4.700930e+04	1.387350e-09
6.808440e+04	9.012178e-10
