-1.000000e+02	3.815647e+12
-9.000000e+01	3.659951e+12
-8.000000e+01	3.667016e+12
-7.000000e+01	3.663935e+12
-6.000000e+01	3.647438e+12
-5.000000e+01	3.618900e+12
-4.000000e+01	3.579271e+12
-3.000000e+01	3.541386e+12
-2.000000e+01	3.475921e+12
-1.000000e+01	3.396795e+12
0.000000e+00	3.294717e+12
1.000000e+01	3.183768e+12
2.000000e+01	3.064212e+12
3.500000e+01	2.875948e+12
5.000000e+01	2.673334e+12
7.500000e+01	2.322378e+12
1.000000e+02	1.986640e+12
1.250000e+02	1.678138e+12
1.500000e+02	1.403042e+12
1.750000e+02	1.161929e+12
2.000000e+02	9.571340e+11
2.500000e+02	6.421599e+11
3.000000e+02	4.254729e+11
3.500000e+02	2.788179e+11
4.000000e+02	1.807438e+11
4.500000e+02	1.158900e+11
4.900000e+02	8.071298e+10
5.250000e+02	5.859123e+10
5.600000e+02	4.239135e+10
6.150000e+02	2.525828e+10
6.600000e+02	1.639681e+10
7.000000e+02	1.107471e+10
7.500000e+02	6.819293e+09
8.000000e+02	4.244302e+09
8.540000e+02	2.581411e+09
9.000000e+02	1.730668e+09
9.460000e+02	1.190033e+09
9.710000e+02	9.776615e+08
1.003000e+03	7.694338e+08
1.032000e+03	6.238394e+08
1.065000e+03	4.943967e+08
1.101000e+03	3.859813e+08
1.143000e+03	2.915623e+08
1.214000e+03	1.840254e+08
1.299000e+03	1.071890e+08
1.398000e+03	5.731619e+07
1.520000e+03	2.701959e+07
1.617000e+03	1.527862e+07
1.722000e+03	8.424275e+06
1.820000e+03	5.003119e+06
1.894000e+03	3.398759e+06
1.946000e+03	2.632871e+06
1.989000e+03	2.152565e+06
2.024000e+03	1.839918e+06
2.055000e+03	1.609468e+06
2.083000e+03	1.414776e+06
2.098000e+03	1.317439e+06
2.110000e+03	1.246874e+06
2.120000e+03	1.189696e+06
2.126000e+03	1.154660e+06
2.130000e+03	1.131550e+06
2.132000e+03	1.117106e+06
2.134000e+03	1.097395e+06
2.136000e+03	1.070883e+06
2.138000e+03	1.027715e+06
2.141930e+03	9.295951e+05
2.145160e+03	7.941828e+05
2.147050e+03	6.201844e+05
2.148650e+03	4.855859e+05
2.150120e+03	3.709327e+05
2.151160e+03	3.075836e+05
2.152030e+03	2.667416e+05
2.152870e+03	2.345676e+05
2.153480e+03	2.128872e+05
2.154070e+03	1.942883e+05
2.154730e+03	1.773006e+05
2.155500e+03	1.617324e+05
2.156160e+03	1.507347e+05
2.156820e+03	1.413028e+05
2.157570e+03	1.323704e+05
2.158210e+03	1.259706e+05
2.158840e+03	1.205018e+05
2.159420e+03	1.160201e+05
2.160010e+03	1.120741e+05
2.160630e+03	1.083247e+05
2.161260e+03	1.049218e+05
2.162290e+03	1.001121e+05
2.163290e+03	9.608467e+04
2.164560e+03	9.173636e+04
2.166030e+03	8.747637e+04
2.167690e+03	8.341832e+04
2.169990e+03	7.876912e+04
2.172320e+03	7.487496e+04
2.175280e+03	7.074766e+04
2.178740e+03	6.678318e+04
2.182440e+03	6.325261e+04
2.186080e+03	6.032634e+04
2.191460e+03	5.672550e+04
2.196520e+03	5.392140e+04
2.201920e+03	5.136508e+04
2.207660e+03	4.908036e+04
2.213740e+03	4.697250e+04
2.220040e+03	4.509630e+04
2.227740e+03	4.309960e+04
2.235290e+03	4.142597e+04
2.243320e+03	3.982586e+04
2.251640e+03	3.839199e+04
2.259430e+03	3.717502e+04
2.269690e+03	3.577096e+04
2.282380e+03	3.425739e+04
2.294370e+03	3.300585e+04
2.308550e+03	3.169427e+04
2.325780e+03	3.032324e+04
2.346100e+03	2.892571e+04
2.378190e+03	2.709687e+04
2.418660e+03	2.526944e+04
2.457900e+03	2.383000e+04
2.495560e+03	2.267927e+04
2.535470e+03	2.164646e+04
2.578230e+03	2.071787e+04
2.628320e+03	1.983076e+04
2.688100e+03	1.893228e+04
2.761490e+03	1.800086e+04
2.844400e+03	1.711672e+04
2.970760e+03	1.601957e+04
3.133790e+03	1.490581e+04
3.424990e+03	1.344093e+04
3.752710e+03	1.225261e+04
4.295860e+03	1.086962e+04
4.968640e+03	9.689035e+03
5.762830e+03	8.694727e+03
7.360820e+03	7.356634e+03
8.974240e+03	6.447596e+03
1.159620e+04	5.435019e+03
1.539200e+04	4.468834e+03
2.113310e+04	3.530807e+03
2.667660e+04	2.924750e+03
3.607950e+04	2.231416e+03
4.700930e+04	1.707908e+03
6.808440e+04	1.103650e+03
