-1.000000e+02	1.366000e+17
-9.000000e+01	1.310690e+17
-8.000000e+01	1.314006e+17
-7.000000e+01	1.313902e+17
-6.000000e+01	1.309143e+17
-5.000000e+01	1.300208e+17
-4.000000e+01	1.287408e+17
-3.000000e+01	1.275463e+17
-2.000000e+01	1.253416e+17
-1.000000e+01	1.226433e+17
0.000000e+00	1.190883e+17
1.000000e+01	1.152105e+17
2.000000e+01	1.110104e+17
3.500000e+01	1.043850e+17
5.000000e+01	9.721701e+16
7.500000e+01	8.472407e+16
1.000000e+02	7.278948e+16
1.250000e+02	6.180436e+16
1.500000e+02	5.199652e+16
1.750000e+02	4.321768e+16
2.000000e+02	3.568118e+16
2.500000e+02	2.392569e+16
3.000000e+02	1.585726e+16
3.500000e+02	1.040332e+16
4.000000e+02	6.764019e+15
4.500000e+02	4.348166e+15
4.900000e+02	3.011767e+15
5.250000e+02	2.168966e+15
5.600000e+02	1.554692e+15
6.150000e+02	9.121823e+14
6.600000e+02	5.867753e+14
7.000000e+02	3.944302e+14
7.500000e+02	2.423428e+14
8.000000e+02	1.507186e+14
8.540000e+02	9.163763e+13
9.000000e+02	6.142911e+13
9.460000e+02	4.223637e+13
9.710000e+02	3.469796e+13
1.003000e+03	2.730714e+13
1.032000e+03	2.213965e+13
1.065000e+03	1.754557e+13
1.101000e+03	1.369789e+13
1.143000e+03	1.034700e+13
1.214000e+03	6.530645e+12
1.299000e+03	3.803865e+12
1.398000e+03	2.033999e+12
1.520000e+03	9.588444e+11
1.617000e+03	5.421889e+11
1.722000e+03	2.989487e+11
1.820000e+03	1.775428e+11
1.894000e+03	1.206095e+11
1.946000e+03	9.343077e+10
1.989000e+03	7.638640e+10
2.024000e+03	6.529169e+10
2.055000e+03	5.711385e+10
2.083000e+03	5.020498e+10
2.098000e+03	4.675086e+10
2.110000e+03	4.424678e+10
2.120000e+03	4.221774e+10
2.126000e+03	4.097445e+10
2.130000e+03	4.015437e+10
2.132000e+03	3.964181e+10
2.134000e+03	3.894232e+10
2.136000e+03	3.800152e+10
2.138000e+03	3.646965e+10
2.141930e+03	3.298776e+10
2.145160e+03	2.818250e+10
2.147050e+03	2.200796e+10
2.148650e+03	1.723158e+10
2.150120e+03	1.316298e+10
2.151160e+03	1.091496e+10
2.152030e+03	9.465635e+09
2.152870e+03	8.323904e+09
2.153480e+03	7.554551e+09
2.154070e+03	6.894547e+09
2.154730e+03	6.291717e+09
2.155500e+03	5.739260e+09
2.156160e+03	5.348994e+09
2.156820e+03	5.014294e+09
2.157570e+03	4.697317e+09
2.158210e+03	4.470215e+09
2.158840e+03	4.276145e+09
2.159420e+03	4.117108e+09
2.160010e+03	3.977078e+09
2.160630e+03	3.844026e+09
2.161260e+03	3.723270e+09
2.162290e+03	3.552594e+09
2.163290e+03	3.409676e+09
2.164560e+03	3.255371e+09
2.166030e+03	3.104200e+09
2.167690e+03	2.960196e+09
2.169990e+03	2.795214e+09
2.172320e+03	2.657025e+09
2.175280e+03	2.510563e+09
2.178740e+03	2.369878e+09
2.182440e+03	2.244592e+09
2.186080e+03	2.140750e+09
2.191460e+03	2.012970e+09
2.196520e+03	1.913464e+09
2.201920e+03	1.822749e+09
2.207660e+03	1.741673e+09
2.213740e+03	1.666874e+09
2.220040e+03	1.600294e+09
2.227740e+03	1.529439e+09
2.235290e+03	1.470049e+09
2.243320e+03	1.413267e+09
2.251640e+03	1.362384e+09
2.259430e+03	1.319199e+09
2.269690e+03	1.269374e+09
2.282380e+03	1.215663e+09
2.294370e+03	1.171251e+09
2.308550e+03	1.124708e+09
2.325780e+03	1.076055e+09
2.346100e+03	1.026462e+09
2.378190e+03	9.615637e+08
2.418660e+03	8.967155e+08
2.457900e+03	8.456352e+08
2.495560e+03	8.048003e+08
2.535470e+03	7.681498e+08
2.578230e+03	7.351978e+08
2.628320e+03	7.037174e+08
2.688100e+03	6.718340e+08
2.761490e+03	6.387815e+08
2.844400e+03	6.074067e+08
2.970760e+03	5.684730e+08
3.133790e+03	5.289501e+08
3.424990e+03	4.769668e+08
3.752710e+03	4.347981e+08
4.295860e+03	3.857212e+08
4.968640e+03	3.438266e+08
5.762830e+03	3.085425e+08
7.360820e+03	2.610587e+08
8.974240e+03	2.288004e+08
1.159620e+04	1.928680e+08
1.539200e+04	1.585818e+08
2.113310e+04	1.252948e+08
2.667660e+04	1.037882e+08
3.607950e+04	7.918440e+07
4.700930e+04	6.060711e+07
6.808440e+04	3.916431e+07
