-1.000000e+02	3.329658e+10
-9.000000e+01	3.194319e+10
-8.000000e+01	3.201249e+10
-7.000000e+01	3.199572e+10
-6.000000e+01	3.186385e+10
-5.000000e+01	3.162891e+10
-4.000000e+01	3.129898e+10
-3.000000e+01	3.098745e+10
-2.000000e+01	3.043353e+10
-1.000000e+01	2.976056e+10
0.000000e+00	2.888372e+10
1.000000e+01	2.792921e+10
2.000000e+01	2.689802e+10
3.500000e+01	2.527247e+10
5.000000e+01	2.351744e+10
7.500000e+01	2.046613e+10
1.000000e+02	1.754717e+10
1.250000e+02	1.486203e+10
1.500000e+02	1.246586e+10
1.750000e+02	1.034432e+10
2.000000e+02	8.532721e+09
2.500000e+02	5.726104e+09
3.000000e+02	3.796383e+09
3.500000e+02	2.490535e+09
4.000000e+02	1.617847e+09
4.500000e+02	1.039337e+09
4.900000e+02	7.220185e+08
5.250000e+02	5.220172e+08
5.600000e+02	3.758475e+08
6.150000e+02	2.221053e+08
6.600000e+02	1.434774e+08
7.000000e+02	9.666045e+07
7.500000e+02	5.945105e+07
8.000000e+02	3.698769e+07
8.540000e+02	2.249242e+07
9.000000e+02	1.507876e+07
9.460000e+02	1.036803e+07
9.710000e+02	8.517661e+06
1.003000e+03	6.703455e+06
1.032000e+03	5.434974e+06
1.065000e+03	4.307227e+06
1.101000e+03	3.362689e+06
1.143000e+03	2.540097e+06
1.214000e+03	1.603226e+06
1.299000e+03	9.338263e+05
1.398000e+03	4.993358e+05
1.520000e+03	2.353926e+05
1.617000e+03	1.331058e+05
1.722000e+03	7.339134e+04
1.820000e+03	4.358654e+04
1.894000e+03	2.960953e+04
1.946000e+03	2.293721e+04
1.989000e+03	1.875284e+04
2.024000e+03	1.602910e+04
2.055000e+03	1.402145e+04
2.083000e+03	1.232532e+04
2.098000e+03	1.147734e+04
2.110000e+03	1.086258e+04
2.120000e+03	1.036446e+04
2.126000e+03	1.005923e+04
2.130000e+03	9.857897e+03
2.132000e+03	9.732063e+03
2.134000e+03	9.560340e+03
2.136000e+03	9.329373e+03
2.138000e+03	8.953299e+03
2.141930e+03	8.098495e+03
2.145160e+03	6.918804e+03
2.147050e+03	5.402955e+03
2.148650e+03	4.230353e+03
2.150120e+03	3.231511e+03
2.151160e+03	2.679623e+03
2.152030e+03	2.323813e+03
2.152870e+03	2.043519e+03
2.153480e+03	1.854642e+03
2.154070e+03	1.692611e+03
2.154730e+03	1.544617e+03
2.155500e+03	1.408988e+03
2.156160e+03	1.313178e+03
2.156820e+03	1.231009e+03
2.157570e+03	1.153191e+03
2.158210e+03	1.097438e+03
2.158840e+03	1.049793e+03
2.159420e+03	1.010750e+03
2.160010e+03	9.763726e+02
2.160630e+03	9.437085e+02
2.161260e+03	9.140629e+02
2.162290e+03	8.721618e+02
2.163290e+03	8.370755e+02
2.164560e+03	7.991937e+02
2.166030e+03	7.620812e+02
2.167690e+03	7.267281e+02
2.169990e+03	6.862250e+02
2.172320e+03	6.522996e+02
2.175280e+03	6.163432e+02
2.178740e+03	5.818052e+02
2.182440e+03	5.510474e+02
2.186080e+03	5.255541e+02
2.191460e+03	4.941842e+02
2.196520e+03	4.697553e+02
2.201920e+03	4.474850e+02
2.207660e+03	4.275808e+02
2.213740e+03	4.092175e+02
2.220040e+03	3.928723e+02
2.227740e+03	3.754774e+02
2.235290e+03	3.608970e+02
2.243320e+03	3.469570e+02
2.251640e+03	3.344653e+02
2.259430e+03	3.238633e+02
2.269690e+03	3.116313e+02
2.282380e+03	2.984454e+02
2.294370e+03	2.875421e+02
2.308550e+03	2.761158e+02
2.325780e+03	2.641716e+02
2.346100e+03	2.519965e+02
2.378190e+03	2.360639e+02
2.418660e+03	2.201436e+02
2.457900e+03	2.076034e+02
2.495560e+03	1.975785e+02
2.535470e+03	1.885808e+02
2.578230e+03	1.804911e+02
2.628320e+03	1.727626e+02
2.688100e+03	1.649352e+02
2.761490e+03	1.568209e+02
2.844400e+03	1.491184e+02
2.970760e+03	1.395601e+02
3.133790e+03	1.298573e+02
3.424990e+03	1.170954e+02
3.752710e+03	1.067429e+02
4.295860e+03	9.469456e+01
4.968640e+03	8.440944e+01
5.762830e+03	7.574718e+01
7.360820e+03	6.408991e+01
8.974240e+03	5.617050e+01
1.159620e+04	4.734909e+01
1.539200e+04	3.893182e+01
2.113310e+04	3.075987e+01
2.667660e+04	2.547999e+01
3.607950e+04	1.943977e+01
4.700930e+04	1.487904e+01
6.808440e+04	9.614838e+00
