-1.000000e+02	2.018245e+11
-9.000000e+01	1.940811e+11
-8.000000e+01	1.945786e+11
-7.000000e+01	1.945715e+11
-6.000000e+01	1.938761e+11
-5.000000e+01	1.925629e+11
-4.000000e+01	1.906775e+11
-3.000000e+01	1.889187e+11
-2.000000e+01	1.856623e+11
-1.000000e+01	1.816741e+11
0.000000e+00	1.764151e+11
1.000000e+01	1.706773e+11
2.000000e+01	1.644606e+11
3.500000e+01	1.546518e+11
5.000000e+01	1.440365e+11
7.500000e+01	1.255308e+11
1.000000e+02	1.078492e+11
1.250000e+02	9.157308e+10
1.500000e+02	7.704073e+10
1.750000e+02	6.403396e+10
2.000000e+02	5.286806e+10
2.500000e+02	3.545172e+10
3.000000e+02	2.349717e+10
3.500000e+02	1.541599e+10
4.000000e+02	1.002336e+10
4.500000e+02	6.443527e+09
4.900000e+02	4.463257e+09
5.250000e+02	3.214367e+09
5.600000e+02	2.304089e+09
6.150000e+02	1.351929e+09
6.600000e+02	8.696691e+08
7.000000e+02	5.845989e+08
7.500000e+02	3.591872e+08
8.000000e+02	2.233874e+08
8.540000e+02	1.358208e+08
9.000000e+02	9.104730e+07
9.460000e+02	6.260078e+07
9.710000e+02	5.142775e+07
1.003000e+03	4.047346e+07
1.032000e+03	3.281447e+07
1.065000e+03	2.600534e+07
1.101000e+03	2.030251e+07
1.143000e+03	1.533594e+07
1.214000e+03	9.679500e+06
1.299000e+03	5.638006e+06
1.398000e+03	3.014641e+06
1.520000e+03	1.421072e+06
1.617000e+03	8.035163e+05
1.722000e+03	4.430330e+05
1.820000e+03	2.630916e+05
1.894000e+03	1.787163e+05
1.946000e+03	1.384333e+05
1.989000e+03	1.131628e+05
2.024000e+03	9.673288e+04
2.055000e+03	8.462961e+04
2.083000e+03	7.439616e+04
2.098000e+03	6.928410e+04
2.110000e+03	6.557295e+04
2.120000e+03	6.256745e+04
2.126000e+03	6.072524e+04
2.130000e+03	5.950711e+04
2.132000e+03	5.874910e+04
2.134000e+03	5.771323e+04
2.136000e+03	5.631932e+04
2.138000e+03	5.404923e+04
2.141930e+03	4.888904e+04
2.145160e+03	4.176806e+04
2.147050e+03	3.261585e+04
2.148650e+03	2.553673e+04
2.150120e+03	1.950748e+04
2.151160e+03	1.617572e+04
2.152030e+03	1.402844e+04
2.152870e+03	1.233641e+04
2.153480e+03	1.119654e+04
2.154070e+03	1.021826e+04
2.154730e+03	9.324693e+03
2.155500e+03	8.505888e+03
2.156160e+03	7.927488e+03
2.156820e+03	7.431434e+03
2.157570e+03	6.961661e+03
2.158210e+03	6.625085e+03
2.158840e+03	6.337464e+03
2.159420e+03	6.101764e+03
2.160010e+03	5.894233e+03
2.160630e+03	5.697044e+03
2.161260e+03	5.518078e+03
2.162290e+03	5.265126e+03
2.163290e+03	5.053315e+03
2.164560e+03	4.824628e+03
2.166030e+03	4.600582e+03
2.167690e+03	4.387161e+03
2.169990e+03	4.142650e+03
2.172320e+03	3.937847e+03
2.175280e+03	3.720783e+03
2.178740e+03	3.512282e+03
2.182440e+03	3.326601e+03
2.186080e+03	3.172702e+03
2.191460e+03	2.983325e+03
2.196520e+03	2.835851e+03
2.201920e+03	2.701408e+03
2.207660e+03	2.581249e+03
2.213740e+03	2.470392e+03
2.220040e+03	2.371719e+03
2.227740e+03	2.266708e+03
2.235290e+03	2.178688e+03
2.243320e+03	2.094534e+03
2.251640e+03	2.019123e+03
2.259430e+03	1.955120e+03
2.269690e+03	1.881278e+03
2.282380e+03	1.801676e+03
2.294370e+03	1.735854e+03
2.308550e+03	1.666875e+03
2.325780e+03	1.594769e+03
2.346100e+03	1.521270e+03
2.378190e+03	1.425087e+03
2.418660e+03	1.328978e+03
2.457900e+03	1.253275e+03
2.495560e+03	1.192755e+03
2.535470e+03	1.138437e+03
2.578230e+03	1.089601e+03
2.628320e+03	1.042945e+03
2.688100e+03	9.956924e+02
2.761490e+03	9.467070e+02
2.844400e+03	9.002080e+02
2.970760e+03	8.425061e+02
3.133790e+03	7.839312e+02
3.424990e+03	7.068894e+02
3.752710e+03	6.443931e+02
4.295860e+03	5.716587e+02
4.968640e+03	5.095687e+02
5.762830e+03	4.572758e+02
7.360820e+03	3.869024e+02
8.974240e+03	3.390940e+02
1.159620e+04	2.858402e+02
1.539200e+04	2.350263e+02
2.113310e+04	1.856933e+02
2.667660e+04	1.538194e+02
3.607950e+04	1.173554e+02
4.700930e+04	8.982285e+01
6.808440e+04	5.804352e+01
