-1.000000e+02	9.449836e+12
-9.000000e+01	9.067267e+12
-8.000000e+01	9.090246e+12
-7.000000e+01	9.089552e+12
-6.000000e+01	9.056638e+12
-5.000000e+01	8.994833e+12
-4.000000e+01	8.906285e+12
-3.000000e+01	8.823651e+12
-2.000000e+01	8.671130e+12
-1.000000e+01	8.484466e+12
0.000000e+00	8.238527e+12
1.000000e+01	7.970265e+12
2.000000e+01	7.679700e+12
3.500000e+01	7.221357e+12
5.000000e+01	6.725473e+12
7.500000e+01	5.861211e+12
1.000000e+02	5.035576e+12
1.250000e+02	4.275625e+12
1.500000e+02	3.597119e+12
1.750000e+02	2.989799e+12
2.000000e+02	2.468424e+12
2.500000e+02	1.655179e+12
3.000000e+02	1.097005e+12
3.500000e+02	7.197016e+11
4.000000e+02	4.679349e+11
4.500000e+02	3.008061e+11
4.900000e+02	2.083541e+11
5.250000e+02	1.500490e+11
5.600000e+02	1.075536e+11
6.150000e+02	6.310477e+10
6.600000e+02	4.059312e+10
7.000000e+02	2.728668e+10
7.500000e+02	1.676528e+10
8.000000e+02	1.042671e+10
8.540000e+02	6.339491e+09
9.000000e+02	4.249666e+09
9.460000e+02	2.921912e+09
9.710000e+02	2.400405e+09
1.003000e+03	1.889107e+09
1.032000e+03	1.531621e+09
1.065000e+03	1.213802e+09
1.101000e+03	9.476188e+08
1.143000e+03	7.158044e+08
1.214000e+03	4.517890e+08
1.299000e+03	2.631506e+08
1.398000e+03	1.407115e+08
1.520000e+03	6.633251e+07
1.617000e+03	3.750835e+07
1.722000e+03	2.068105e+07
1.820000e+03	1.228217e+07
1.894000e+03	8.343520e+06
1.946000e+03	6.463247e+06
1.989000e+03	5.284009e+06
2.024000e+03	4.516244e+06
2.055000e+03	3.949667e+06
2.083000e+03	3.469800e+06
2.098000e+03	3.229424e+06
2.110000e+03	3.052032e+06
2.120000e+03	2.909098e+06
2.126000e+03	2.820932e+06
2.130000e+03	2.748594e+06
2.132000e+03	2.702504e+06
2.134000e+03	2.632568e+06
2.136000e+03	2.517869e+06
2.138000e+03	2.224184e+06
2.141930e+03	8.737622e+05
2.145160e+03	5.423854e+04
2.147050e+03	9.329958e+02
2.148650e+03	2.981832e+01
2.150120e+03	1.913327e+00
2.151160e+03	3.245475e-01
2.152030e+03	9.891048e-02
2.152870e+03	3.559425e-02
2.153480e+03	1.846837e-02
2.154070e+03	1.087192e-02
2.154730e+03	6.625177e-03
2.155500e+03	4.164499e-03
2.156160e+03	2.996462e-03
2.156820e+03	2.230763e-03
2.157570e+03	1.505001e-03
2.158210e+03	1.148554e-03
2.158840e+03	9.161245e-04
2.159420e+03	7.635577e-04
2.160010e+03	6.513596e-04
2.160630e+03	5.608534e-04
2.161260e+03	4.899089e-04
2.162290e+03	4.048037e-04
2.163290e+03	3.453250e-04
2.164560e+03	2.908114e-04
2.166030e+03	2.092745e-04
2.167690e+03	1.486719e-04
2.169990e+03	1.051007e-04
2.172320e+03	8.053947e-05
2.175280e+03	6.177259e-05
2.178740e+03	4.844289e-05
2.182440e+03	3.928351e-05
2.186080e+03	3.313713e-05
2.191460e+03	2.696420e-05
2.196520e+03	2.300090e-05
2.201920e+03	1.990877e-05
2.207660e+03	1.750240e-05
2.213740e+03	1.553369e-05
2.220040e+03	1.396642e-05
2.227740e+03	1.246098e-05
2.235290e+03	1.132106e-05
2.243320e+03	1.032114e-05
2.251640e+03	9.493815e-06
2.259430e+03	8.838018e-06
2.269690e+03	8.131174e-06
2.282380e+03	7.423121e-06
2.294370e+03	6.878108e-06
2.308550e+03	6.342219e-06
2.325780e+03	5.819064e-06
2.346100e+03	5.321242e-06
2.378190e+03	4.796253e-06
2.418660e+03	4.339767e-06
2.457900e+03	3.997076e-06
2.495560e+03	3.733425e-06
2.535470e+03	3.504305e-06
2.578230e+03	3.303212e-06
2.628320e+03	3.113877e-06
2.688100e+03	2.927976e-06
2.761490e+03	2.741173e-06
2.844400e+03	2.569184e-06
2.970760e+03	2.362664e-06
3.133790e+03	2.160457e-06
3.424990e+03	1.905297e-06
3.752710e+03	1.706740e-06
4.295860e+03	1.484608e-06
4.968640e+03	1.302116e-06
5.762830e+03	1.153196e-06
7.360820e+03	9.593023e-07
8.974240e+03	8.314873e-07
1.159620e+04	6.926275e-07
1.539200e+04	5.633101e-07
2.113310e+04	4.405047e-07
2.667660e+04	3.625037e-07
3.607950e+04	2.744864e-07
4.700930e+04	2.088609e-07
6.808440e+04	1.339899e-07
