-1.000000e+02	2.247948e+11
-9.000000e+01	2.154928e+11
-8.000000e+01	2.156439e+11
-7.000000e+01	2.151337e+11
-6.000000e+01	2.137947e+11
-5.000000e+01	2.117152e+11
-4.000000e+01	2.089633e+11
-3.000000e+01	2.062582e+11
-2.000000e+01	2.020153e+11
-1.000000e+01	1.969961e+11
0.000000e+00	1.907384e+11
1.000000e+01	1.839814e+11
2.000000e+01	1.767627e+11
3.500000e+01	1.654273e+11
5.000000e+01	1.533209e+11
7.500000e+01	1.325367e+11
1.000000e+02	1.125979e+11
1.250000e+02	9.433698e+10
1.500000e+02	7.810647e+10
1.750000e+02	6.434347e+10
2.000000e+02	5.284476e+10
2.500000e+02	3.553126e+10
3.000000e+02	2.355950e+10
3.500000e+02	1.543168e+10
4.000000e+02	9.972452e+09
4.500000e+02	6.379179e+09
4.900000e+02	4.483267e+09
5.250000e+02	3.295479e+09
5.600000e+02	2.419513e+09
6.150000e+02	1.477490e+09
6.600000e+02	9.736890e+08
7.000000e+02	6.629948e+08
7.500000e+02	4.097962e+08
8.000000e+02	2.554021e+08
8.540000e+02	1.554312e+08
9.000000e+02	1.042318e+08
9.460000e+02	7.168204e+07
9.710000e+02	5.889303e+07
1.003000e+03	4.635197e+07
1.032000e+03	3.758237e+07
1.065000e+03	2.978514e+07
1.101000e+03	2.325414e+07
1.143000e+03	1.756606e+07
1.214000e+03	1.108743e+07
1.299000e+03	6.458192e+06
1.398000e+03	3.453360e+06
1.520000e+03	1.627992e+06
1.617000e+03	9.205849e+05
1.722000e+03	5.075953e+05
1.820000e+03	3.014606e+05
1.894000e+03	2.047917e+05
1.946000e+03	1.586438e+05
1.989000e+03	1.297033e+05
2.024000e+03	1.108649e+05
2.055000e+03	9.697919e+04
2.083000e+03	8.524801e+04
2.098000e+03	7.938293e+04
2.110000e+03	7.513101e+04
2.120000e+03	7.168571e+04
2.126000e+03	6.957461e+04
2.130000e+03	6.818211e+04
2.132000e+03	6.731178e+04
2.134000e+03	6.612406e+04
2.136000e+03	6.452658e+04
2.138000e+03	6.192547e+04
2.141930e+03	5.601322e+04
2.145160e+03	4.785388e+04
2.147050e+03	3.736952e+04
2.148650e+03	2.925922e+04
2.150120e+03	2.235074e+04
2.151160e+03	1.853360e+04
2.152030e+03	1.607265e+04
2.152870e+03	1.413399e+04
2.153480e+03	1.282763e+04
2.154070e+03	1.170694e+04
2.154730e+03	1.068334e+04
2.155500e+03	9.745264e+03
2.156160e+03	9.082592e+03
2.156820e+03	8.514270e+03
2.157570e+03	7.976044e+03
2.158210e+03	7.590424e+03
2.158840e+03	7.260893e+03
2.159420e+03	6.990849e+03
2.160010e+03	6.753078e+03
2.160630e+03	6.527157e+03
2.161260e+03	6.322113e+03
2.162290e+03	6.032304e+03
2.163290e+03	5.789630e+03
2.164560e+03	5.527621e+03
2.166030e+03	5.270932e+03
2.167690e+03	5.026413e+03
2.169990e+03	4.746273e+03
2.172320e+03	4.511628e+03
2.175280e+03	4.262936e+03
2.178740e+03	4.024054e+03
2.182440e+03	3.811317e+03
2.186080e+03	3.634994e+03
2.191460e+03	3.418024e+03
2.196520e+03	3.249061e+03
2.201920e+03	3.095028e+03
2.207660e+03	2.957361e+03
2.213740e+03	2.830352e+03
2.220040e+03	2.717300e+03
2.227740e+03	2.596988e+03
2.235290e+03	2.496143e+03
2.243320e+03	2.399727e+03
2.251640e+03	2.313328e+03
2.259430e+03	2.240000e+03
2.269690e+03	2.155397e+03
2.282380e+03	2.064196e+03
2.294370e+03	1.988784e+03
2.308550e+03	1.909754e+03
2.325780e+03	1.827142e+03
2.346100e+03	1.742933e+03
2.378190e+03	1.632735e+03
2.418660e+03	1.522623e+03
2.457900e+03	1.435889e+03
2.495560e+03	1.366551e+03
2.535470e+03	1.304318e+03
2.578230e+03	1.248366e+03
2.628320e+03	1.194912e+03
2.688100e+03	1.140774e+03
2.761490e+03	1.084651e+03
2.844400e+03	1.031377e+03
2.970760e+03	9.652671e+02
3.133790e+03	8.981573e+02
3.424990e+03	8.098897e+02
3.752710e+03	7.382872e+02
4.295860e+03	6.549547e+02
4.968640e+03	5.838176e+02
5.762830e+03	5.239051e+02
7.360820e+03	4.432777e+02
8.974240e+03	3.885031e+02
1.159620e+04	3.274898e+02
1.539200e+04	2.692718e+02
2.113310e+04	2.127506e+02
2.667660e+04	1.762323e+02
3.607950e+04	1.344551e+02
4.700930e+04	1.029109e+02
6.808440e+04	6.650100e+01
