-1.000000e+02	6.089601e+13
-9.000000e+01	5.874086e+13
-8.000000e+01	5.917899e+13
-7.000000e+01	5.943321e+13
-6.000000e+01	5.941646e+13
-5.000000e+01	5.915368e+13
-4.000000e+01	5.866820e+13
-3.000000e+01	5.819034e+13
-2.000000e+01	5.722195e+13
-1.000000e+01	5.601392e+13
0.000000e+00	5.440379e+13
1.000000e+01	5.264144e+13
2.000000e+01	5.072820e+13
3.500000e+01	4.770596e+13
5.000000e+01	4.443277e+13
7.500000e+01	3.872486e+13
1.000000e+02	3.327080e+13
1.250000e+02	2.825011e+13
1.500000e+02	2.376726e+13
1.750000e+02	1.975459e+13
2.000000e+02	1.630972e+13
2.500000e+02	1.093636e+13
3.000000e+02	7.248317e+12
3.500000e+02	4.755340e+12
4.000000e+02	3.091826e+12
4.500000e+02	1.987543e+12
4.900000e+02	1.376677e+12
5.250000e+02	9.914325e+11
5.600000e+02	7.106481e+11
6.150000e+02	4.169567e+11
6.600000e+02	2.682118e+11
7.000000e+02	1.802866e+11
7.500000e+02	1.107541e+11
8.000000e+02	6.883987e+10
8.540000e+02	4.174559e+10
9.000000e+02	2.780466e+10
9.460000e+02	1.885599e+10
9.710000e+02	1.529616e+10
1.003000e+03	1.181405e+10
1.032000e+03	9.390736e+09
1.065000e+03	7.252037e+09
1.101000e+03	5.497410e+09
1.143000e+03	4.013636e+09
1.214000e+03	2.410694e+09
1.299000e+03	1.339299e+09
1.398000e+03	6.939489e+08
1.520000e+03	2.961897e+08
1.617000e+03	1.485116e+08
1.722000e+03	6.872995e+07
1.820000e+03	3.031736e+07
1.894000e+03	1.559986e+07
1.946000e+03	8.726895e+06
1.989000e+03	4.700789e+06
2.024000e+03	2.346141e+06
2.055000e+03	8.254902e+05
2.083000e+03	2.872232e+05
2.098000e+03	1.781890e+05
2.110000e+03	8.681058e+04
2.120000e+03	6.296566e+04
2.126000e+03	5.223366e+04
2.130000e+03	2.469016e+04
2.132000e+03	1.875269e+04
2.134000e+03	1.338369e+04
2.136000e+03	8.736494e+03
2.138000e+03	4.386471e+03
2.141930e+03	1.016311e+03
2.145160e+03	1.761736e+02
2.147050e+03	1.641476e+01
2.148650e+03	2.150456e+00
2.150120e+03	4.288153e-01
2.151160e+03	1.566394e-01
2.152030e+03	8.585741e-02
2.152870e+03	5.112998e-02
2.153480e+03	3.656195e-02
2.154070e+03	2.824436e-02
2.154730e+03	2.261123e-02
2.155500e+03	1.856717e-02
2.156160e+03	1.618136e-02
2.156820e+03	1.421464e-02
2.157570e+03	1.125935e-02
2.158210e+03	9.646286e-03
2.158840e+03	8.502386e-03
2.159420e+03	7.690781e-03
2.160010e+03	7.053327e-03
2.160630e+03	6.504649e-03
2.161260e+03	6.048499e-03
2.162290e+03	5.462636e-03
2.163290e+03	5.018207e-03
2.164560e+03	4.579247e-03
2.166030e+03	3.565102e-03
2.167690e+03	2.729686e-03
2.169990e+03	2.102610e-03
2.172320e+03	1.731351e-03
2.175280e+03	1.432754e-03
2.178740e+03	1.208288e-03
2.182440e+03	1.045162e-03
2.186080e+03	9.299512e-04
2.191460e+03	8.077639e-04
2.196520e+03	7.247885e-04
2.201920e+03	6.568535e-04
2.207660e+03	6.014926e-04
2.213740e+03	5.543543e-04
2.220040e+03	5.152370e-04
2.227740e+03	4.762572e-04
2.235290e+03	4.455029e-04
2.243320e+03	4.176009e-04
2.251640e+03	3.937552e-04
2.259430e+03	3.743203e-04
2.269690e+03	3.527600e-04
2.282380e+03	3.304913e-04
2.294370e+03	3.127957e-04
2.308550e+03	2.949095e-04
2.325780e+03	2.768940e-04
2.346100e+03	2.592083e-04
2.378190e+03	2.408694e-04
2.418660e+03	2.246157e-04
2.457900e+03	2.118140e-04
2.495560e+03	2.015806e-04
2.535470e+03	1.923963e-04
2.578230e+03	1.841392e-04
2.628320e+03	1.762510e-04
2.688100e+03	1.682623e-04
2.761490e+03	1.599809e-04
2.844400e+03	1.521204e-04
2.970760e+03	1.423665e-04
3.133790e+03	1.324655e-04
3.424990e+03	1.194439e-04
3.752710e+03	1.088814e-04
4.295860e+03	9.658924e-05
4.968640e+03	8.609658e-05
5.762830e+03	7.725987e-05
7.360820e+03	6.536840e-05
8.974240e+03	5.729021e-05
1.159620e+04	4.829223e-05
1.539200e+04	3.970676e-05
2.113310e+04	3.137173e-05
2.667660e+04	2.598662e-05
3.607950e+04	1.982611e-05
4.700930e+04	1.517464e-05
6.808440e+04	9.805757e-06
