-1.000000e+02	1.543848e+12
-9.000000e+01	1.172071e+12
-8.000000e+01	8.851928e+11
-7.000000e+01	6.259337e+11
-6.000000e+01	4.249065e+11
-5.000000e+01	2.791087e+11
-4.000000e+01	1.793970e+11
-3.000000e+01	1.111833e+11
-2.000000e+01	7.175678e+10
-1.000000e+01	4.639458e+10
0.000000e+00	3.149901e+10
1.000000e+01	2.131681e+10
2.000000e+01	1.467278e+10
3.500000e+01	8.446538e+09
5.000000e+01	5.130148e+09
7.500000e+01	2.518499e+09
1.000000e+02	1.267208e+09
1.250000e+02	6.615152e+08
1.500000e+02	3.511075e+08
1.750000e+02	2.162867e+08
2.000000e+02	1.414926e+08
2.500000e+02	7.248119e+07
3.000000e+02	3.570812e+07
3.500000e+02	1.675064e+07
4.000000e+02	7.293133e+06
4.500000e+02	3.171852e+06
4.900000e+02	2.064382e+06
5.250000e+02	1.628051e+06
5.600000e+02	1.453346e+06
6.150000e+02	1.820034e+06
6.600000e+02	3.153565e+06
7.000000e+02	7.456748e+06
7.500000e+02	2.083466e+07
8.000000e+02	5.361374e+07
8.540000e+02	1.420594e+08
9.000000e+02	2.747883e+08
9.460000e+02	4.505483e+08
9.710000e+02	5.647208e+08
1.003000e+03	6.686465e+08
1.032000e+03	7.300085e+08
1.065000e+03	7.688440e+08
1.101000e+03	7.648324e+08
1.143000e+03	7.168749e+08
1.214000e+03	5.753258e+08
1.299000e+03	4.002395e+08
1.398000e+03	2.361437e+08
1.520000e+03	1.422960e+08
1.617000e+03	9.944172e+07
1.722000e+03	6.801592e+07
1.820000e+03	5.090203e+07
1.894000e+03	3.957873e+07
1.946000e+03	3.401632e+07
1.989000e+03	3.023624e+07
2.024000e+03	2.752666e+07
2.055000e+03	2.532021e+07
2.083000e+03	2.270049e+07
2.098000e+03	2.123296e+07
2.110000e+03	2.017778e+07
2.120000e+03	1.927345e+07
2.126000e+03	1.871503e+07
2.130000e+03	1.836552e+07
2.132000e+03	1.813770e+07
2.134000e+03	1.782320e+07
2.136000e+03	1.739719e+07
2.138000e+03	1.670003e+07
2.141930e+03	1.510863e+07
2.145160e+03	1.290867e+07
2.147050e+03	1.008024e+07
2.148650e+03	7.892384e+06
2.150120e+03	6.028986e+06
2.151160e+03	4.999270e+06
2.152030e+03	4.335631e+06
2.152870e+03	3.812692e+06
2.153480e+03	3.460404e+06
2.154070e+03	3.158056e+06
2.154730e+03	2.881891e+06
2.155500e+03	2.628831e+06
2.156160e+03	2.450071e+06
2.156820e+03	2.296760e+06
2.157570e+03	2.151572e+06
2.158210e+03	2.047550e+06
2.158840e+03	1.958658e+06
2.159420e+03	1.885812e+06
2.160010e+03	1.821673e+06
2.160630e+03	1.760729e+06
2.161260e+03	1.705418e+06
2.162290e+03	1.627241e+06
2.163290e+03	1.561778e+06
2.164560e+03	1.491100e+06
2.166030e+03	1.421857e+06
2.167690e+03	1.355897e+06
2.169990e+03	1.280328e+06
2.172320e+03	1.217032e+06
2.175280e+03	1.149946e+06
2.178740e+03	1.085506e+06
2.182440e+03	1.028120e+06
2.186080e+03	9.805557e+05
2.191460e+03	9.220271e+05
2.196520e+03	8.764487e+05
2.201920e+03	8.348977e+05
2.207660e+03	7.977614e+05
2.213740e+03	7.634999e+05
2.220040e+03	7.330038e+05
2.227740e+03	7.005491e+05
2.235290e+03	6.733456e+05
2.243320e+03	6.473370e+05
2.251640e+03	6.240306e+05
2.259430e+03	6.042499e+05
2.269690e+03	5.814280e+05
2.282380e+03	5.568262e+05
2.294370e+03	5.364833e+05
2.308550e+03	5.151647e+05
2.325780e+03	4.928796e+05
2.346100e+03	4.701640e+05
2.378190e+03	4.404376e+05
2.418660e+03	4.107343e+05
2.457900e+03	3.873373e+05
2.495560e+03	3.686332e+05
2.535470e+03	3.518457e+05
2.578230e+03	3.367522e+05
2.628320e+03	3.223329e+05
2.688100e+03	3.077289e+05
2.761490e+03	2.925894e+05
2.844400e+03	2.782184e+05
2.970760e+03	2.603851e+05
3.133790e+03	2.422819e+05
3.424990e+03	2.184713e+05
3.752710e+03	1.991563e+05
4.295860e+03	1.766769e+05
4.968640e+03	1.574874e+05
5.762830e+03	1.413257e+05
7.360820e+03	1.195761e+05
8.974240e+03	1.048004e+05
1.159620e+04	8.834183e+04
1.539200e+04	7.263727e+04
2.113310e+04	5.739041e+04
2.667660e+04	4.753945e+04
3.607950e+04	3.626987e+04
4.700930e+04	2.776066e+04
6.808440e+04	1.793894e+04
