-1.000000e+02	7.243186e+11
-9.000000e+01	7.515456e+11
-8.000000e+01	8.255499e+11
-7.000000e+01	9.141322e+11
-6.000000e+01	1.007525e+12
-5.000000e+01	1.100717e+12
-4.000000e+01	1.187486e+12
-3.000000e+01	1.272860e+12
-2.000000e+01	1.326323e+12
-1.000000e+01	1.361958e+12
0.000000e+00	1.369401e+12
1.000000e+01	1.364686e+12
2.000000e+01	1.346589e+12
3.500000e+01	1.303296e+12
5.000000e+01	1.238816e+12
7.500000e+01	1.103385e+12
1.000000e+02	9.631864e+11
1.250000e+02	8.270275e+11
1.500000e+02	7.015116e+11
1.750000e+02	5.853924e+11
2.000000e+02	4.845113e+11
2.500000e+02	3.255029e+11
3.000000e+02	2.161712e+11
3.500000e+02	1.421201e+11
4.000000e+02	9.261541e+10
4.500000e+02	5.964276e+10
4.900000e+02	4.130047e+10
5.250000e+02	2.970575e+10
5.600000e+02	2.123738e+10
6.150000e+02	1.231075e+10
6.600000e+02	7.671652e+09
7.000000e+02	4.699811e+09
7.500000e+02	2.202571e+09
8.000000e+02	8.435103e+08
8.540000e+02	2.516572e+08
9.000000e+02	9.201359e+07
9.460000e+02	3.626882e+07
9.710000e+02	2.245622e+07
1.003000e+03	1.321900e+07
1.032000e+03	8.571011e+06
1.065000e+03	5.424468e+06
1.101000e+03	3.467059e+06
1.143000e+03	2.153888e+06
1.214000e+03	1.062092e+06
1.299000e+03	5.046668e+05
1.398000e+03	2.397466e+05
1.520000e+03	8.115631e+04
1.617000e+03	3.327077e+04
1.722000e+03	1.253713e+04
1.820000e+03	4.429550e+03
1.894000e+03	2.007141e+03
1.946000e+03	1.019604e+03
1.989000e+03	5.098703e+02
2.024000e+03	2.407157e+02
2.055000e+03	8.114254e+01
2.083000e+03	2.803797e+01
2.098000e+03	1.727130e+01
2.110000e+03	8.472270e+00
2.120000e+03	6.169495e+00
2.126000e+03	5.201982e+00
2.130000e+03	2.598013e+00
2.132000e+03	1.997923e+00
2.134000e+03	1.495945e+00
2.136000e+03	1.068904e+00
2.138000e+03	6.468448e-01
2.141930e+03	2.366801e-01
2.145160e+03	7.519313e-02
2.147050e+03	1.417826e-02
2.148650e+03	3.315424e-03
2.150120e+03	1.052970e-03
2.151160e+03	5.274620e-04
2.152030e+03	3.676452e-04
2.152870e+03	2.698492e-04
2.153480e+03	2.198821e-04
2.154070e+03	1.897619e-04
2.154730e+03	1.698263e-04
2.155500e+03	1.555591e-04
2.156160e+03	1.466311e-04
2.156820e+03	1.384420e-04
2.157570e+03	1.169849e-04
2.158210e+03	1.050293e-04
2.158840e+03	9.640404e-05
2.159420e+03	9.015118e-05
2.160010e+03	8.515114e-05
2.160630e+03	8.075267e-05
2.161260e+03	7.702798e-05
2.162290e+03	7.213665e-05
2.163290e+03	6.830101e-05
2.164560e+03	6.440309e-05
2.166030e+03	5.225693e-05
2.167690e+03	4.115480e-05
2.169990e+03	3.277406e-05
2.172320e+03	2.776390e-05
2.175280e+03	2.368194e-05
2.178740e+03	2.056253e-05
2.182440e+03	1.825502e-05
2.186080e+03	1.659661e-05
2.191460e+03	1.480203e-05
2.196520e+03	1.355682e-05
2.201920e+03	1.251754e-05
2.207660e+03	1.165407e-05
2.213740e+03	1.090679e-05
2.220040e+03	1.027498e-05
2.227740e+03	9.635478e-06
2.235290e+03	9.121053e-06
2.243320e+03	8.647177e-06
2.251640e+03	8.236104e-06
2.259430e+03	7.896793e-06
2.269690e+03	7.515249e-06
2.282380e+03	7.115614e-06
2.294370e+03	6.793201e-06
2.308550e+03	6.463128e-06
2.325780e+03	6.125689e-06
2.346100e+03	5.789549e-06
2.378190e+03	5.443397e-06
2.418660e+03	5.139298e-06
2.457900e+03	4.893533e-06
2.495560e+03	4.693036e-06
2.535470e+03	4.510041e-06
2.578230e+03	4.343561e-06
2.628320e+03	4.183592e-06
2.688100e+03	4.018922e-06
2.761490e+03	3.845449e-06
2.844400e+03	3.678213e-06
2.970760e+03	3.467231e-06
3.133790e+03	3.249215e-06
3.424990e+03	2.956647e-06
3.752710e+03	2.714588e-06
4.295860e+03	2.427621e-06
4.968640e+03	2.178311e-06
5.762830e+03	1.965326e-06
7.360820e+03	1.674447e-06
8.974240e+03	1.474210e-06
1.159620e+04	1.248740e-06
1.539200e+04	1.031347e-06
2.113310e+04	8.183042e-07
2.667660e+04	6.796670e-07
3.607950e+04	5.201512e-07
4.700930e+04	3.990754e-07
6.808440e+04	2.586492e-07
