-1.000000e+02	3.176116e+11
-9.000000e+01	1.375212e+10
-8.000000e+01	1.485398e+10
-7.000000e+01	1.612891e+10
-6.000000e+01	1.754873e+10
-5.000000e+01	1.911210e+10
-4.000000e+01	2.081084e+10
-3.000000e+01	2.268990e+10
-2.000000e+01	2.459438e+10
-1.000000e+01	2.660397e+10
0.000000e+00	2.861257e+10
1.000000e+01	3.073197e+10
2.000000e+01	3.291527e+10
3.500000e+01	3.635444e+10
5.000000e+01	3.985379e+10
7.500000e+01	4.575320e+10
1.000000e+02	5.199177e+10
1.250000e+02	5.852200e+10
1.500000e+02	6.534977e+10
1.750000e+02	7.210316e+10
2.000000e+02	7.890342e+10
2.500000e+02	9.213080e+10
3.000000e+02	1.045506e+11
3.500000e+02	1.147915e+11
4.000000e+02	1.213504e+11
4.500000e+02	1.227353e+11
4.900000e+02	1.193377e+11
5.250000e+02	1.134420e+11
5.600000e+02	1.052905e+11
6.150000e+02	8.912983e+10
6.600000e+02	7.442627e+10
7.000000e+02	6.119471e+10
7.500000e+02	4.632769e+10
8.000000e+02	3.402190e+10
8.540000e+02	2.378972e+10
9.000000e+02	1.750331e+10
9.460000e+02	1.296414e+10
9.710000e+02	1.101802e+10
1.003000e+03	9.004472e+09
1.032000e+03	7.518649e+09
1.065000e+03	6.131996e+09
1.101000e+03	4.915505e+09
1.143000e+03	3.809413e+09
1.214000e+03	2.484709e+09
1.299000e+03	1.487602e+09
1.398000e+03	8.118732e+08
1.520000e+03	3.809868e+08
1.617000e+03	2.109095e+08
1.722000e+03	1.121248e+08
1.820000e+03	6.310396e+07
1.894000e+03	4.120581e+07
1.946000e+03	3.080096e+07
1.989000e+03	2.436356e+07
2.024000e+03	2.023581e+07
2.055000e+03	1.723377e+07
2.083000e+03	1.497077e+07
2.098000e+03	1.390428e+07
2.110000e+03	1.312115e+07
2.120000e+03	1.250929e+07
2.126000e+03	1.213081e+07
2.130000e+03	1.186059e+07
2.132000e+03	1.169168e+07
2.134000e+03	1.144827e+07
2.136000e+03	1.110124e+07
2.138000e+03	1.047597e+07
2.141930e+03	8.797652e+06
2.145160e+03	6.714609e+06
2.147050e+03	5.392313e+06
2.148650e+03	4.537807e+06
2.150120e+03	3.804208e+06
2.151160e+03	3.305318e+06
2.152030e+03	2.919959e+06
2.152870e+03	2.584891e+06
2.153480e+03	2.369346e+06
2.154070e+03	2.184026e+06
2.154730e+03	1.995095e+06
2.155500e+03	1.810192e+06
2.156160e+03	1.677311e+06
2.156820e+03	1.563071e+06
2.157570e+03	1.454928e+06
2.158210e+03	1.378424e+06
2.158840e+03	1.313361e+06
2.159420e+03	1.260266e+06
2.160010e+03	1.213682e+06
2.160630e+03	1.169581e+06
2.161260e+03	1.129682e+06
2.162290e+03	1.073494e+06
2.163290e+03	1.026662e+06
2.164560e+03	9.763000e+05
2.166030e+03	9.271689e+05
2.167690e+03	8.805704e+05
2.169990e+03	8.274297e+05
2.172320e+03	7.831197e+05
2.175280e+03	7.363617e+05
2.178740e+03	6.916470e+05
2.182440e+03	6.519850e+05
2.186080e+03	6.192243e+05
2.191460e+03	5.790582e+05
2.196520e+03	5.488332e+05
2.201920e+03	5.239558e+05
2.207660e+03	5.012085e+05
2.213740e+03	4.798656e+05
2.220040e+03	4.606526e+05
2.227740e+03	4.400172e+05
2.235290e+03	4.226269e+05
2.243320e+03	4.059388e+05
2.251640e+03	3.909555e+05
2.259430e+03	3.782278e+05
2.269690e+03	3.635462e+05
2.282380e+03	3.477304e+05
2.294370e+03	3.346757e+05
2.308550e+03	3.210186e+05
2.325780e+03	3.067783e+05
2.346100e+03	2.930341e+05
2.378190e+03	2.755488e+05
2.418660e+03	2.577001e+05
2.457900e+03	2.434612e+05
2.495560e+03	2.319949e+05
2.535470e+03	2.228366e+05
2.578230e+03	2.144470e+05
2.628320e+03	2.060518e+05
2.688100e+03	1.979108e+05
2.761490e+03	1.890041e+05
2.844400e+03	1.802466e+05
2.970760e+03	1.696872e+05
3.133790e+03	1.586448e+05
3.424990e+03	1.437553e+05
3.752710e+03	1.315128e+05
4.295860e+03	1.167686e+05
4.968640e+03	1.041033e+05
5.762830e+03	9.342280e+04
7.360820e+03	7.904552e+04
8.974240e+03	6.927811e+04
1.159620e+04	5.839819e+04
1.539200e+04	4.801673e+04
2.113310e+04	3.793782e+04
2.667660e+04	3.142586e+04
3.607950e+04	2.397612e+04
4.700930e+04	1.835113e+04
6.808440e+04	1.185850e+04
