-1.000000e+02	1.117386e+10
-9.000000e+01	4.866325e+08
-8.000000e+01	5.254252e+08
-7.000000e+01	5.702427e+08
-6.000000e+01	6.200765e+08
-5.000000e+01	6.748545e+08
-4.000000e+01	7.342647e+08
-3.000000e+01	7.998273e+08
-2.000000e+01	8.660973e+08
-1.000000e+01	9.358051e+08
0.000000e+00	1.005356e+09
1.000000e+01	1.078541e+09
2.000000e+01	1.153751e+09
3.500000e+01	1.271786e+09
5.000000e+01	1.391429e+09
7.500000e+01	1.591871e+09
1.000000e+02	1.800056e+09
1.250000e+02	2.009084e+09
1.500000e+02	2.212326e+09
1.750000e+02	2.400026e+09
2.000000e+02	2.572067e+09
2.500000e+02	2.859813e+09
3.000000e+02	3.017999e+09
3.500000e+02	2.986427e+09
4.000000e+02	2.737347e+09
4.500000e+02	2.343745e+09
4.900000e+02	2.101184e+09
5.250000e+02	1.939903e+09
5.600000e+02	1.817031e+09
6.150000e+02	1.745189e+09
6.600000e+02	1.730947e+09
7.000000e+02	1.710553e+09
7.500000e+02	1.494668e+09
8.000000e+02	1.164418e+09
8.540000e+02	8.284726e+08
9.000000e+02	6.120104e+08
9.460000e+02	4.543549e+08
9.710000e+02	3.865569e+08
1.003000e+03	3.162395e+08
1.032000e+03	2.643052e+08
1.065000e+03	2.157582e+08
1.101000e+03	1.731046e+08
1.143000e+03	1.343279e+08
1.214000e+03	8.778849e+07
1.299000e+03	5.266360e+07
1.398000e+03	2.877839e+07
1.520000e+03	1.351266e+07
1.617000e+03	7.481993e+06
1.722000e+03	3.978084e+06
1.820000e+03	2.239018e+06
1.894000e+03	1.462086e+06
1.946000e+03	1.092912e+06
1.989000e+03	8.645020e+05
2.024000e+03	7.180409e+05
2.055000e+03	6.115207e+05
2.083000e+03	5.312226e+05
2.098000e+03	4.933804e+05
2.110000e+03	4.655925e+05
2.120000e+03	4.438818e+05
2.126000e+03	4.304524e+05
2.130000e+03	4.208645e+05
2.132000e+03	4.148713e+05
2.134000e+03	4.062349e+05
2.136000e+03	3.939222e+05
2.138000e+03	3.717376e+05
2.141930e+03	3.121867e+05
2.145160e+03	2.382711e+05
2.147050e+03	1.913458e+05
2.148650e+03	1.610270e+05
2.150120e+03	1.350237e+05
2.151160e+03	1.173769e+05
2.152030e+03	1.037857e+05
2.152870e+03	9.201068e+04
2.153480e+03	8.446230e+04
2.154070e+03	7.798843e+04
2.154730e+03	7.140517e+04
2.155500e+03	6.498106e+04
2.156160e+03	6.037481e+04
2.156820e+03	5.642181e+04
2.157570e+03	5.268835e+04
2.158210e+03	5.002755e+04
2.158840e+03	4.776427e+04
2.159420e+03	4.591687e+04
2.160010e+03	4.429586e+04
2.160630e+03	4.276035e+04
2.161260e+03	4.137074e+04
2.162290e+03	3.941305e+04
2.163290e+03	3.777905e+04
2.164560e+03	3.602015e+04
2.166030e+03	3.430161e+04
2.167690e+03	3.266865e+04
2.169990e+03	3.080226e+04
2.172320e+03	2.924203e+04
2.175280e+03	2.759062e+04
2.178740e+03	2.600575e+04
2.182440e+03	2.459487e+04
2.186080e+03	2.342540e+04
2.191460e+03	2.198574e+04
2.196520e+03	2.087154e+04
2.201920e+03	1.987440e+04
2.207660e+03	1.897590e+04
2.213740e+03	1.814197e+04
2.220040e+03	1.739666e+04
2.227740e+03	1.660131e+04
2.235290e+03	1.593394e+04
2.243320e+03	1.529590e+04
2.251640e+03	1.472471e+04
2.259430e+03	1.424064e+04
2.269690e+03	1.368333e+04
2.282380e+03	1.308423e+04
2.294370e+03	1.259043e+04
2.308550e+03	1.207459e+04
2.325780e+03	1.153730e+04
2.346100e+03	1.099492e+04
2.378190e+03	1.029061e+04
2.418660e+03	9.588938e+03
2.457900e+03	9.037809e+03
2.495560e+03	8.598153e+03
2.535470e+03	8.210315e+03
2.578230e+03	7.861675e+03
2.628320e+03	7.527278e+03
2.688100e+03	7.191134e+03
2.761490e+03	6.840740e+03
2.844400e+03	6.506876e+03
2.970760e+03	6.094728e+03
3.133790e+03	5.674927e+03
3.424990e+03	5.121064e+03
3.752710e+03	4.671017e+03
4.295860e+03	4.144378e+03
4.968640e+03	3.694347e+03
5.762830e+03	3.315243e+03
7.360820e+03	2.805038e+03
8.974240e+03	2.458428e+03
1.159620e+04	2.072339e+03
1.539200e+04	1.703938e+03
2.113310e+04	1.346275e+03
2.667660e+04	1.115189e+03
3.607950e+04	8.508251e+02
4.700930e+04	6.512148e+02
6.808440e+04	4.208149e+02
