-1.000000e+02	1.000000e+00
-9.000000e+01	1.000000e+00
-8.000000e+01	1.000000e+00
-7.000000e+01	1.000000e+00
-6.000000e+01	1.000000e+00
-5.000000e+01	1.000000e+00
-4.000000e+01	1.000000e+00
-3.000000e+01	1.000000e+00
-2.000000e+01	1.000000e+00
-1.000000e+01	1.000000e+00
0.000000e+00	1.000000e+00
1.000000e+01	1.000000e+00
2.000000e+01	1.000000e+00
3.500000e+01	1.000000e+00
5.000000e+01	1.000000e+00
7.500000e+01	1.000000e+00
1.000000e+02	1.000000e+00
1.250000e+02	1.000000e+00
1.500000e+02	1.000000e+00
1.750000e+02	1.000000e+00
2.000000e+02	1.000000e+00
2.500000e+02	1.000000e+00
3.000000e+02	1.000000e+00
3.500000e+02	1.000000e+00
4.000000e+02	1.000000e+00
4.500000e+02	1.000000e+00
4.900000e+02	1.000000e+00
5.250000e+02	9.996259e-01
5.600000e+02	9.981489e-01
6.150000e+02	9.959033e-01
6.600000e+02	9.941816e-01
7.000000e+02	9.927086e-01
7.500000e+02	9.910927e-01
8.000000e+02	9.879049e-01
8.540000e+02	9.789092e-01
9.000000e+02	9.727915e-01
9.460000e+02	9.679611e-01
9.710000e+02	9.656864e-01
1.003000e+03	9.632301e-01
1.032000e+03	9.612873e-01
1.065000e+03	9.593146e-01
1.101000e+03	9.558603e-01
1.143000e+03	9.488813e-01
1.214000e+03	9.388063e-01
1.299000e+03	9.285983e-01
1.398000e+03	9.177212e-01
1.520000e+03	9.051444e-01
1.617000e+03	9.146067e-01
1.722000e+03	9.331073e-01
1.820000e+03	9.992277e-01
1.894000e+03	1.060563e+00
1.946000e+03	1.137777e+00
1.989000e+03	1.192967e+00
2.024000e+03	1.234901e+00
2.055000e+03	1.297334e+00
2.083000e+03	1.347901e+00
2.098000e+03	1.372984e+00
2.110000e+03	1.391965e+00
2.120000e+03	1.407204e+00
2.126000e+03	1.416947e+00
2.130000e+03	1.424094e+00
2.132000e+03	1.428724e+00
2.134000e+03	1.435602e+00
2.136000e+03	1.445453e+00
2.138000e+03	1.465637e+00
2.141930e+03	1.551849e+00
2.145160e+03	1.681182e+00
2.147050e+03	1.832335e+00
2.148650e+03	1.914074e+00
2.150120e+03	1.999833e+00
2.151160e+03	2.059195e+00
2.152030e+03	2.114523e+00
2.152870e+03	2.179826e+00
2.153480e+03	2.221639e+00
2.154070e+03	2.257345e+00
2.154730e+03	2.293446e+00
2.155500e+03	2.328551e+00
2.156160e+03	2.354202e+00
2.156820e+03	2.379073e+00
2.157570e+03	2.402650e+00
2.158210e+03	2.419497e+00
2.158840e+03	2.433878e+00
2.159420e+03	2.445636e+00
2.160010e+03	2.455977e+00
2.160630e+03	2.465781e+00
2.161260e+03	2.474673e+00
2.162290e+03	2.487237e+00
2.163290e+03	2.497730e+00
2.164560e+03	2.509054e+00
2.166030e+03	2.520137e+00
2.167690e+03	2.531064e+00
2.169990e+03	2.549815e+00
2.172320e+03	2.565518e+00
2.175280e+03	2.582156e+00
2.178740e+03	2.598133e+00
2.182440e+03	2.612366e+00
2.186080e+03	2.624166e+00
2.191460e+03	2.638682e+00
2.196520e+03	2.649981e+00
2.201920e+03	2.660278e+00
2.207660e+03	2.669459e+00
2.213740e+03	2.677930e+00
2.220040e+03	2.685438e+00
2.227740e+03	2.693417e+00
2.235290e+03	2.700059e+00
2.243320e+03	2.706392e+00
2.251640e+03	2.713132e+00
2.259430e+03	2.720476e+00
2.269690e+03	2.728902e+00
2.282380e+03	2.737946e+00
2.294370e+03	2.745375e+00
2.308550e+03	2.753128e+00
2.325780e+03	2.761171e+00
2.346100e+03	2.769319e+00
2.378190e+03	2.779889e+00
2.418660e+03	2.790318e+00
2.457900e+03	2.798449e+00
2.495560e+03	2.804885e+00
2.535470e+03	2.810609e+00
2.578230e+03	2.815715e+00
2.628320e+03	2.820964e+00
2.688100e+03	2.829302e+00
2.761490e+03	2.837845e+00
2.844400e+03	2.845872e+00
2.970760e+03	2.855731e+00
3.133790e+03	2.865676e+00
3.424990e+03	2.878787e+00
3.752710e+03	2.889668e+00
4.295860e+03	2.902910e+00
4.968640e+03	2.915016e+00
5.762830e+03	2.933120e+00
7.360820e+03	2.967931e+00
8.974240e+03	2.992910e+00
1.159620e+04	3.021602e+00
1.539200e+04	3.049502e+00
2.113310e+04	3.099589e+00
2.667660e+04	3.141242e+00
3.607950e+04	3.227787e+00
4.700930e+04	3.337554e+00
6.808440e+04	3.463879e+00
