-1.000000e+02	2.018245e+11
-9.000000e+01	5.803604e+10
-8.000000e+01	5.919409e+10
-7.000000e+01	6.067449e+10
-6.000000e+01	6.229149e+10
-5.000000e+01	6.398824e+10
-4.000000e+01	6.570373e+10
-3.000000e+01	6.756696e+10
-2.000000e+01	6.906605e+10
-1.000000e+01	7.043955e+10
0.000000e+00	7.141933e+10
1.000000e+01	7.230056e+10
2.000000e+01	7.299020e+10
3.500000e+01	7.378353e+10
5.000000e+01	7.405607e+10
7.500000e+01	7.348079e+10
1.000000e+02	7.230831e+10
1.250000e+02	7.067538e+10
1.500000e+02	6.876243e+10
1.750000e+02	6.635599e+10
2.000000e+02	6.379881e+10
2.500000e+02	5.842765e+10
3.000000e+02	5.334325e+10
3.500000e+02	4.857823e+10
4.000000e+02	4.413926e+10
4.500000e+02	3.991384e+10
4.900000e+02	3.645562e+10
5.250000e+02	3.348170e+10
5.600000e+02	3.060813e+10
6.150000e+02	2.624136e+10
6.600000e+02	2.289359e+10
7.000000e+02	2.002900e+10
7.500000e+02	1.688456e+10
8.000000e+02	1.417734e+10
8.540000e+02	1.168720e+10
9.000000e+02	9.993590e+09
9.460000e+02	8.656350e+09
9.710000e+02	8.026639e+09
1.003000e+03	7.346662e+09
1.032000e+03	6.808856e+09
1.065000e+03	6.262762e+09
1.101000e+03	5.732478e+09
1.143000e+03	5.189797e+09
1.214000e+03	4.406392e+09
1.299000e+03	3.612650e+09
1.398000e+03	2.833848e+09
1.520000e+03	2.052740e+09
1.617000e+03	1.567377e+09
1.722000e+03	1.150156e+09
1.820000e+03	8.491181e+08
1.894000e+03	6.669968e+08
1.946000e+03	5.608561e+08
1.989000e+03	4.849875e+08
2.024000e+03	4.307036e+08
2.055000e+03	3.877074e+08
2.083000e+03	3.528833e+08
2.098000e+03	3.356089e+08
2.110000e+03	3.225371e+08
2.120000e+03	3.120419e+08
2.126000e+03	3.053320e+08
2.130000e+03	3.004104e+08
2.132000e+03	2.972213e+08
2.134000e+03	2.924845e+08
2.136000e+03	2.857001e+08
2.138000e+03	2.737780e+08
2.141930e+03	2.446593e+08
2.145160e+03	2.009766e+08
2.147050e+03	1.499235e+08
2.148650e+03	1.223122e+08
2.150120e+03	1.023194e+08
2.151160e+03	8.893515e+07
2.152030e+03	7.863362e+07
2.152870e+03	6.970296e+07
2.153480e+03	6.398127e+07
2.154070e+03	5.909302e+07
2.154730e+03	5.414864e+07
2.155500e+03	4.933803e+07
2.156160e+03	4.589944e+07
2.156820e+03	4.295035e+07
2.157570e+03	4.015335e+07
2.158210e+03	3.815433e+07
2.158840e+03	3.644737e+07
2.159420e+03	3.505181e+07
2.160010e+03	3.382428e+07
2.160630e+03	3.266042e+07
2.161260e+03	3.160482e+07
2.162290e+03	3.011341e+07
2.163290e+03	2.886799e+07
2.164560e+03	2.752423e+07
2.166030e+03	2.620922e+07
2.167690e+03	2.495808e+07
2.169990e+03	2.352438e+07
2.172320e+03	2.232424e+07
2.175280e+03	2.105343e+07
2.178740e+03	1.983406e+07
2.182440e+03	1.874870e+07
2.186080e+03	1.784960e+07
2.191460e+03	1.674474e+07
2.196520e+03	1.588565e+07
2.201920e+03	1.510360e+07
2.207660e+03	1.440698e+07
2.213740e+03	1.376487e+07
2.220040e+03	1.319639e+07
2.227740e+03	1.259277e+07
2.235290e+03	1.209079e+07
2.243320e+03	1.161272e+07
2.251640e+03	1.118628e+07
2.259430e+03	1.082473e+07
2.269690e+03	1.041027e+07
2.282380e+03	9.965886e+06
2.294370e+03	9.601222e+06
2.308550e+03	9.221038e+06
2.325780e+03	8.827082e+06
2.346100e+03	8.428457e+06
2.378190e+03	7.912135e+06
2.418660e+03	7.403629e+06
2.457900e+03	7.007894e+06
2.495560e+03	6.695121e+06
2.535470e+03	6.417340e+06
2.578230e+03	6.169724e+06
2.628320e+03	5.934327e+06
2.688100e+03	5.695044e+06
2.761490e+03	5.450042e+06
2.844400e+03	5.220054e+06
2.970760e+03	4.937893e+06
3.133790e+03	4.653706e+06
3.424990e+03	4.279899e+06
3.752710e+03	3.970604e+06
4.295860e+03	3.595578e+06
4.968640e+03	3.254325e+06
5.762830e+03	2.952849e+06
7.360820e+03	2.526463e+06
8.974240e+03	2.222317e+06
1.159620e+04	1.874862e+06
1.539200e+04	1.538995e+06
2.113310e+04	1.213322e+06
2.667660e+04	1.003490e+06
3.607950e+04	7.670908e+05
4.700930e+04	5.901034e+05
6.808440e+04	3.828925e+05
