2.054676e+05
2.050237e+05
2.045652e+05
2.040898e+05
2.035960e+05
2.030827e+05
2.025487e+05
2.019942e+05
2.014206e+05
2.008292e+05
2.002213e+05
1.995976e+05
1.986340e+05
1.976400e+05
1.959309e+05
1.941681e+05
1.923601e+05
1.905131e+05
1.886356e+05
1.867356e+05
1.828862e+05
1.789761e+05
1.749982e+05
1.709429e+05
1.668040e+05
1.634437e+05
1.604833e+05
1.575146e+05
1.528668e+05
1.491123e+05
1.458479e+05
1.419024e+05
1.381234e+05
1.342509e+05
1.311197e+05
1.281121e+05
1.265196e+05
1.245130e+05
1.227153e+05
1.206855e+05
1.184835e+05
1.159207e+05
1.115743e+05
1.063242e+05
1.001402e+05
9.245063e+04
8.632536e+04
7.973378e+04
7.367440e+04
6.919776e+04
6.612159e+04
6.363011e+04
6.164132e+04
5.991160e+04
5.837651e+04
5.756520e+04
5.692191e+04
5.638998e+04
5.607306e+04
5.586314e+04
5.575881e+04
5.565536e+04
5.555341e+04
5.545421e+04
5.527146e+04
5.513820e+04
5.507333e+04
5.502913e+04
5.499564e+04
5.497546e+04
5.496065e+04
5.494798e+04
5.493966e+04
5.493223e+04
5.492455e+04
5.491634e+04
5.490984e+04
5.490376e+04
5.489729e+04
5.489208e+04
5.488719e+04
5.488287e+04
5.487864e+04
5.487434e+04
5.487012e+04
5.486350e+04
5.485736e+04
5.484990e+04
5.484167e+04
5.483282e+04
5.482121e+04
5.481009e+04
5.479673e+04
5.478201e+04
5.476714e+04
5.475325e+04
5.473382e+04
5.471656e+04
5.469903e+04
5.468124e+04
5.466321e+04
5.464529e+04
5.462428e+04
5.460449e+04
5.458422e+04
5.456394e+04
5.454555e+04
5.452208e+04
5.449408e+04
5.446855e+04
5.443933e+04
5.440507e+04
5.436613e+04
5.430727e+04
5.423667e+04
5.417121e+04
5.411055e+04
5.404810e+04
5.398285e+04
5.390809e+04
5.382067e+04
5.371530e+04
5.359810e+04
5.342174e+04
5.319618e+04
5.279351e+04
5.233671e+04
5.156853e+04
5.060568e+04
4.947281e+04
4.727766e+04
4.521692e+04
4.221592e+04
3.850497e+04
3.392377e+04
3.033200e+04
2.547828e+04
2.116859e+04
1.530978e+04
