2.053186e+05
2.047222e+05
2.041065e+05
2.034687e+05
2.028067e+05
2.021192e+05
2.014046e+05
2.006634e+05
1.998971e+05
1.991080e+05
1.982977e+05
1.974672e+05
1.961858e+05
1.948663e+05
1.926029e+05
1.902754e+05
1.878960e+05
1.854733e+05
1.830189e+05
1.805440e+05
1.755570e+05
1.705296e+05
1.654552e+05
1.603246e+05
1.551331e+05
1.509522e+05
1.472945e+05
1.436508e+05
1.379960e+05
1.334730e+05
1.295739e+05
1.249033e+05
1.204740e+05
1.159807e+05
1.123820e+05
1.089549e+05
1.071524e+05
1.048930e+05
1.028802e+05
1.006208e+05
9.818554e+04
9.537241e+04
9.065451e+04
8.504640e+04
7.857203e+04
7.072925e+04
6.465414e+04
5.829660e+04
5.262644e+04
4.855101e+04
4.580968e+04
4.362613e+04
4.190739e+04
4.043043e+04
3.913376e+04
3.845383e+04
3.791737e+04
3.747552e+04
3.721301e+04
3.703943e+04
3.695325e+04
3.686785e+04
3.678375e+04
3.670197e+04
3.655151e+04
3.644220e+04
3.638946e+04
3.635377e+04
3.632672e+04
3.631042e+04
3.629846e+04
3.628821e+04
3.628149e+04
3.627549e+04
3.626929e+04
3.626266e+04
3.625741e+04
3.625250e+04
3.624727e+04
3.624306e+04
3.623911e+04
3.623562e+04
3.623220e+04
3.622874e+04
3.622533e+04
3.621998e+04
3.621502e+04
3.620900e+04
3.620236e+04
3.619523e+04
3.618586e+04
3.617689e+04
3.616611e+04
3.615422e+04
3.614222e+04
3.613101e+04
3.611533e+04
3.610140e+04
3.608726e+04
3.607291e+04
3.605838e+04
3.604393e+04
3.602699e+04
3.601105e+04
3.599471e+04
3.597838e+04
3.596358e+04
3.594469e+04
3.592219e+04
3.590167e+04
3.587822e+04
3.585074e+04
3.581954e+04
3.577246e+04
3.571612e+04
3.566400e+04
3.561583e+04
3.556635e+04
3.551478e+04
3.545587e+04
3.538722e+04
3.530480e+04
3.521358e+04
3.507719e+04
3.490429e+04
3.459981e+04
3.426045e+04
3.370224e+04
3.302031e+04
3.223659e+04
3.075318e+04
2.938695e+04
2.741810e+04
2.499875e+04
2.202100e+04
1.968919e+04
1.653944e+04
1.374319e+04
9.940969e+03
