-1.000000e+02	2.068590e+08
-9.000000e+01	2.800431e+07
-8.000000e+01	2.770901e+07
-7.000000e+01	2.735035e+07
-6.000000e+01	2.688179e+07
-5.000000e+01	2.629066e+07
-4.000000e+01	2.558504e+07
-3.000000e+01	2.478304e+07
-2.000000e+01	2.392541e+07
-1.000000e+01	2.301496e+07
0.000000e+00	2.212063e+07
1.000000e+01	2.121530e+07
2.000000e+01	2.035447e+07
3.500000e+01	1.919428e+07
5.000000e+01	1.831566e+07
7.500000e+01	1.756243e+07
1.000000e+02	1.784750e+07
1.250000e+02	1.912686e+07
1.500000e+02	2.127193e+07
1.750000e+02	2.286830e+07
2.000000e+02	2.417544e+07
2.500000e+02	2.525360e+07
3.000000e+02	2.658447e+07
3.500000e+02	2.834764e+07
4.000000e+02	3.068958e+07
4.500000e+02	3.272609e+07
4.900000e+02	3.128249e+07
5.250000e+02	2.848503e+07
5.600000e+02	2.482140e+07
6.150000e+02	1.723803e+07
6.600000e+02	1.114509e+07
7.000000e+02	6.302241e+06
7.500000e+02	2.925234e+06
8.000000e+02	1.569234e+06
8.540000e+02	1.234695e+06
9.000000e+02	1.170062e+06
9.460000e+02	1.111590e+06
9.710000e+02	1.078732e+06
1.003000e+03	1.026979e+06
1.032000e+03	9.762911e+05
1.065000e+03	9.173045e+05
1.101000e+03	8.495104e+05
1.143000e+03	7.643058e+05
1.214000e+03	6.298824e+05
1.299000e+03	4.904773e+05
1.398000e+03	3.474708e+05
1.520000e+03	2.077375e+05
1.617000e+03	1.232518e+05
1.722000e+03	6.766944e+04
1.820000e+03	3.303088e+04
1.894000e+03	1.945898e+04
1.946000e+03	1.279093e+04
1.989000e+03	9.419570e+03
2.024000e+03	7.458387e+03
2.055000e+03	6.025761e+03
2.083000e+03	5.029313e+03
2.098000e+03	4.582513e+03
2.110000e+03	4.263883e+03
2.120000e+03	4.027303e+03
2.126000e+03	3.897487e+03
2.130000e+03	3.817328e+03
2.132000e+03	3.781447e+03
2.134000e+03	3.752203e+03
2.136000e+03	3.728510e+03
2.138000e+03	3.696796e+03
2.141930e+03	3.433246e+03
2.145160e+03	2.904045e+03
2.147050e+03	2.738283e+03
2.148650e+03	6.153581e+03
2.150120e+03	1.538458e+04
2.151160e+03	2.873060e+04
2.152030e+03	4.515096e+04
2.152870e+03	6.420937e+04
2.153480e+03	7.978888e+04
2.154070e+03	9.533868e+04
2.154730e+03	1.132297e+05
2.155500e+03	1.331570e+05
2.156160e+03	1.488584e+05
2.156820e+03	1.634341e+05
2.157570e+03	1.785105e+05
2.158210e+03	1.897963e+05
2.158840e+03	1.998205e+05
2.159420e+03	2.081231e+05
2.160010e+03	2.155351e+05
2.160630e+03	2.225374e+05
2.161260e+03	2.289136e+05
2.162290e+03	2.379389e+05
2.163290e+03	2.452440e+05
2.164560e+03	2.529581e+05
2.166030e+03	2.601883e+05
2.167690e+03	2.667966e+05
2.169990e+03	2.761124e+05
2.172320e+03	2.833726e+05
2.175280e+03	2.903057e+05
2.178740e+03	2.960309e+05
2.182440e+03	3.002237e+05
2.186080e+03	3.029393e+05
2.191460e+03	3.051463e+05
2.196520e+03	3.059037e+05
2.201920e+03	3.057873e+05
2.207660e+03	3.049444e+05
2.213740e+03	3.035846e+05
2.220040e+03	3.017708e+05
2.227740e+03	2.992965e+05
2.235290e+03	2.966606e+05
2.243320e+03	2.937007e+05
2.251640e+03	2.917400e+05
2.259430e+03	2.913822e+05
2.269690e+03	2.906070e+05
2.282380e+03	2.893485e+05
2.294370e+03	2.879180e+05
2.308550e+03	2.860570e+05
2.325780e+03	2.836727e+05
2.346100e+03	2.807762e+05
2.378190e+03	2.762390e+05
2.418660e+03	2.708067e+05
2.457900e+03	2.658686e+05
2.495560e+03	2.614935e+05
2.535470e+03	2.572418e+05
2.578230e+03	2.532190e+05
2.628320e+03	2.499872e+05
2.688100e+03	2.516584e+05
2.761490e+03	2.531742e+05
2.844400e+03	2.543892e+05
2.970760e+03	2.555587e+05
3.133790e+03	2.563036e+05
3.424990e+03	2.564471e+05
3.752710e+03	2.556450e+05
4.295860e+03	2.532586e+05
4.968640e+03	2.494742e+05
5.762830e+03	2.391234e+05
7.360820e+03	2.150226e+05
8.974240e+03	1.959037e+05
1.159620e+04	1.720452e+05
1.539200e+04	1.468583e+05
2.113310e+04	1.187497e+05
2.667660e+04	9.930050e+04
3.607950e+04	7.304651e+04
4.700930e+04	5.181521e+04
6.808440e+04	3.090643e+04
