-1.000000e+02	3.176116e+11
-9.000000e+01	8.715796e+08
-8.000000e+01	4.453585e+08
-7.000000e+01	2.080456e+08
-6.000000e+01	8.605548e+07
-5.000000e+01	3.009875e+07
-4.000000e+01	3.142854e+07
-3.000000e+01	3.287428e+07
-2.000000e+01	3.418749e+07
-1.000000e+01	3.538445e+07
0.000000e+00	3.676201e+07
1.000000e+01	3.776831e+07
2.000000e+01	3.906340e+07
3.500000e+01	4.077744e+07
5.000000e+01	4.227811e+07
7.500000e+01	5.042952e+08
1.000000e+02	2.934706e+09
1.250000e+02	1.139821e+10
1.500000e+02	3.356171e+10
1.750000e+02	7.820718e+10
2.000000e+02	1.465861e+11
2.500000e+02	2.796923e+11
3.000000e+02	2.975049e+11
3.500000e+02	2.367662e+11
4.000000e+02	1.669064e+11
4.500000e+02	1.113740e+11
4.900000e+02	7.860267e+10
5.250000e+02	5.730552e+10
5.600000e+02	4.147734e+10
6.150000e+02	2.463680e+10
6.600000e+02	1.595924e+10
7.000000e+02	1.077245e+10
7.500000e+02	6.634271e+09
8.000000e+02	4.130075e+09
8.540000e+02	2.512945e+09
9.000000e+02	1.685586e+09
9.460000e+02	1.159746e+09
9.710000e+02	9.534400e+08
1.003000e+03	7.509176e+08
1.032000e+03	6.091968e+08
1.065000e+03	4.830812e+08
1.101000e+03	3.774985e+08
1.143000e+03	2.853287e+08
1.214000e+03	1.800080e+08
1.299000e+03	1.047172e+08
1.398000e+03	5.593820e+07
1.520000e+03	2.590287e+07
1.617000e+03	1.427731e+07
1.722000e+03	7.574307e+06
1.820000e+03	4.266939e+06
1.894000e+03	2.806365e+06
1.946000e+03	2.112544e+06
1.989000e+03	1.682069e+06
2.024000e+03	1.406143e+06
2.055000e+03	1.205912e+06
2.083000e+03	1.053651e+06
2.098000e+03	9.813533e+05
2.110000e+03	9.280046e+05
2.120000e+03	8.856406e+05
2.126000e+03	8.582204e+05
2.130000e+03	8.376699e+05
2.132000e+03	8.236491e+05
2.134000e+03	8.015365e+05
2.136000e+03	7.685519e+05
2.138000e+03	7.090660e+05
2.141930e+03	5.891775e+05
2.145160e+03	4.931422e+05
2.147050e+03	4.079972e+05
2.148650e+03	3.437314e+05
2.150120e+03	2.881098e+05
2.151160e+03	2.500337e+05
2.152030e+03	2.200002e+05
2.152870e+03	1.935305e+05
2.153480e+03	1.770183e+05
2.154070e+03	1.632734e+05
2.154730e+03	1.496857e+05
2.155500e+03	1.366926e+05
2.156160e+03	1.274449e+05
2.156820e+03	1.194166e+05
2.157570e+03	1.115453e+05
2.158210e+03	1.049200e+05
2.158840e+03	9.936445e+04
2.159420e+03	9.480663e+04
2.160010e+03	9.137276e+04
2.160630e+03	8.828040e+04
2.161260e+03	8.549531e+04
2.162290e+03	8.156965e+04
2.163290e+03	7.828618e+04
2.164560e+03	7.474255e+04
2.166030e+03	7.127102e+04
2.167690e+03	6.796437e+04
2.169990e+03	6.417641e+04
2.172320e+03	6.100379e+04
2.175280e+03	5.764130e+04
2.178740e+03	5.441146e+04
2.182440e+03	5.153510e+04
2.186080e+03	4.915105e+04
2.191460e+03	4.621739e+04
2.196520e+03	4.393283e+04
2.201920e+03	4.185012e+04
2.207660e+03	3.998868e+04
2.213740e+03	3.827133e+04
2.220040e+03	3.674271e+04
2.227740e+03	3.511591e+04
2.235290e+03	3.375233e+04
2.243320e+03	3.244863e+04
2.251640e+03	3.128039e+04
2.259430e+03	3.028886e+04
2.269690e+03	2.914490e+04
2.282380e+03	2.791171e+04
2.294370e+03	2.689200e+04
2.308550e+03	2.582339e+04
2.325780e+03	2.470632e+04
2.346100e+03	2.356767e+04
2.378190e+03	2.207760e+04
2.418660e+03	2.058868e+04
2.457900e+03	1.941588e+04
2.495560e+03	1.847831e+04
2.535470e+03	1.763681e+04
2.578230e+03	1.688023e+04
2.628320e+03	1.615744e+04
2.688100e+03	1.542539e+04
2.761490e+03	1.466651e+04
2.844400e+03	1.394614e+04
2.970760e+03	1.305221e+04
3.133790e+03	1.214476e+04
3.424990e+03	1.095122e+04
3.752710e+03	9.983023e+03
4.295860e+03	8.856212e+03
4.968640e+03	7.894306e+03
5.762830e+03	7.084177e+03
7.360820e+03	5.993944e+03
8.974240e+03	5.253289e+03
1.159620e+04	4.428275e+03
1.539200e+04	3.641059e+03
2.113310e+04	2.876785e+03
2.667660e+04	2.382990e+03
3.607950e+04	1.818084e+03
4.700930e+04	1.391547e+03
6.808440e+04	8.992177e+02
