-1.000000e+02	3.894413e+09
-9.000000e+01	1.454796e+08
-8.000000e+01	1.241006e+08
-7.000000e+01	1.154793e+08
-6.000000e+01	1.056576e+08
-5.000000e+01	9.259061e+07
-4.000000e+01	7.301960e+07
-3.000000e+01	5.275514e+07
-2.000000e+01	3.799698e+07
-1.000000e+01	2.495846e+07
0.000000e+00	1.715862e+07
1.000000e+01	1.151139e+07
2.000000e+01	7.762406e+06
3.500000e+01	4.406578e+06
5.000000e+01	2.621203e+06
7.500000e+01	1.201083e+06
1.000000e+02	5.344335e+05
1.250000e+02	2.431812e+05
1.500000e+02	1.137768e+05
1.750000e+02	6.437016e+04
2.000000e+02	3.927184e+04
2.500000e+02	1.811506e+04
3.000000e+02	8.088103e+03
3.500000e+02	3.392421e+03
4.000000e+02	1.306758e+03
4.500000e+02	5.024559e+02
4.900000e+02	3.066750e+02
5.250000e+02	2.337423e+02
5.600000e+02	2.036287e+02
6.150000e+02	2.579099e+02
6.600000e+02	4.568769e+02
7.000000e+02	1.154411e+03
7.500000e+02	4.050079e+03
8.000000e+02	1.494872e+04
8.540000e+02	5.817306e+04
9.000000e+02	1.581481e+05
9.460000e+02	3.269849e+05
9.710000e+02	4.557551e+05
1.003000e+03	6.057905e+05
1.032000e+03	7.253207e+05
1.065000e+03	8.556868e+05
1.101000e+03	9.534965e+05
1.143000e+03	9.854867e+05
1.214000e+03	8.927197e+05
1.299000e+03	7.048148e+05
1.398000e+03	4.918950e+05
1.520000e+03	2.664636e+05
1.617000e+03	1.886260e+05
1.722000e+03	1.347736e+05
1.820000e+03	1.071482e+05
1.894000e+03	8.812828e+04
1.946000e+03	8.649504e+04
1.989000e+03	8.126769e+04
2.024000e+03	7.567241e+04
2.055000e+03	7.464721e+04
2.083000e+03	7.208813e+04
2.098000e+03	7.329032e+04
2.110000e+03	7.420588e+04
2.120000e+03	7.523165e+04
2.126000e+03	7.760061e+04
2.130000e+03	7.982513e+04
2.132000e+03	8.201070e+04
2.134000e+03	8.614424e+04
2.136000e+03	9.152603e+04
2.138000e+03	9.819657e+04
2.141930e+03	9.517139e+04
2.145160e+03	8.150790e+04
2.147050e+03	6.628084e+04
2.148650e+03	5.600910e+04
2.150120e+03	4.445639e+04
2.151160e+03	3.767860e+04
2.152030e+03	3.298294e+04
2.152870e+03	2.914909e+04
2.153480e+03	2.668269e+04
2.154070e+03	2.443059e+04
2.154730e+03	2.215908e+04
2.155500e+03	2.013204e+04
2.156160e+03	1.874489e+04
2.156820e+03	1.756681e+04
2.157570e+03	1.645453e+04
2.158210e+03	1.565862e+04
2.158840e+03	1.497875e+04
2.159420e+03	1.442169e+04
2.160010e+03	1.393124e+04
2.160630e+03	1.346525e+04
2.161260e+03	1.304234e+04
2.162290e+03	1.244458e+04
2.163290e+03	1.194401e+04
2.164560e+03	1.140353e+04
2.166030e+03	1.087395e+04
2.167690e+03	1.036946e+04
2.169990e+03	9.791527e+03
2.172320e+03	9.307463e+03
2.175280e+03	8.794427e+03
2.178740e+03	8.301631e+03
2.182440e+03	7.862772e+03
2.186080e+03	7.499030e+03
2.191460e+03	7.051438e+03
2.196520e+03	6.702877e+03
2.201920e+03	6.385114e+03
2.207660e+03	6.101110e+03
2.213740e+03	5.839091e+03
2.220040e+03	5.605866e+03
2.227740e+03	5.357663e+03
2.235290e+03	5.149619e+03
2.243320e+03	4.950712e+03
2.251640e+03	4.772472e+03
2.259430e+03	4.621195e+03
2.269690e+03	4.446660e+03
2.282380e+03	4.258512e+03
2.294370e+03	4.102934e+03
2.308550e+03	3.939895e+03
2.325780e+03	3.769463e+03
2.346100e+03	3.595738e+03
2.378190e+03	3.368395e+03
2.418660e+03	3.141230e+03
2.457900e+03	2.962294e+03
2.495560e+03	2.819248e+03
2.535470e+03	2.690859e+03
2.578230e+03	2.575427e+03
2.628320e+03	2.465150e+03
2.688100e+03	2.353461e+03
2.761490e+03	2.237677e+03
2.844400e+03	2.127770e+03
2.970760e+03	1.991383e+03
3.133790e+03	1.852933e+03
3.424990e+03	1.670833e+03
3.752710e+03	1.523115e+03
4.295860e+03	1.351196e+03
4.968640e+03	1.204438e+03
5.762830e+03	1.080836e+03
7.360820e+03	9.144986e+02
8.974240e+03	8.014966e+02
1.159620e+04	6.756238e+02
1.539200e+04	5.555179e+02
2.113310e+04	4.389124e+02
2.667660e+04	3.635739e+02
3.607950e+04	2.773860e+02
4.700930e+04	2.123090e+02
6.808440e+04	1.371941e+02
