-1.000000e+02	2.787260e+11
-9.000000e+01	2.756521e+11
-8.000000e+01	2.725734e+11
-7.000000e+01	2.704357e+11
-6.000000e+01	2.682183e+11
-5.000000e+01	2.656377e+11
-4.000000e+01	2.625545e+11
-3.000000e+01	2.598182e+11
-2.000000e+01	2.551303e+11
-1.000000e+01	2.495069e+11
0.000000e+00	2.421861e+11
1.000000e+01	2.342398e+11
2.000000e+01	2.256586e+11
3.500000e+01	2.121502e+11
5.000000e+01	1.975565e+11
7.500000e+01	1.721445e+11
1.000000e+02	1.478787e+11
1.250000e+02	1.255482e+11
1.500000e+02	1.056127e+11
1.750000e+02	8.777328e+10
2.000000e+02	7.245891e+10
2.500000e+02	4.857026e+10
3.000000e+02	3.216072e+10
3.500000e+02	2.104746e+10
4.000000e+02	1.359512e+10
4.500000e+02	8.581155e+09
4.900000e+02	5.715062e+09
5.250000e+02	3.799809e+09
5.600000e+02	2.290475e+09
6.150000e+02	6.902142e+08
6.600000e+02	1.462322e+08
7.000000e+02	1.972415e+07
7.500000e+02	3.021361e+05
8.000000e+02	3.052760e+08
8.540000e+02	1.856574e+08
9.000000e+02	1.245001e+08
9.460000e+02	8.562072e+07
9.710000e+02	7.034665e+07
1.003000e+03	5.535845e+07
1.032000e+03	4.488304e+07
1.065000e+03	3.557155e+07
1.101000e+03	2.777114e+07
1.143000e+03	2.099172e+07
1.214000e+03	1.324848e+07
1.299000e+03	7.718750e+06
1.398000e+03	4.108499e+06
1.520000e+03	1.890074e+06
1.617000e+03	1.055713e+06
1.722000e+03	5.848286e+05
1.820000e+03	3.532659e+05
1.894000e+03	2.470820e+05
1.946000e+03	1.948680e+05
1.989000e+03	1.616651e+05
2.024000e+03	1.397341e+05
2.055000e+03	1.233776e+05
2.083000e+03	1.110440e+05
2.098000e+03	1.052243e+05
2.110000e+03	1.009565e+05
2.120000e+03	9.766886e+04
2.126000e+03	9.566770e+04
2.130000e+03	9.417704e+04
2.132000e+03	9.321730e+04
2.134000e+03	9.174706e+04
2.136000e+03	8.960296e+04
2.138000e+03	8.584568e+04
2.141930e+03	7.726928e+04
2.145160e+03	6.507854e+04
2.147050e+03	5.041698e+04
2.148650e+03	4.102378e+04
2.150120e+03	3.395846e+04
2.151160e+03	2.934354e+04
2.152030e+03	2.591298e+04
2.152870e+03	2.297250e+04
2.153480e+03	2.109386e+04
2.154070e+03	1.949497e+04
2.154730e+03	1.788179e+04
2.155500e+03	1.630537e+04
2.156160e+03	1.517819e+04
2.156820e+03	1.420824e+04
2.157570e+03	1.328934e+04
2.158210e+03	1.262977e+04
2.158840e+03	1.206414e+04
2.159420e+03	1.160469e+04
2.160010e+03	1.119833e+04
2.160630e+03	1.081647e+04
2.161260e+03	1.046933e+04
2.162290e+03	9.975170e+03
2.163290e+03	9.564728e+03
2.164560e+03	9.123656e+03
2.166030e+03	8.688710e+03
2.167690e+03	8.278268e+03
2.169990e+03	7.804524e+03
2.172320e+03	7.408376e+03
2.175280e+03	6.987724e+03
2.178740e+03	6.585450e+03
2.182440e+03	6.226058e+03
2.186080e+03	5.929968e+03
2.191460e+03	5.568534e+03
2.196520e+03	5.286738e+03
2.201920e+03	5.033530e+03
2.207660e+03	4.804826e+03
2.213740e+03	4.596542e+03
2.220040e+03	4.410720e+03
2.227740e+03	4.214688e+03
2.235290e+03	4.047244e+03
2.243320e+03	3.890010e+03
2.251640e+03	3.749112e+03
2.259430e+03	3.630676e+03
2.269690e+03	3.491820e+03
2.282380e+03	3.342754e+03
2.294370e+03	3.218192e+03
2.308550e+03	3.089546e+03
2.325780e+03	2.954774e+03
2.346100e+03	2.817960e+03
2.378190e+03	2.640306e+03
2.418660e+03	2.460610e+03
2.457900e+03	2.321754e+03
2.495560e+03	2.209444e+03
2.535470e+03	2.107344e+03
2.578230e+03	2.016679e+03
2.628320e+03	1.929894e+03
2.688100e+03	1.841476e+03
2.761490e+03	1.750198e+03
2.844400e+03	1.664026e+03
2.970760e+03	1.557025e+03
3.133790e+03	1.449003e+03
3.424990e+03	1.307493e+03
3.752710e+03	1.192936e+03
4.295860e+03	1.060411e+03
4.968640e+03	9.476922e+02
5.762830e+03	8.529434e+02
7.360820e+03	7.261352e+02
8.974240e+03	6.401670e+02
1.159620e+04	5.446014e+02
1.539200e+04	4.535282e+02
2.113310e+04	3.647012e+02
2.667660e+04	3.067084e+02
3.607950e+04	2.397308e+02
4.700930e+04	1.882111e+02
6.808440e+04	1.272779e+02
