-1.000000e+02	2.033086e+13
-9.000000e+01	6.914967e+10
-8.000000e+01	1.793887e+11
-7.000000e+01	3.776838e+11
-6.000000e+01	7.202733e+11
-5.000000e+01	1.283843e+12
-4.000000e+01	2.200715e+12
-3.000000e+01	3.566009e+12
-2.000000e+01	5.398850e+12
-1.000000e+01	7.765354e+12
0.000000e+00	1.048311e+13
1.000000e+01	1.351684e+13
2.000000e+01	1.669044e+13
3.500000e+01	2.136350e+13
5.000000e+01	2.538246e+13
7.500000e+01	2.962675e+13
1.000000e+02	3.074470e+13
1.250000e+02	2.944438e+13
1.500000e+02	2.675476e+13
1.750000e+02	2.337044e+13
2.000000e+02	1.993588e+13
2.500000e+02	1.387479e+13
3.000000e+02	9.363116e+12
3.500000e+02	6.200688e+12
4.000000e+02	4.052618e+12
4.500000e+02	2.613078e+12
4.900000e+02	1.812581e+12
5.250000e+02	1.306428e+12
5.600000e+02	9.369107e+11
6.150000e+02	5.497445e+11
6.600000e+02	3.531946e+11
7.000000e+02	2.363125e+11
7.500000e+02	1.423960e+11
8.000000e+02	8.298422e+10
8.540000e+02	4.165293e+10
9.000000e+02	2.040542e+10
9.460000e+02	9.476598e+09
9.710000e+02	6.190009e+09
1.003000e+03	3.747416e+09
1.032000e+03	2.449902e+09
1.065000e+03	1.518105e+09
1.101000e+03	9.374900e+08
1.143000e+03	5.651678e+08
1.214000e+03	2.652694e+08
1.299000e+03	1.173039e+08
1.398000e+03	4.849628e+07
1.520000e+03	1.928291e+07
1.617000e+03	8.457897e+06
1.722000e+03	3.412250e+06
1.820000e+03	1.389768e+06
1.894000e+03	7.264813e+05
1.946000e+03	4.123360e+05
1.989000e+03	2.683006e+05
2.024000e+03	1.944819e+05
2.055000e+03	1.382783e+05
2.083000e+03	1.035980e+05
2.098000e+03	8.591907e+04
2.110000e+03	7.203593e+04
2.120000e+03	6.233070e+04
2.126000e+03	5.472603e+04
2.130000e+03	4.871250e+04
2.132000e+03	4.440922e+04
2.134000e+03	3.766976e+04
2.136000e+03	2.914040e+04
2.138000e+03	1.752197e+04
2.141930e+03	4.380859e+03
2.145160e+03	4.878837e+02
2.147050e+03	2.273425e+01
2.148650e+03	1.284779e+00
2.150120e+03	2.807908e-01
2.151160e+03	1.249726e-01
2.152030e+03	7.605418e-02
2.152870e+03	5.945046e-02
2.153480e+03	4.885471e-02
2.154070e+03	4.166681e-02
2.154730e+03	3.591555e-02
2.155500e+03	3.143390e-02
2.156160e+03	2.795543e-02
2.156820e+03	2.486913e-02
2.157570e+03	2.106737e-02
2.158210e+03	1.888654e-02
2.158840e+03	1.728445e-02
2.159420e+03	1.611024e-02
2.160010e+03	1.516377e-02
2.160630e+03	1.432733e-02
2.161260e+03	1.284042e-02
2.162290e+03	1.104448e-02
2.163290e+03	9.830711e-03
2.164560e+03	8.736791e-03
2.166030e+03	7.828993e-03
2.167690e+03	7.080613e-03
2.169990e+03	6.332726e-03
2.172320e+03	5.778368e-03
2.175280e+03	5.248588e-03
2.178740e+03	4.786005e-03
2.182440e+03	4.406296e-03
2.186080e+03	4.111395e-03
2.191460e+03	3.364185e-03
2.196520e+03	2.907187e-03
2.201920e+03	2.563262e-03
2.207660e+03	2.300257e-03
2.213740e+03	2.087324e-03
2.220040e+03	1.917271e-03
2.227740e+03	1.753499e-03
2.235290e+03	1.627689e-03
2.243320e+03	1.516060e-03
2.251640e+03	1.422389e-03
2.259430e+03	1.160222e-03
2.269690e+03	9.347092e-04
2.282380e+03	7.632492e-04
2.294370e+03	6.564691e-04
2.308550e+03	5.674190e-04
2.325780e+03	4.921632e-04
2.346100e+03	4.291825e-04
2.378190e+03	3.620308e-04
2.418660e+03	3.075632e-04
2.457900e+03	2.713199e-04
2.495560e+03	2.456948e-04
2.535470e+03	2.248208e-04
2.578230e+03	2.075588e-04
2.628320e+03	1.922695e-04
2.688100e+03	1.777972e-04
2.761490e+03	1.637600e-04
2.844400e+03	1.512547e-04
2.970760e+03	1.367320e-04
3.133790e+03	1.230000e-04
3.424990e+03	1.063052e-04
3.752710e+03	9.377176e-05
4.295860e+03	8.302691e-05
4.968640e+03	7.436235e-05
5.762830e+03	6.699044e-05
7.360820e+03	5.696469e-05
8.974240e+03	5.008900e-05
1.159620e+04	4.237058e-05
1.539200e+04	3.495051e-05
2.113310e+04	2.769819e-05
2.667660e+04	2.298826e-05
3.607950e+04	1.757777e-05
4.700930e+04	1.347713e-05
6.808440e+04	8.727555e-06
