-1.000000e+02	1.885317e+08
-9.000000e+01	2.171583e+04
-8.000000e+01	6.169010e+03
-7.000000e+01	1.587257e+03
-6.000000e+01	3.821705e+02
-5.000000e+01	8.019655e+01
-4.000000e+01	9.371537e+01
-3.000000e+01	1.106607e+02
-2.000000e+01	1.282736e+02
-1.000000e+01	1.474120e+02
0.000000e+00	1.683878e+02
1.000000e+01	1.890803e+02
2.000000e+01	2.134055e+02
3.500000e+01	2.521673e+02
5.000000e+01	2.910575e+02
7.500000e+01	2.423123e+04
1.000000e+02	1.100861e+06
1.250000e+02	8.286773e+06
1.500000e+02	3.883962e+07
1.750000e+02	1.977890e+08
2.000000e+02	7.387271e+08
2.500000e+02	2.889673e+09
3.000000e+02	4.044729e+09
3.500000e+02	3.600502e+09
4.000000e+02	2.713027e+09
4.500000e+02	1.880485e+09
4.900000e+02	1.262054e+09
5.250000e+02	8.371319e+08
5.600000e+02	5.245228e+08
6.150000e+02	2.041987e+08
6.600000e+02	7.480850e+07
7.000000e+02	2.366474e+07
7.500000e+02	6.572035e+06
8.000000e+02	2.462739e+06
8.540000e+02	8.194605e+05
9.000000e+02	3.058951e+05
9.460000e+02	1.207899e+05
9.710000e+02	6.937137e+04
1.003000e+03	3.915664e+04
1.032000e+03	2.473329e+04
1.065000e+03	1.538767e+04
1.101000e+03	9.140873e+03
1.143000e+03	5.233369e+03
1.214000e+03	2.309824e+03
1.299000e+03	9.051182e+02
1.398000e+03	3.204536e+02
1.520000e+03	9.851913e+01
1.617000e+03	4.171520e+01
1.722000e+03	1.853391e+01
1.820000e+03	9.102223e+00
1.894000e+03	5.010973e+00
1.946000e+03	3.299978e+00
1.989000e+03	2.345204e+00
2.024000e+03	1.766783e+00
2.055000e+03	1.360601e+00
2.083000e+03	1.085383e+00
2.098000e+03	9.643226e-01
2.110000e+03	8.788082e-01
2.120000e+03	8.114023e-01
2.126000e+03	7.652447e-01
2.130000e+03	7.287070e-01
2.132000e+03	7.013022e-01
2.134000e+03	6.555073e-01
2.136000e+03	5.894134e-01
2.138000e+03	4.843944e-01
2.141930e+03	3.485560e-01
2.145160e+03	4.348424e-01
2.147050e+03	9.890811e-01
2.148650e+03	2.051271e+00
2.150120e+03	3.051083e+00
2.151160e+03	3.824144e+00
2.152030e+03	3.444293e+00
2.152870e+03	2.615686e+00
2.153480e+03	2.117046e+00
2.154070e+03	1.544067e+00
2.154730e+03	8.619156e-01
2.155500e+03	2.495556e-01
2.156160e+03	1.420501e-01
2.156820e+03	5.095976e-02
2.157570e+03	2.273684e-02
2.158210e+03	6.762856e-03
2.158840e+03	3.819607e-03
2.159420e+03	1.099323e-03
2.160010e+03	3.757328e-04
2.160630e+03	2.388060e-04
2.161260e+03	1.809998e-04
2.162290e+03	1.358934e-04
2.163290e+03	1.128567e-04
2.164560e+03	9.562929e-05
2.166030e+03	8.326804e-05
2.167690e+03	7.412544e-05
2.169990e+03	6.575890e-05
2.172320e+03	5.017778e-05
2.175280e+03	3.975199e-05
2.178740e+03	3.296740e-05
2.182440e+03	2.865628e-05
2.186080e+03	2.624301e-05
2.191460e+03	2.336694e-05
2.196520e+03	2.097394e-05
2.201920e+03	1.851905e-05
2.207660e+03	1.687389e-05
2.213740e+03	1.558316e-05
2.220040e+03	1.453466e-05
2.227740e+03	1.346519e-05
2.235290e+03	1.263402e-05
2.243320e+03	1.189007e-05
2.251640e+03	1.105626e-05
2.259430e+03	1.038335e-05
2.269690e+03	9.667651e-06
2.282380e+03	8.848999e-06
2.294370e+03	7.916362e-06
2.308550e+03	7.088946e-06
2.325780e+03	6.349806e-06
2.346100e+03	5.700193e-06
2.378190e+03	4.972496e-06
2.418660e+03	4.104673e-06
2.457900e+03	3.358268e-06
2.495560e+03	2.898791e-06
2.535470e+03	2.558768e-06
2.578230e+03	2.297858e-06
2.628320e+03	2.080732e-06
2.688100e+03	1.885482e-06
2.761490e+03	1.704732e-06
2.844400e+03	1.550211e-06
2.970760e+03	1.377735e-06
3.133790e+03	1.220891e-06
3.424990e+03	9.018676e-07
3.752710e+03	6.952406e-07
4.295860e+03	5.248291e-07
4.968640e+03	4.161126e-07
5.762830e+03	2.614546e-07
7.360820e+03	1.320977e-07
8.974240e+03	9.127430e-08
1.159620e+04	6.244539e-08
1.539200e+04	4.362124e-08
2.113310e+04	3.012752e-08
2.667660e+04	2.309984e-08
3.607950e+04	1.764352e-08
4.700930e+04	1.356151e-08
6.808440e+04	8.809511e-09
