-1.000000e+02	1.117386e+10
-9.000000e+01	9.991357e+07
-8.000000e+01	1.726911e+08
-7.000000e+01	2.872269e+08
-6.000000e+01	4.602356e+08
-5.000000e+01	7.118149e+08
-4.000000e+01	1.062911e+09
-3.000000e+01	1.536956e+09
-2.000000e+01	2.137984e+09
-1.000000e+01	2.869871e+09
0.000000e+00	3.707765e+09
1.000000e+01	4.630494e+09
2.000000e+01	5.587141e+09
3.500000e+01	6.983304e+09
5.000000e+01	8.152765e+09
7.500000e+01	9.284521e+09
1.000000e+02	9.376515e+09
1.250000e+02	8.714456e+09
1.500000e+02	7.667836e+09
1.750000e+02	6.561478e+09
2.000000e+02	5.521445e+09
2.500000e+02	3.824149e+09
3.000000e+02	2.572757e+09
3.500000e+02	1.694341e+09
4.000000e+02	1.094874e+09
4.500000e+02	6.992275e+08
4.900000e+02	4.943268e+08
5.250000e+02	3.666824e+08
5.600000e+02	2.720077e+08
6.150000e+02	1.693297e+08
6.600000e+02	1.129634e+08
7.000000e+02	7.753423e+07
7.500000e+02	4.818592e+07
8.000000e+02	3.010048e+07
8.540000e+02	1.833408e+07
9.000000e+02	1.230068e+07
9.460000e+02	8.462234e+06
9.710000e+02	6.953801e+06
1.003000e+03	5.474449e+06
1.032000e+03	4.439798e+06
1.065000e+03	3.520086e+06
1.101000e+03	2.749612e+06
1.143000e+03	2.077608e+06
1.214000e+03	1.311147e+06
1.299000e+03	7.633221e+05
1.398000e+03	4.083901e+05
1.520000e+03	1.891561e+05
1.617000e+03	1.053310e+05
1.722000e+03	5.700833e+04
1.820000e+03	3.306913e+04
1.894000e+03	2.211805e+04
1.946000e+03	1.702304e+04
1.989000e+03	1.371451e+04
2.024000e+03	1.153401e+04
2.055000e+03	9.984334e+03
2.083000e+03	8.771951e+03
2.098000e+03	8.226559e+03
2.110000e+03	7.820534e+03
2.120000e+03	7.494041e+03
2.126000e+03	7.291911e+03
2.130000e+03	7.138498e+03
2.132000e+03	7.034435e+03
2.134000e+03	6.872118e+03
2.136000e+03	6.630660e+03
2.138000e+03	6.222049e+03
2.141930e+03	5.350944e+03
2.145160e+03	4.484141e+03
2.147050e+03	3.641609e+03
2.148650e+03	3.077174e+03
2.150120e+03	2.442459e+03
2.151160e+03	2.070083e+03
2.152030e+03	1.812101e+03
2.152870e+03	1.601467e+03
2.153480e+03	1.465962e+03
2.154070e+03	1.342230e+03
2.154730e+03	1.217432e+03
2.155500e+03	1.106065e+03
2.156160e+03	1.029855e+03
2.156820e+03	9.651306e+02
2.157570e+03	9.040208e+02
2.158210e+03	8.602935e+02
2.158840e+03	8.229411e+02
2.159420e+03	7.923359e+02
2.160010e+03	7.653900e+02
2.160630e+03	7.397885e+02
2.161260e+03	7.165536e+02
2.162290e+03	6.837119e+02
2.163290e+03	6.562103e+02
2.164560e+03	6.265164e+02
2.166030e+03	5.974206e+02
2.167690e+03	5.697041e+02
2.169990e+03	5.379519e+02
2.172320e+03	5.113572e+02
2.175280e+03	4.831707e+02
2.178740e+03	4.560962e+02
2.182440e+03	4.319851e+02
2.186080e+03	4.120009e+02
2.191460e+03	3.874099e+02
2.196520e+03	3.682598e+02
2.201920e+03	3.508017e+02
2.207660e+03	3.351984e+02
2.213740e+03	3.208029e+02
2.220040e+03	3.079894e+02
2.227740e+03	2.943530e+02
2.235290e+03	2.829229e+02
2.243320e+03	2.719948e+02
2.251640e+03	2.622022e+02
2.259430e+03	2.538910e+02
2.269690e+03	2.443020e+02
2.282380e+03	2.339650e+02
2.294370e+03	2.254175e+02
2.308550e+03	2.164600e+02
2.325780e+03	2.070964e+02
2.346100e+03	1.975518e+02
2.378190e+03	1.850615e+02
2.418660e+03	1.725809e+02
2.457900e+03	1.627501e+02
2.495560e+03	1.548910e+02
2.535470e+03	1.478373e+02
2.578230e+03	1.414954e+02
2.628320e+03	1.354367e+02
2.688100e+03	1.293005e+02
2.761490e+03	1.229392e+02
2.844400e+03	1.169009e+02
2.970760e+03	1.094077e+02
3.133790e+03	1.018012e+02
3.424990e+03	9.179652e+01
3.752710e+03	8.368076e+01
4.295860e+03	7.423548e+01
4.968640e+03	6.617249e+01
5.762830e+03	5.938173e+01
7.360820e+03	5.024306e+01
8.974240e+03	4.403467e+01
1.159620e+04	3.711915e+01
1.539200e+04	3.052046e+01
2.113310e+04	2.411409e+01
2.667660e+04	1.997495e+01
3.607950e+04	1.523974e+01
4.700930e+04	1.166437e+01
6.808440e+04	7.537518e+00
