-1.000000e+02	3.176886e+08
-9.000000e+01	4.728911e+05
-8.000000e+01	1.208585e+06
-7.000000e+01	2.382403e+06
-6.000000e+01	4.186930e+06
-5.000000e+01	6.879262e+06
-4.000000e+01	1.145296e+07
-3.000000e+01	1.853585e+07
-2.000000e+01	2.965799e+07
-1.000000e+01	4.844720e+07
0.000000e+00	7.485741e+07
1.000000e+01	1.109468e+08
2.000000e+01	1.564273e+08
3.500000e+01	2.337789e+08
5.000000e+01	3.185499e+08
7.500000e+01	4.638580e+08
1.000000e+02	6.092616e+08
1.250000e+02	7.263807e+08
1.500000e+02	7.975804e+08
1.750000e+02	7.652810e+08
2.000000e+02	6.842186e+08
2.500000e+02	4.642214e+08
3.000000e+02	3.016076e+08
3.500000e+02	1.941931e+08
4.000000e+02	1.264426e+08
4.500000e+02	8.030299e+07
4.900000e+02	4.880634e+07
5.250000e+02	2.919363e+07
5.600000e+02	1.638462e+07
6.150000e+02	5.398602e+06
6.600000e+02	1.870995e+06
7.000000e+02	6.412443e+05
7.500000e+02	1.756724e+05
8.000000e+02	5.318280e+04
8.540000e+02	1.812957e+04
9.000000e+02	7.952968e+03
9.460000e+02	3.870888e+03
9.710000e+02	2.721582e+03
1.003000e+03	1.784193e+03
1.032000e+03	1.243792e+03
1.065000e+03	8.200953e+02
1.101000e+03	5.371823e+02
1.143000e+03	3.387354e+02
1.214000e+03	1.637722e+02
1.299000e+03	7.310103e+01
1.398000e+03	3.028961e+01
1.520000e+03	1.216128e+01
1.617000e+03	5.358273e+00
1.722000e+03	2.172393e+00
1.820000e+03	8.888903e-01
1.894000e+03	4.676123e-01
1.946000e+03	2.668306e-01
1.989000e+03	1.747817e-01
2.024000e+03	1.274715e-01
2.055000e+03	9.117997e-02
2.083000e+03	6.890561e-02
2.098000e+03	5.752164e-02
2.110000e+03	4.854450e-02
2.120000e+03	4.257991e-02
2.126000e+03	3.833530e-02
2.130000e+03	3.522634e-02
2.132000e+03	3.329628e-02
2.134000e+03	3.053364e-02
2.136000e+03	2.696039e-02
2.138000e+03	2.109371e-02
2.141930e+03	9.957406e-03
2.145160e+03	2.566969e-03
2.147050e+03	3.165180e-04
2.148650e+03	3.980466e-05
2.150120e+03	1.654173e-05
2.151160e+03	1.137161e-05
2.152030e+03	9.651660e-06
2.152870e+03	1.003729e-05
2.153480e+03	9.892797e-06
2.154070e+03	9.842230e-06
2.154730e+03	9.902539e-06
2.155500e+03	1.008411e-05
2.156160e+03	9.997057e-06
2.156820e+03	9.767928e-06
2.157570e+03	9.062573e-06
2.158210e+03	8.674861e-06
2.158840e+03	8.401367e-06
2.159420e+03	8.202384e-06
2.160010e+03	8.043898e-06
2.160630e+03	7.901589e-06
2.161260e+03	7.337031e-06
2.162290e+03	6.637084e-06
2.163290e+03	6.160914e-06
2.164560e+03	5.730207e-06
2.166030e+03	5.368980e-06
2.167690e+03	5.066316e-06
2.169990e+03	4.757015e-06
2.172320e+03	4.521107e-06
2.175280e+03	4.287305e-06
2.178740e+03	4.073843e-06
2.182440e+03	3.890387e-06
2.186080e+03	3.741459e-06
2.191460e+03	3.176872e-06
2.196520e+03	2.825167e-06
2.201920e+03	2.556674e-06
2.207660e+03	2.347983e-06
2.213740e+03	2.176666e-06
2.220040e+03	2.037286e-06
2.227740e+03	1.901007e-06
2.235290e+03	1.794042e-06
2.243320e+03	1.697533e-06
2.251640e+03	1.615153e-06
2.259430e+03	1.333202e-06
2.269690e+03	1.088796e-06
2.282380e+03	9.022172e-07
2.294370e+03	7.853866e-07
2.308550e+03	6.874559e-07
2.325780e+03	6.041234e-07
2.346100e+03	5.338575e-07
2.378190e+03	4.581791e-07
2.418660e+03	3.959534e-07
2.457900e+03	3.539930e-07
2.495560e+03	3.239783e-07
2.535470e+03	2.992732e-07
2.578230e+03	2.786900e-07
2.628320e+03	2.604010e-07
2.688100e+03	2.428798e-07
2.761490e+03	2.256724e-07
2.844400e+03	2.101491e-07
2.970760e+03	1.918686e-07
3.133790e+03	1.743083e-07
3.424990e+03	1.525577e-07
3.752710e+03	1.359099e-07
4.295860e+03	1.216835e-07
4.968640e+03	1.099876e-07
5.762830e+03	9.982591e-08
7.360820e+03	8.570549e-08
8.974240e+03	7.583540e-08
1.159620e+04	6.458251e-08
1.539200e+04	5.360306e-08
2.113310e+04	4.272886e-08
2.667660e+04	3.559521e-08
3.607950e+04	2.733424e-08
4.700930e+04	2.102724e-08
6.808440e+04	1.367296e-08
