-1.000000e+02	5.930821e+10
-9.000000e+01	1.623222e+08
-8.000000e+01	8.293880e+07
-7.000000e+01	3.874316e+07
-6.000000e+01	1.602543e+07
-5.000000e+01	5.605021e+06
-4.000000e+01	5.852651e+06
-3.000000e+01	6.121871e+06
-2.000000e+01	6.366411e+06
-1.000000e+01	6.589305e+06
0.000000e+00	6.845827e+06
1.000000e+01	7.033214e+06
2.000000e+01	7.274379e+06
3.500000e+01	7.593556e+06
5.000000e+01	7.873002e+06
7.500000e+01	9.390656e+07
1.000000e+02	5.463305e+08
1.250000e+02	2.121197e+09
1.500000e+02	6.243070e+09
1.750000e+02	1.452720e+10
2.000000e+02	2.714967e+10
2.500000e+02	5.140321e+10
3.000000e+02	5.433146e+10
3.500000e+02	4.307529e+10
4.000000e+02	3.028333e+10
4.500000e+02	2.017430e+10
4.900000e+02	1.427059e+10
5.250000e+02	1.044153e+10
5.600000e+02	7.589833e+09
6.150000e+02	4.542445e+09
6.600000e+02	2.956831e+09
7.000000e+02	2.001538e+09
7.500000e+02	1.234224e+09
8.000000e+02	7.686697e+08
8.540000e+02	4.678339e+08
9.000000e+02	3.138509e+08
9.460000e+02	2.159564e+08
9.710000e+02	1.775443e+08
1.003000e+03	1.398337e+08
1.032000e+03	1.134436e+08
1.065000e+03	8.995901e+07
1.101000e+03	7.029768e+07
1.143000e+03	5.313393e+07
1.214000e+03	3.352112e+07
1.299000e+03	1.950046e+07
1.398000e+03	1.041682e+07
1.520000e+03	4.823638e+06
1.617000e+03	2.658723e+06
1.722000e+03	1.410489e+06
1.820000e+03	7.945901e+05
1.894000e+03	5.226018e+05
1.946000e+03	3.933984e+05
1.989000e+03	3.132351e+05
2.024000e+03	2.618521e+05
2.055000e+03	2.245651e+05
2.083000e+03	1.962111e+05
2.098000e+03	1.827478e+05
2.110000e+03	1.728132e+05
2.120000e+03	1.649241e+05
2.126000e+03	1.598180e+05
2.130000e+03	1.559910e+05
2.132000e+03	1.533801e+05
2.134000e+03	1.492623e+05
2.136000e+03	1.431199e+05
2.138000e+03	1.320424e+05
2.141930e+03	1.097168e+05
2.145160e+03	9.183335e+04
2.147050e+03	7.597879e+04
2.148650e+03	6.401480e+04
2.150120e+03	5.366277e+04
2.151160e+03	4.657871e+04
2.152030e+03	4.098718e+04
2.152870e+03	3.605578e+04
2.153480e+03	3.297905e+04
2.154070e+03	3.041639e+04
2.154730e+03	2.788148e+04
2.155500e+03	2.545711e+04
2.156160e+03	2.373412e+04
2.156820e+03	2.223826e+04
2.157570e+03	2.077221e+04
2.158210e+03	1.953829e+04
2.158840e+03	1.850370e+04
2.159420e+03	1.765492e+04
2.160010e+03	1.701545e+04
2.160630e+03	1.643959e+04
2.161260e+03	1.592095e+04
2.162290e+03	1.518991e+04
2.163290e+03	1.457846e+04
2.164560e+03	1.391857e+04
2.166030e+03	1.327210e+04
2.167690e+03	1.265633e+04
2.169990e+03	1.195094e+04
2.172320e+03	1.136013e+04
2.175280e+03	1.073397e+04
2.178740e+03	1.013251e+04
2.182440e+03	9.596875e+03
2.186080e+03	9.152915e+03
2.191460e+03	8.606610e+03
2.196520e+03	8.181178e+03
2.201920e+03	7.793336e+03
2.207660e+03	7.446699e+03
2.213740e+03	7.126893e+03
2.220040e+03	6.842233e+03
2.227740e+03	6.539291e+03
2.235290e+03	6.285364e+03
2.243320e+03	6.042589e+03
2.251640e+03	5.825038e+03
2.259430e+03	5.640396e+03
2.269690e+03	5.427367e+03
2.282380e+03	5.197722e+03
2.294370e+03	5.007832e+03
2.308550e+03	4.808835e+03
2.325780e+03	4.600814e+03
2.346100e+03	4.388775e+03
2.378190e+03	4.111294e+03
2.418660e+03	3.834028e+03
2.457900e+03	3.615628e+03
2.495560e+03	3.441034e+03
2.535470e+03	3.284329e+03
2.578230e+03	3.143439e+03
2.628320e+03	3.008841e+03
2.688100e+03	2.872519e+03
2.761490e+03	2.731199e+03
2.844400e+03	2.597052e+03
2.970760e+03	2.430585e+03
3.133790e+03	2.261600e+03
3.424990e+03	2.039338e+03
3.752710e+03	1.859040e+03
4.295860e+03	1.649205e+03
4.968640e+03	1.470079e+03
5.762830e+03	1.319216e+03
7.360820e+03	1.116193e+03
8.974240e+03	9.782682e+02
1.159620e+04	8.246340e+02
1.539200e+04	6.780385e+02
2.113310e+04	5.357154e+02
2.667660e+04	4.437608e+02
3.607950e+04	3.385639e+02
4.700930e+04	2.591341e+02
6.808440e+04	1.674524e+02
