-1.000000e+02	1.479556e+11
-9.000000e+01	1.208111e+11
-8.000000e+01	9.658284e+10
-7.000000e+01	7.386813e+10
-6.000000e+01	5.473094e+10
-5.000000e+01	3.943618e+10
-4.000000e+01	2.783808e+10
-3.000000e+01	1.910366e+10
-2.000000e+01	1.338514e+10
-1.000000e+01	9.342355e+09
0.000000e+00	6.715674e+09
1.000000e+01	4.805332e+09
2.000000e+01	3.481923e+09
3.500000e+01	2.180707e+09
5.000000e+01	1.445297e+09
7.500000e+01	8.218182e+08
1.000000e+02	5.087571e+08
1.250000e+02	3.340045e+08
1.500000e+02	2.274489e+08
1.750000e+02	1.572870e+08
2.000000e+02	1.087000e+08
2.500000e+02	5.102476e+07
3.000000e+02	2.368893e+07
3.500000e+02	1.076629e+07
4.000000e+02	4.739720e+06
4.500000e+02	2.006891e+06
4.900000e+02	9.213911e+05
5.250000e+02	4.211000e+05
5.600000e+02	1.589718e+05
6.150000e+02	1.891724e+04
6.600000e+02	1.627828e+03
7.000000e+02	7.959260e+01
7.500000e+02	2.997330e-01
8.000000e+02	1.314175e+04
8.540000e+02	1.326971e+04
9.000000e+02	1.340507e+04
9.460000e+02	1.213634e+04
9.710000e+02	1.128602e+04
1.003000e+03	9.625107e+03
1.032000e+03	8.034113e+03
1.065000e+03	6.356307e+03
1.101000e+03	4.920502e+03
1.143000e+03	3.499801e+03
1.214000e+03	1.894450e+03
1.299000e+03	9.356034e+02
1.398000e+03	4.549017e+02
1.520000e+03	1.435030e+02
1.617000e+03	5.410466e+01
1.722000e+03	1.860183e+01
1.820000e+03	5.603604e+00
1.894000e+03	2.287873e+00
1.946000e+03	1.027313e+00
1.989000e+03	4.318606e-01
2.024000e+03	1.736257e-01
2.055000e+03	4.949266e-02
2.083000e+03	1.451556e-02
2.098000e+03	5.390955e-03
2.110000e+03	1.503772e-03
2.120000e+03	5.553989e-04
2.126000e+03	2.306213e-04
2.130000e+03	1.186803e-04
2.132000e+03	8.873583e-05
2.134000e+03	6.201239e-05
2.136000e+03	4.094210e-05
2.138000e+03	2.302400e-05
2.141930e+03	9.844207e-07
2.145160e+03	1.990455e-07
2.147050e+03	3.576911e-08
2.148650e+03	8.439982e-09
2.150120e+03	3.266813e-09
2.151160e+03	2.466967e-09
2.152030e+03	2.652295e-09
2.152870e+03	2.893991e-09
2.153480e+03	3.077925e-09
2.154070e+03	3.389020e-09
2.154730e+03	3.378761e-09
2.155500e+03	2.945625e-09
2.156160e+03	2.816595e-09
2.156820e+03	2.778960e-09
2.157570e+03	2.802401e-09
2.158210e+03	2.841250e-09
2.158840e+03	2.888529e-09
2.159420e+03	2.936501e-09
2.160010e+03	2.983071e-09
2.160630e+03	3.032603e-09
2.161260e+03	3.080507e-09
2.162290e+03	2.775392e-09
2.163290e+03	2.447326e-09
2.164560e+03	2.180853e-09
2.166030e+03	1.974744e-09
2.167690e+03	1.819993e-09
2.169990e+03	1.672278e-09
2.172320e+03	1.569076e-09
2.175280e+03	1.473325e-09
2.178740e+03	1.392492e-09
2.182440e+03	8.282292e-10
2.186080e+03	5.723072e-10
2.191460e+03	3.980982e-10
2.196520e+03	3.138819e-10
2.201920e+03	2.600826e-10
2.207660e+03	2.226495e-10
2.213740e+03	1.954561e-10
2.220040e+03	1.750659e-10
2.227740e+03	1.568488e-10
2.235290e+03	1.431065e-10
2.243320e+03	1.317310e-10
2.251640e+03	1.224968e-10
2.259430e+03	1.153880e-10
2.269690e+03	1.075876e-10
2.282380e+03	9.990093e-11
2.294370e+03	9.387762e-11
2.308550e+03	8.809704e-11
2.325780e+03	8.238593e-11
2.346100e+03	7.694180e-11
2.378190e+03	7.033954e-11
2.418660e+03	6.404042e-11
2.457900e+03	5.947649e-11
2.495560e+03	5.590486e-11
2.535470e+03	5.274051e-11
2.578230e+03	5.069516e-11
2.628320e+03	4.972406e-11
2.688100e+03	4.862424e-11
2.761490e+03	4.738347e-11
2.844400e+03	4.611290e-11
2.970760e+03	4.438824e-11
3.133790e+03	4.248660e-11
3.424990e+03	3.973906e-11
3.752710e+03	3.729594e-11
4.295860e+03	3.422235e-11
4.968640e+03	3.139446e-11
5.762830e+03	2.886347e-11
7.360820e+03	2.525520e-11
8.974240e+03	2.266767e-11
1.159620e+04	1.965738e-11
1.539200e+04	1.666146e-11
2.113310e+04	1.362312e-11
2.667660e+04	1.157908e-11
3.607950e+04	9.161621e-12
4.700930e+04	7.261190e-12
6.808440e+04	4.968306e-12
