-1.000000e+02	1.366000e+17
-9.000000e+01	3.275034e+13
-8.000000e+01	8.536951e+13
-7.000000e+01	1.976601e+14
-6.000000e+01	4.171550e+14
-5.000000e+01	8.174453e+14
-4.000000e+01	1.506225e+15
-3.000000e+01	2.638737e+15
-2.000000e+01	4.394502e+15
-1.000000e+01	7.017298e+15
0.000000e+00	1.073990e+16
1.000000e+01	1.585786e+16
2.000000e+01	2.258285e+16
3.500000e+01	3.596195e+16
5.000000e+01	5.284484e+16
7.500000e+01	8.440373e+16
1.000000e+02	1.115197e+17
1.250000e+02	1.263847e+17
1.500000e+02	1.281766e+17
1.750000e+02	1.200250e+17
2.000000e+02	1.069327e+17
2.500000e+02	7.786967e+16
3.000000e+02	5.354685e+16
3.500000e+02	3.575850e+16
4.000000e+02	2.346284e+16
4.500000e+02	1.515840e+16
4.900000e+02	1.052478e+16
5.250000e+02	7.590312e+15
5.600000e+02	5.446100e+15
6.150000e+02	3.198705e+15
6.600000e+02	2.058714e+15
7.000000e+02	1.384315e+15
7.500000e+02	8.507786e+14
8.000000e+02	5.292335e+14
8.540000e+02	3.218495e+14
9.000000e+02	2.158014e+14
9.460000e+02	1.484299e+14
9.710000e+02	1.219736e+14
1.003000e+03	9.602517e+13
1.032000e+03	7.787587e+13
1.065000e+03	6.173632e+13
1.101000e+03	4.822519e+13
1.143000e+03	3.644283e+13
1.214000e+03	2.299707e+13
1.299000e+03	1.338385e+13
1.398000e+03	7.157474e+12
1.520000e+03	3.318139e+12
1.617000e+03	1.832108e+12
1.722000e+03	9.855552e+11
1.820000e+03	5.666383e+11
1.894000e+03	3.784658e+11
1.946000e+03	2.873285e+11
1.989000e+03	2.316707e+11
2.024000e+03	1.954933e+11
2.055000e+03	1.684164e+11
2.083000e+03	1.476040e+11
2.098000e+03	1.376808e+11
2.110000e+03	1.306701e+11
2.120000e+03	1.250175e+11
2.126000e+03	1.213175e+11
2.130000e+03	1.185270e+11
2.132000e+03	1.166133e+11
2.134000e+03	1.135883e+11
2.136000e+03	1.090811e+11
2.138000e+03	1.012813e+11
2.141930e+03	8.574961e+10
2.145160e+03	7.079586e+10
2.147050e+03	5.813153e+10
2.148650e+03	4.749651e+10
2.150120e+03	3.988398e+10
2.151160e+03	3.470030e+10
2.152030e+03	3.058487e+10
2.152870e+03	2.712708e+10
2.153480e+03	2.490850e+10
2.154070e+03	2.287983e+10
2.154730e+03	2.073123e+10
2.155500e+03	1.878257e+10
2.156160e+03	1.747308e+10
2.156820e+03	1.637077e+10
2.157570e+03	1.533263e+10
2.158210e+03	1.459049e+10
2.158840e+03	1.395678e+10
2.159420e+03	1.343764e+10
2.160010e+03	1.298062e+10
2.160630e+03	1.254639e+10
2.161260e+03	1.215231e+10
2.162290e+03	1.159532e+10
2.163290e+03	1.112892e+10
2.164560e+03	1.062534e+10
2.166030e+03	1.013190e+10
2.167690e+03	9.661857e+09
2.169990e+03	9.123368e+09
2.172320e+03	8.672353e+09
2.175280e+03	8.194338e+09
2.178740e+03	7.735176e+09
2.182440e+03	7.326267e+09
2.186080e+03	6.987344e+09
2.191460e+03	6.570290e+09
2.196520e+03	6.245512e+09
2.201920e+03	5.949431e+09
2.207660e+03	5.684806e+09
2.213740e+03	5.440665e+09
2.220040e+03	5.223355e+09
2.227740e+03	4.992088e+09
2.235290e+03	4.798241e+09
2.243320e+03	4.612907e+09
2.251640e+03	4.446828e+09
2.259430e+03	4.305873e+09
2.269690e+03	4.143246e+09
2.282380e+03	3.967935e+09
2.294370e+03	3.822973e+09
2.308550e+03	3.671058e+09
2.325780e+03	3.512255e+09
2.346100e+03	3.350385e+09
2.378190e+03	3.138556e+09
2.418660e+03	2.926892e+09
2.457900e+03	2.760166e+09
2.495560e+03	2.626880e+09
2.535470e+03	2.507253e+09
2.578230e+03	2.399697e+09
2.628320e+03	2.296945e+09
2.688100e+03	2.192877e+09
2.761490e+03	2.084993e+09
2.844400e+03	1.982585e+09
2.970760e+03	1.855505e+09
3.133790e+03	1.726502e+09
3.424990e+03	1.556827e+09
3.752710e+03	1.419188e+09
4.295860e+03	1.259000e+09
4.968640e+03	1.122255e+09
5.762830e+03	1.007087e+09
7.360820e+03	8.520994e+08
8.974240e+03	7.468079e+08
1.159620e+04	6.295239e+08
1.539200e+04	5.176132e+08
2.113310e+04	4.089640e+08
2.667660e+04	3.387661e+08
3.607950e+04	2.584590e+08
4.700930e+04	1.978225e+08
6.808440e+04	1.278329e+08
