-1.000000e+02	1.366000e+16
-9.000000e+01	1.204570e+14
-8.000000e+01	2.085270e+14
-7.000000e+01	3.472135e+14
-6.000000e+01	5.568613e+14
-5.000000e+01	8.619813e+14
-4.000000e+01	1.288866e+15
-3.000000e+01	1.866899e+15
-2.000000e+01	2.602705e+15
-1.000000e+01	3.506428e+15
0.000000e+00	4.549063e+15
1.000000e+01	5.709591e+15
2.000000e+01	6.928641e+15
3.500000e+01	8.734279e+15
5.000000e+01	1.029061e+16
7.500000e+01	1.192463e+16
1.000000e+02	1.232663e+16
1.250000e+02	1.178088e+16
1.500000e+02	1.069233e+16
1.750000e+02	9.335094e+15
2.000000e+02	7.960876e+15
2.500000e+02	5.539202e+15
3.000000e+02	3.737291e+15
3.500000e+02	2.474558e+15
4.000000e+02	1.617027e+15
4.500000e+02	1.042504e+15
4.900000e+02	7.231420e+14
5.250000e+02	5.212396e+14
5.600000e+02	3.738569e+14
6.150000e+02	2.195014e+14
6.600000e+02	1.412481e+14
7.000000e+02	9.496806e+13
7.500000e+02	5.836162e+13
8.000000e+02	3.630230e+13
8.540000e+02	2.207526e+13
9.000000e+02	1.480117e+13
9.460000e+02	1.017926e+13
9.710000e+02	8.363881e+12
1.003000e+03	6.583924e+12
1.032000e+03	5.339251e+12
1.065000e+03	4.232965e+12
1.101000e+03	3.306306e+12
1.143000e+03	2.498153e+12
1.214000e+03	1.576481e+12
1.299000e+03	9.177658e+11
1.398000e+03	4.910091e+11
1.520000e+03	2.274209e+11
1.617000e+03	1.266368e+11
1.722000e+03	6.853877e+10
1.820000e+03	3.975719e+10
1.894000e+03	2.659116e+10
1.946000e+03	2.046563e+10
1.989000e+03	1.648796e+10
2.024000e+03	1.386648e+10
2.055000e+03	1.200339e+10
2.083000e+03	1.054583e+10
2.098000e+03	9.890135e+09
2.110000e+03	9.401996e+09
2.120000e+03	9.009475e+09
2.126000e+03	8.766466e+09
2.130000e+03	8.582027e+09
2.132000e+03	8.456918e+09
2.134000e+03	8.261775e+09
2.136000e+03	7.971485e+09
2.138000e+03	7.480229e+09
2.141930e+03	6.432698e+09
2.145160e+03	5.369855e+09
2.147050e+03	1.932145e+09
2.148650e+03	1.863283e+07
2.150120e+03	6.336399e+05
2.151160e+03	7.598150e+04
2.152030e+03	1.769112e+04
2.152870e+03	5.814807e+03
2.153480e+03	2.458080e+03
2.154070e+03	8.896194e+02
2.154730e+03	1.912115e+02
2.155500e+03	2.880113e+01
2.156160e+03	6.581540e+00
2.156820e+03	1.659667e+00
2.157570e+03	4.152727e-01
2.158210e+03	1.558001e-01
2.158840e+03	6.755829e-02
2.159420e+03	3.424311e-02
2.160010e+03	1.884425e-02
2.160630e+03	1.001680e-02
2.161260e+03	5.330682e-03
2.162290e+03	2.234936e-03
2.163290e+03	1.102448e-03
2.164560e+03	5.208254e-04
2.166030e+03	2.527237e-04
2.167690e+03	1.281500e-04
2.169990e+03	5.936623e-05
2.172320e+03	3.135204e-05
2.175280e+03	1.597404e-05
2.178740e+03	8.463860e-06
2.182440e+03	4.768372e-06
2.186080e+03	2.801418e-06
2.191460e+03	1.311302e-06
2.196520e+03	6.556511e-07
2.201920e+03	3.576279e-07
2.207660e+03	2.980232e-07
2.213740e+03	1.788139e-07
2.220040e+03	1.192093e-07
2.227740e+03	5.960464e-08
2.235290e+03	5.960464e-08
2.243320e+03	0.000000e+00
2.251640e+03	5.960464e-08
2.259430e+03	0.000000e+00
2.269690e+03	0.000000e+00
2.282380e+03	0.000000e+00
2.294370e+03	0.000000e+00
2.308550e+03	2.980232e-08
2.325780e+03	0.000000e+00
2.346100e+03	2.980232e-08
2.378190e+03	0.000000e+00
2.418660e+03	0.000000e+00
2.457900e+03	0.000000e+00
2.495560e+03	0.000000e+00
2.535470e+03	0.000000e+00
2.578230e+03	0.000000e+00
2.628320e+03	2.980232e-08
2.688100e+03	0.000000e+00
2.761490e+03	0.000000e+00
2.844400e+03	0.000000e+00
2.970760e+03	0.000000e+00
3.133790e+03	0.000000e+00
3.424990e+03	0.000000e+00
3.752710e+03	0.000000e+00
4.295860e+03	0.000000e+00
4.968640e+03	0.000000e+00
5.762830e+03	0.000000e+00
7.360820e+03	0.000000e+00
8.974240e+03	0.000000e+00
1.159620e+04	7.450581e-09
1.539200e+04	0.000000e+00
2.113310e+04	3.725290e-09
2.667660e+04	0.000000e+00
3.607950e+04	0.000000e+00
4.700930e+04	0.000000e+00
6.808440e+04	0.000000e+00
