-1.000000e+02	6.245547e-15
-9.000000e+01	5.961368e-16
-8.000000e+01	4.497737e-17
-7.000000e+01	1.895001e-18
-6.000000e+01	5.622927e-20
-5.000000e+01	1.257645e-21
-4.000000e+01	2.339001e-23
-3.000000e+01	3.105517e-25
-2.000000e+01	6.178056e-27
-1.000000e+01	1.273397e-28
0.000000e+00	4.257013e-30
1.000000e+01	1.416825e-31
2.000000e+01	5.700502e-33
3.500000e+01	5.415569e-35
5.000000e+01	9.745754e-37
7.500000e+01	4.799687e-39
1.000000e+02	4.388490e-41
1.250000e+02	7.074853e-43
1.500000e+02	1.582010e-44
1.750000e+02	1.030825e-45
2.000000e+02	1.023273e-46
2.500000e+02	3.229611e-48
3.000000e+02	8.786060e-50
3.500000e+02	1.805749e-51
4.000000e+02	2.467445e-53
4.500000e+02	3.428480e-55
4.900000e+02	4.763699e-56
5.250000e+02	2.037480e-56
5.600000e+02	1.953476e-56
6.150000e+02	3.175993e-55
6.600000e+02	3.347940e-53
7.000000e+02	1.665355e-50
7.500000e+02	2.714800e-47
8.000000e+02	2.304193e-44
8.540000e+02	4.326601e-40
9.000000e+02	6.685870e-37
9.460000e+02	2.153638e-34
9.710000e+02	3.667637e-33
1.003000e+03	4.901170e-32
1.032000e+03	2.966361e-31
1.065000e+03	1.546985e-30
1.101000e+03	6.075012e-30
1.143000e+03	1.700551e-29
1.214000e+03	3.589766e-29
1.299000e+03	4.427594e-29
1.398000e+03	3.635192e-29
1.520000e+03	4.089243e-29
1.617000e+03	5.243396e-29
1.722000e+03	7.164977e-29
1.820000e+03	1.404073e-28
1.894000e+03	2.366695e-28
1.946000e+03	4.473193e-28
1.989000e+03	1.015222e-27
2.024000e+03	2.558859e-27
2.055000e+03	9.784508e-27
2.083000e+03	3.969009e-26
2.098000e+03	9.919897e-26
2.110000e+03	2.305574e-25
2.120000e+03	3.969780e-25
2.126000e+03	6.777074e-25
2.130000e+03	1.790565e-24
2.132000e+03	3.956604e-24
2.134000e+03	1.689751e-23
2.136000e+03	1.642796e-22
2.138000e+03	1.187745e-20
2.141930e+03	2.091742e-15
2.145160e+03	1.042835e-09
2.147050e+03	2.390655e-04
2.148650e+03	1.679599e+00
2.150120e+03	1.731861e+03
2.151160e+03	1.535950e+05
2.152030e+03	4.026711e+06
2.152870e+03	6.112262e+07
2.153480e+03	2.733983e+08
2.154070e+03	5.959320e+08
2.154730e+03	7.792390e+08
2.155500e+03	7.792634e+08
2.156160e+03	7.374003e+08
2.156820e+03	6.936715e+08
2.157570e+03	6.500029e+08
2.158210e+03	6.181066e+08
2.158840e+03	5.905859e+08
2.159420e+03	5.681699e+08
2.160010e+03	5.483163e+08
2.160630e+03	5.296448e+08
2.161260e+03	5.126623e+08
2.162290e+03	4.884794e+08
2.163290e+03	4.683878e+08
2.164560e+03	4.467930e+08
2.166030e+03	4.254959e+08
2.167690e+03	4.053976e+08
2.169990e+03	3.821986e+08
2.172320e+03	3.627992e+08
2.175280e+03	3.421995e+08
2.178740e+03	3.224997e+08
2.182440e+03	3.048998e+08
2.186080e+03	2.903999e+08
2.191460e+03	2.726999e+08
2.196520e+03	2.589000e+08
2.201920e+03	2.465000e+08
2.207660e+03	2.353000e+08
2.213740e+03	2.251000e+08
2.220040e+03	2.160000e+08
2.227740e+03	2.064000e+08
2.235290e+03	1.982000e+08
2.243320e+03	1.905000e+08
2.251640e+03	1.836000e+08
2.259430e+03	1.778000e+08
2.269690e+03	1.710000e+08
2.282380e+03	1.637000e+08
2.294370e+03	1.576000e+08
2.308550e+03	1.513000e+08
2.325780e+03	1.447000e+08
2.346100e+03	1.380000e+08
2.378190e+03	1.293000e+08
2.418660e+03	1.205000e+08
2.457900e+03	1.137000e+08
2.495560e+03	1.082000e+08
2.535470e+03	1.032000e+08
2.578230e+03	9.876000e+07
2.628320e+03	9.451000e+07
2.688100e+03	9.018000e+07
2.761490e+03	8.571000e+07
2.844400e+03	8.149000e+07
2.970760e+03	7.625000e+07
3.133790e+03	7.096000e+07
3.424990e+03	6.403000e+07
3.752710e+03	5.842000e+07
4.295860e+03	5.193000e+07
4.968640e+03	4.641000e+07
5.762830e+03	4.177000e+07
7.360820e+03	3.556000e+07
8.974240e+03	3.135000e+07
1.159620e+04	2.667000e+07
1.539200e+04	2.221000e+07
2.113310e+04	1.786000e+07
2.667660e+04	1.502000e+07
3.607950e+04	1.174000e+07
4.700930e+04	9.217000e+06
6.808440e+04	6.233000e+06
