-1.000000e+02	1.907612e+09
-9.000000e+01	9.918275e+08
-8.000000e+01	4.833740e+08
-7.000000e+01	2.010044e+08
-6.000000e+01	7.590272e+07
-5.000000e+01	2.650811e+07
-4.000000e+01	8.794526e+06
-3.000000e+01	2.662072e+06
-2.000000e+01	8.975399e+05
-1.000000e+01	3.050101e+05
0.000000e+00	1.179515e+05
1.000000e+01	4.545477e+04
2.000000e+01	1.840039e+04
3.500000e+01	4.923030e+03
5.000000e+01	1.552503e+03
7.500000e+01	3.245537e+02
1.000000e+02	7.821857e+01
1.250000e+02	2.166534e+01
1.500000e+02	6.478888e+00
1.750000e+02	2.641398e+00
2.000000e+02	1.217169e+00
2.500000e+02	3.655948e-01
3.000000e+02	1.037485e-01
3.500000e+02	2.690555e-02
4.000000e+02	6.109657e-03
4.500000e+02	1.383338e-03
4.900000e+02	6.501698e-04
5.250000e+02	4.325506e-04
5.600000e+02	3.594957e-04
6.150000e+02	5.833150e-04
6.600000e+02	1.440483e-03
7.000000e+02	4.025951e-03
7.500000e+02	4.306644e-03
8.000000e+02	6.885717e-01
8.540000e+02	8.750870e+00
9.000000e+02	5.596589e+01
9.460000e+02	2.357327e+02
9.710000e+02	4.730503e+02
1.003000e+03	8.677261e+02
1.032000e+03	1.293286e+03
1.065000e+03	1.827014e+03
1.101000e+03	2.348353e+03
1.143000e+03	2.705041e+03
1.214000e+03	2.604404e+03
1.299000e+03	2.022248e+03
1.398000e+03	1.274674e+03
1.520000e+03	8.710286e+02
1.617000e+03	7.086626e+02
1.722000e+03	5.928188e+02
1.820000e+03	6.226384e+02
1.894000e+03	6.552510e+02
1.946000e+03	7.784746e+02
1.989000e+03	1.039509e+03
2.024000e+03	1.498984e+03
2.055000e+03	2.690989e+03
2.083000e+03	4.985126e+03
2.098000e+03	7.496226e+03
2.110000e+03	1.093829e+04
2.120000e+03	1.348127e+04
2.126000e+03	1.602691e+04
2.130000e+03	2.324193e+04
2.132000e+03	3.047520e+04
2.134000e+03	4.820658e+04
2.136000e+03	9.570390e+04
2.138000e+03	3.322457e+05
2.141930e+03	1.602472e+07
2.145160e+03	5.820692e+08
2.147050e+03	2.351561e+09
2.148650e+03	2.006556e+09
2.150120e+03	1.662883e+09
2.151160e+03	1.436829e+09
2.152030e+03	1.264969e+09
2.152870e+03	1.063876e+09
2.153480e+03	7.596012e+08
2.154070e+03	3.587678e+08
2.154730e+03	9.646102e+07
2.155500e+03	1.923661e+07
2.156160e+03	5.899733e+06
2.156820e+03	2.128480e+06
2.157570e+03	7.971154e+05
2.158210e+03	3.934178e+05
2.158840e+03	2.140561e+05
2.159420e+03	1.300977e+05
2.160010e+03	8.373299e+04
2.160630e+03	5.516387e+04
2.161260e+03	3.770602e+04
2.162290e+03	2.058119e+04
2.163290e+03	1.218098e+04
2.164560e+03	6.966065e+03
2.166030e+03	4.050518e+03
2.167690e+03	2.430828e+03
2.169990e+03	1.357816e+03
2.172320e+03	8.354729e+02
2.175280e+03	5.003045e+02
2.178740e+03	3.064163e+02
2.182440e+03	1.565012e+02
2.186080e+03	9.243021e+01
2.191460e+03	5.065946e+01
2.196520e+03	3.243853e+01
2.201920e+03	2.191972e+01
2.207660e+03	1.554663e+01
2.213740e+03	1.138343e+01
2.220040e+03	8.662788e+00
2.227740e+03	6.493737e+00
2.235290e+03	5.109448e+00
2.243320e+03	4.073539e+00
2.251640e+03	3.328227e+00
2.259430e+03	2.806070e+00
2.269690e+03	2.303215e+00
2.282380e+03	1.861421e+00
2.294370e+03	1.560454e+00
2.308550e+03	1.297623e+00
2.325780e+03	1.069867e+00
2.346100e+03	8.783172e-01
2.378190e+03	6.779997e-01
2.418660e+03	5.219847e-01
2.457900e+03	4.246877e-01
2.495560e+03	3.593310e-01
2.535470e+03	3.086077e-01
2.578230e+03	2.703413e-01
2.628320e+03	2.392078e-01
2.688100e+03	2.111217e-01
2.761490e+03	1.853304e-01
2.844400e+03	1.636188e-01
2.970760e+03	1.399035e-01
3.133790e+03	1.190637e-01
3.424990e+03	9.584385e-02
3.752710e+03	7.993620e-02
4.295860e+03	6.423200e-02
4.968640e+03	5.282733e-02
5.762830e+03	4.443509e-02
7.360820e+03	3.467151e-02
8.974240e+03	2.887437e-02
1.159620e+04	2.311019e-02
1.539200e+04	1.819576e-02
2.113310e+04	1.387760e-02
2.667660e+04	1.128365e-02
3.607950e+04	8.483946e-03
4.700930e+04	6.463080e-03
6.808440e+04	4.210710e-03
