-1.000000e+02	1.328976e+17
-9.000000e+01	6.488392e+12
-8.000000e+01	3.311524e+13
-7.000000e+01	1.284444e+14
-6.000000e+01	3.564635e+14
-5.000000e+01	7.824309e+14
-4.000000e+01	1.480498e+15
-3.000000e+01	2.617275e+15
-2.000000e+01	4.373871e+15
-1.000000e+01	6.996612e+15
0.000000e+00	1.071895e+16
1.000000e+01	1.583846e+16
2.000000e+01	2.256474e+16
3.500000e+01	3.594854e+16
5.000000e+01	5.283496e+16
7.500000e+01	8.439766e+16
1.000000e+02	1.115163e+17
1.250000e+02	1.263829e+17
1.500000e+02	1.281757e+17
1.750000e+02	1.200244e+17
2.000000e+02	1.069323e+17
2.500000e+02	7.786946e+16
3.000000e+02	5.354675e+16
3.500000e+02	3.575845e+16
4.000000e+02	2.346282e+16
4.500000e+02	1.515839e+16
4.900000e+02	1.052477e+16
5.250000e+02	7.590308e+15
5.600000e+02	5.446096e+15
6.150000e+02	3.198700e+15
6.600000e+02	2.058706e+15
7.000000e+02	1.384298e+15
7.500000e+02	8.507366e+14
8.000000e+02	5.291139e+14
8.540000e+02	3.214605e+14
9.000000e+02	2.149657e+14
9.460000e+02	1.469198e+14
9.710000e+02	1.199934e+14
1.003000e+03	9.358204e+13
1.032000e+03	7.512208e+13
1.065000e+03	5.871977e+13
1.101000e+03	4.501271e+13
1.143000e+03	3.320875e+13
1.214000e+03	2.014278e+13
1.299000e+03	1.117676e+13
1.398000e+03	5.631319e+12
1.520000e+03	2.458406e+12
1.617000e+03	1.301540e+12
1.722000e+03	6.393218e+11
1.820000e+03	3.255115e+11
1.894000e+03	1.914987e+11
1.946000e+03	1.327181e+11
1.989000e+03	9.423062e+10
2.024000e+03	7.042319e+10
2.055000e+03	5.499322e+10
2.083000e+03	4.424036e+10
2.098000e+03	3.934603e+10
2.110000e+03	3.500449e+10
2.120000e+03	3.150313e+10
2.126000e+03	2.880039e+10
2.130000e+03	2.646476e+10
2.132000e+03	2.451089e+10
2.134000e+03	2.109242e+10
2.136000e+03	1.639719e+10
2.138000e+03	9.625385e+09
2.141930e+03	2.316929e+09
2.145160e+03	4.821606e+08
2.147050e+03	4.165099e+07
2.148650e+03	2.646555e+06
2.150120e+03	6.409018e+04
2.151160e+03	1.114111e+04
2.152030e+03	5.646174e+03
2.152870e+03	3.551232e+03
2.153480e+03	2.154666e+03
2.154070e+03	1.504837e+03
2.154730e+03	1.123514e+03
2.155500e+03	8.522719e+02
2.156160e+03	6.805993e+02
2.156820e+03	5.773737e+02
2.157570e+03	4.963738e+02
2.158210e+03	4.451280e+02
2.158840e+03	4.058324e+02
2.159420e+03	3.708849e+02
2.160010e+03	3.408016e+02
2.160630e+03	3.148165e+02
2.161260e+03	2.931479e+02
2.162290e+03	2.527701e+02
2.163290e+03	2.217229e+02
2.164560e+03	1.936881e+02
2.166030e+03	1.704853e+02
2.167690e+03	1.514743e+02
2.169990e+03	1.326536e+02
2.172320e+03	1.095254e+02
2.175280e+03	8.931011e+01
2.178740e+03	7.450004e+01
2.182440e+03	6.393806e+01
2.186080e+03	5.657780e+01
2.191460e+03	4.885987e+01
2.196520e+03	4.366957e+01
2.201920e+03	3.945026e+01
2.207660e+03	3.603179e+01
2.213740e+03	3.313502e+01
2.220040e+03	3.074083e+01
2.227740e+03	2.778340e+01
2.235290e+03	2.406927e+01
2.243320e+03	2.114454e+01
2.251640e+03	1.892134e+01
2.259430e+03	1.727025e+01
2.269690e+03	1.558609e+01
2.282380e+03	1.399010e+01
2.294370e+03	1.281417e+01
2.308550e+03	1.170019e+01
2.325780e+03	1.064703e+01
2.346100e+03	9.674413e+00
2.378190e+03	7.647176e+00
2.418660e+03	5.156404e+00
2.457900e+03	3.991824e+00
2.495560e+03	3.323262e+00
2.535470e+03	2.851391e+00
2.578230e+03	2.501769e+00
2.628320e+03	2.218143e+00
2.688100e+03	1.970539e+00
2.761490e+03	1.747730e+00
2.844400e+03	1.562263e+00
2.970760e+03	1.360887e+00
3.133790e+03	1.183112e+00
3.424990e+03	9.820142e-01
3.752710e+03	8.409517e-01
4.295860e+03	6.968863e-01
4.968640e+03	5.881214e-01
5.762830e+03	5.051174e-01
7.360820e+03	4.270436e-01
8.974240e+03	3.742720e-01
1.159620e+04	3.154911e-01
1.539200e+04	2.594039e-01
2.113310e+04	2.049525e-01
2.667660e+04	1.697719e-01
3.607950e+04	1.295255e-01
4.700930e+04	9.913737e-02
6.808440e+04	6.406225e-02
