-1.000000e+02	3.702292e+15
-9.000000e+01	2.853232e+15
-8.000000e+01	2.141072e+15
-7.000000e+01	1.508927e+15
-6.000000e+01	1.022496e+15
-5.000000e+01	6.710181e+14
-4.000000e+01	4.310923e+14
-3.000000e+01	2.671245e+14
-2.000000e+01	1.723882e+14
-1.000000e+01	1.114617e+14
0.000000e+00	7.568053e+13
1.000000e+01	5.122270e+13
2.000000e+01	3.526307e+13
3.500000e+01	2.030591e+13
5.000000e+01	1.233776e+13
7.500000e+01	6.062608e+12
1.000000e+02	3.052535e+12
1.250000e+02	1.595063e+12
1.500000e+02	8.468939e+11
1.750000e+02	5.218040e+11
2.000000e+02	3.414204e+11
2.500000e+02	1.749378e+11
3.000000e+02	8.617038e+10
3.500000e+02	4.042154e+10
4.000000e+02	1.758206e+10
4.500000e+02	7.626912e+09
4.900000e+02	4.938637e+09
5.250000e+02	3.867055e+09
5.600000e+02	3.432158e+09
6.150000e+02	4.430764e+09
6.600000e+02	6.783680e+09
7.000000e+02	8.581587e+09
7.500000e+02	2.894813e+09
8.000000e+02	1.293725e+11
8.540000e+02	3.417136e+11
9.000000e+02	6.600061e+11
9.460000e+02	1.080665e+12
9.710000e+02	1.351932e+12
1.003000e+03	1.596671e+12
1.032000e+03	1.739183e+12
1.065000e+03	1.826643e+12
1.101000e+03	1.810747e+12
1.143000e+03	1.692611e+12
1.214000e+03	1.351397e+12
1.299000e+03	9.350849e+11
1.398000e+03	5.495976e+11
1.520000e+03	3.235827e+11
1.617000e+03	2.233379e+11
1.722000e+03	1.510316e+11
1.820000e+03	1.131433e+11
1.894000e+03	8.898437e+10
1.946000e+03	7.673131e+10
1.989000e+03	6.857701e+10
2.024000e+03	6.253938e+10
2.055000e+03	5.770077e+10
2.083000e+03	5.313538e+10
2.098000e+03	5.076774e+10
2.110000e+03	4.894846e+10
2.120000e+03	4.744312e+10
2.126000e+03	4.651749e+10
2.130000e+03	4.587926e+10
2.132000e+03	4.545327e+10
2.134000e+03	4.478401e+10
2.136000e+03	4.378295e+10
2.138000e+03	4.199110e+10
2.141930e+03	3.783613e+10
2.145160e+03	3.186952e+10
2.147050e+03	2.468996e+10
2.148650e+03	2.008999e+10
2.150120e+03	1.663000e+10
2.151160e+03	1.437000e+10
2.152030e+03	1.269000e+10
2.152870e+03	1.125000e+10
2.153480e+03	1.033000e+10
2.154070e+03	9.547000e+09
2.154730e+03	8.757000e+09
2.155500e+03	7.985000e+09
2.156160e+03	7.433000e+09
2.156820e+03	6.958000e+09
2.157570e+03	6.508000e+09
2.158210e+03	6.185000e+09
2.158840e+03	5.908000e+09
2.159420e+03	5.683000e+09
2.160010e+03	5.484000e+09
2.160630e+03	5.297000e+09
2.161260e+03	5.127000e+09
2.162290e+03	4.885000e+09
2.163290e+03	4.684000e+09
2.164560e+03	4.468000e+09
2.166030e+03	4.255000e+09
2.167690e+03	4.054000e+09
2.169990e+03	3.822000e+09
2.172320e+03	3.628000e+09
2.175280e+03	3.422000e+09
2.178740e+03	3.225000e+09
2.182440e+03	3.049000e+09
2.186080e+03	2.904000e+09
2.191460e+03	2.727000e+09
2.196520e+03	2.589000e+09
2.201920e+03	2.465000e+09
2.207660e+03	2.353000e+09
2.213740e+03	2.251000e+09
2.220040e+03	2.160000e+09
2.227740e+03	2.064000e+09
2.235290e+03	1.982000e+09
2.243320e+03	1.905000e+09
2.251640e+03	1.836000e+09
2.259430e+03	1.778000e+09
2.269690e+03	1.710000e+09
2.282380e+03	1.637000e+09
2.294370e+03	1.576000e+09
2.308550e+03	1.513000e+09
2.325780e+03	1.447000e+09
2.346100e+03	1.380000e+09
2.378190e+03	1.293000e+09
2.418660e+03	1.205000e+09
2.457900e+03	1.137000e+09
2.495560e+03	1.082000e+09
2.535470e+03	1.032000e+09
2.578230e+03	9.876000e+08
2.628320e+03	9.451000e+08
2.688100e+03	9.018000e+08
2.761490e+03	8.571000e+08
2.844400e+03	8.149000e+08
2.970760e+03	7.625000e+08
3.133790e+03	7.096000e+08
3.424990e+03	6.403000e+08
3.752710e+03	5.842000e+08
4.295860e+03	5.193000e+08
4.968640e+03	4.641000e+08
5.762830e+03	4.177000e+08
7.360820e+03	3.556000e+08
8.974240e+03	3.135000e+08
1.159620e+04	2.667000e+08
1.539200e+04	2.221000e+08
2.113310e+04	1.786000e+08
2.667660e+04	1.502000e+08
3.607950e+04	1.174000e+08
4.700930e+04	9.217000e+07
6.808440e+04	6.233000e+07
