-1.000000e+02	1.641266e+10
-9.000000e+01	4.470795e+07
-8.000000e+01	2.284149e+07
-7.000000e+01	1.066939e+07
-6.000000e+01	4.413097e+06
-5.000000e+01	1.543495e+06
-4.000000e+01	1.611688e+06
-3.000000e+01	1.685827e+06
-2.000000e+01	1.753169e+06
-1.000000e+01	1.814551e+06
0.000000e+00	1.885193e+06
1.000000e+01	1.936797e+06
2.000000e+01	2.003211e+06
3.500000e+01	2.091108e+06
5.000000e+01	2.168064e+06
7.500000e+01	2.586367e+07
1.000000e+02	1.506322e+08
1.250000e+02	5.854595e+08
1.500000e+02	1.725174e+09
1.750000e+02	4.030834e+09
2.000000e+02	7.594042e+09
2.500000e+02	1.466947e+10
3.000000e+02	1.572652e+10
3.500000e+02	1.254682e+10
4.000000e+02	8.846429e+09
4.500000e+02	5.895738e+09
4.900000e+02	4.144084e+09
5.250000e+02	3.007438e+09
5.600000e+02	2.166350e+09
6.150000e+02	1.276960e+09
6.600000e+02	8.231913e+08
7.000000e+02	5.540243e+08
7.500000e+02	3.407303e+08
8.000000e+02	2.120324e+08
8.540000e+02	1.289681e+08
9.000000e+02	8.648420e+07
9.460000e+02	5.949357e+07
9.710000e+02	4.890588e+07
1.003000e+03	3.851519e+07
1.032000e+03	3.124499e+07
1.065000e+03	2.477590e+07
1.101000e+03	1.936026e+07
1.143000e+03	1.463291e+07
1.214000e+03	9.231367e+06
1.299000e+03	5.370115e+06
1.398000e+03	2.868585e+06
1.520000e+03	1.328321e+06
1.617000e+03	7.321492e+05
1.722000e+03	3.884143e+05
1.820000e+03	2.188104e+05
1.894000e+03	1.439113e+05
1.946000e+03	1.083319e+05
1.989000e+03	8.625687e+04
2.024000e+03	7.210727e+04
2.055000e+03	6.183936e+04
2.083000e+03	5.403139e+04
2.098000e+03	5.032392e+04
2.110000e+03	4.758819e+04
2.120000e+03	4.541575e+04
2.126000e+03	4.400963e+04
2.130000e+03	4.295580e+04
2.132000e+03	4.223681e+04
2.134000e+03	4.110287e+04
2.136000e+03	3.941142e+04
2.138000e+03	3.636097e+04
2.141930e+03	3.021310e+04
2.145160e+03	2.528854e+04
2.147050e+03	2.092294e+04
2.148650e+03	1.762904e+04
2.150120e+03	1.477905e+04
2.151160e+03	1.282877e+04
2.152030e+03	1.128876e+04
2.152870e+03	9.930237e+03
2.153480e+03	9.082658e+03
2.154070e+03	8.376620e+03
2.154730e+03	7.678199e+03
2.155500e+03	7.010291e+03
2.156160e+03	6.535775e+03
2.156820e+03	6.123820e+03
2.157570e+03	5.720097e+03
2.158210e+03	5.380306e+03
2.158840e+03	5.095408e+03
2.159420e+03	4.861675e+03
2.160010e+03	4.685584e+03
2.160630e+03	4.527008e+03
2.161260e+03	4.384189e+03
2.162290e+03	4.182881e+03
2.163290e+03	4.014505e+03
2.164560e+03	3.832788e+03
2.166030e+03	3.654768e+03
2.167690e+03	3.485204e+03
2.169990e+03	3.290958e+03
2.172320e+03	3.128266e+03
2.175280e+03	2.955838e+03
2.178740e+03	2.790212e+03
2.182440e+03	2.642713e+03
2.186080e+03	2.520459e+03
2.191460e+03	2.370022e+03
2.196520e+03	2.252870e+03
2.201920e+03	2.146069e+03
2.207660e+03	2.050614e+03
2.213740e+03	1.962549e+03
2.220040e+03	1.884161e+03
2.227740e+03	1.800739e+03
2.235290e+03	1.730815e+03
2.243320e+03	1.663962e+03
2.251640e+03	1.604054e+03
2.259430e+03	1.553209e+03
2.269690e+03	1.494546e+03
2.282380e+03	1.431309e+03
2.294370e+03	1.379018e+03
2.308550e+03	1.324220e+03
2.325780e+03	1.266937e+03
2.346100e+03	1.208547e+03
2.378190e+03	1.132136e+03
2.418660e+03	1.055785e+03
2.457900e+03	9.956437e+02
2.495560e+03	9.475652e+02
2.535470e+03	9.044133e+02
2.578230e+03	8.656160e+02
2.628320e+03	8.285513e+02
2.688100e+03	7.910121e+02
2.761490e+03	7.520964e+02
2.844400e+03	7.151560e+02
2.970760e+03	6.693157e+02
3.133790e+03	6.227819e+02
3.424990e+03	5.615772e+02
3.752710e+03	5.119281e+02
4.295860e+03	4.541453e+02
4.968640e+03	4.048189e+02
5.762830e+03	3.632756e+02
7.360820e+03	3.073686e+02
8.974240e+03	2.693880e+02
1.159620e+04	2.270813e+02
1.539200e+04	1.867130e+02
2.113310e+04	1.475212e+02
2.667660e+04	1.221994e+02
3.607950e+04	9.323112e+01
4.700930e+04	7.135835e+01
6.808440e+04	4.611176e+01
