-1.000000e+02	2.586453e+10
-9.000000e+01	3.477535e+04
-8.000000e+01	1.844424e+05
-7.000000e+01	9.412920e+05
-6.000000e+01	4.585021e+06
-5.000000e+01	2.428916e+07
-4.000000e+01	8.052359e+07
-3.000000e+01	2.025832e+08
-2.000000e+01	4.121881e+08
-1.000000e+01	7.403720e+08
0.000000e+00	1.262378e+09
1.000000e+01	2.189619e+09
2.000000e+01	3.564873e+09
3.500000e+01	8.037932e+09
5.000000e+01	1.644929e+10
7.500000e+01	4.276561e+10
1.000000e+02	8.763412e+10
1.250000e+02	1.469069e+11
1.500000e+02	2.049844e+11
1.750000e+02	2.296261e+11
2.000000e+02	2.278217e+11
2.500000e+02	1.753414e+11
3.000000e+02	1.231641e+11
3.500000e+02	8.429495e+10
4.000000e+02	5.788625e+10
4.500000e+02	3.875005e+10
4.900000e+02	2.435519e+10
5.250000e+02	1.492034e+10
5.600000e+02	8.517380e+09
6.150000e+02	2.800883e+09
6.600000e+02	9.468909e+08
7.000000e+02	3.146188e+08
7.500000e+02	8.962038e+07
8.000000e+02	2.466594e+07
8.540000e+02	6.569260e+06
9.000000e+02	2.617234e+06
9.460000e+02	1.128227e+06
9.710000e+02	7.408327e+05
1.003000e+03	4.630502e+05
1.032000e+03	3.133879e+05
1.065000e+03	2.050687e+05
1.101000e+03	1.304848e+05
1.143000e+03	7.933149e+04
1.214000e+03	3.699441e+04
1.299000e+03	1.600186e+04
1.398000e+03	6.355362e+03
1.520000e+03	2.330691e+03
1.617000e+03	1.121536e+03
1.722000e+03	4.613200e+02
1.820000e+03	1.966631e+02
1.894000e+03	1.009145e+02
1.946000e+03	6.491381e+01
1.989000e+03	4.226172e+01
2.024000e+03	2.956231e+01
2.055000e+03	2.213479e+01
2.083000e+03	1.733833e+01
2.098000e+03	1.525976e+01
2.110000e+03	1.336718e+01
2.120000e+03	1.199363e+01
2.126000e+03	1.112277e+01
2.130000e+03	1.047062e+01
2.132000e+03	1.000715e+01
2.134000e+03	9.265402e+00
2.136000e+03	8.230096e+00
2.138000e+03	6.435155e+00
2.141930e+03	3.348736e+00
2.145160e+03	2.077829e+00
2.147050e+03	6.481365e-01
2.148650e+03	1.188417e-01
2.150120e+03	6.746054e-03
2.151160e+03	2.086846e-03
2.152030e+03	1.643778e-03
2.152870e+03	1.509496e-03
2.153480e+03	1.165464e-03
2.154070e+03	9.983554e-04
2.154730e+03	9.149753e-04
2.155500e+03	8.484130e-04
2.156160e+03	7.824380e-04
2.156820e+03	7.516557e-04
2.157570e+03	7.290128e-04
2.158210e+03	7.131036e-04
2.158840e+03	7.008191e-04
2.159420e+03	6.810874e-04
2.160010e+03	6.608320e-04
2.160630e+03	6.427437e-04
2.161260e+03	6.272952e-04
2.162290e+03	5.782715e-04
2.163290e+03	5.362681e-04
2.164560e+03	4.975856e-04
2.166030e+03	4.646514e-04
2.167690e+03	4.367364e-04
2.169990e+03	4.079447e-04
2.172320e+03	3.555140e-04
2.175280e+03	3.069277e-04
2.178740e+03	2.704006e-04
2.182440e+03	2.435978e-04
2.186080e+03	2.243727e-04
2.191460e+03	2.035063e-04
2.196520e+03	1.889344e-04
2.201920e+03	1.766759e-04
2.207660e+03	1.663866e-04
2.213740e+03	1.574080e-04
2.220040e+03	1.497206e-04
2.227740e+03	1.389625e-04
2.235290e+03	1.230546e-04
2.243320e+03	1.103829e-04
2.251640e+03	1.006314e-04
2.259430e+03	9.330831e-05
2.269690e+03	8.574338e-05
2.282380e+03	7.847568e-05
2.294370e+03	7.303499e-05
2.308550e+03	6.780906e-05
2.325780e+03	6.278374e-05
2.346100e+03	5.806152e-05
2.378190e+03	4.695870e-05
2.418660e+03	3.238907e-05
2.457900e+03	2.552209e-05
2.495560e+03	2.154849e-05
2.535470e+03	1.872232e-05
2.578230e+03	1.661577e-05
2.628320e+03	1.490171e-05
2.688100e+03	1.339005e-05
2.761490e+03	1.201476e-05
2.844400e+03	1.085672e-05
2.970760e+03	9.582676e-06
3.133790e+03	8.440424e-06
3.424990e+03	7.123643e-06
3.752710e+03	6.180948e-06
4.295860e+03	5.198221e-06
4.968640e+03	4.440517e-06
5.762830e+03	3.851703e-06
7.360820e+03	3.298108e-06
8.974240e+03	2.914705e-06
1.159620e+04	2.478941e-06
1.539200e+04	2.055018e-06
2.113310e+04	1.636259e-06
2.667660e+04	1.362092e-06
3.607950e+04	1.045100e-06
4.700930e+04	8.034376e-07
6.808440e+04	5.220154e-07
