-1.000000e+02	4.602143e+12
-9.000000e+01	4.550186e+12
-8.000000e+01	4.497997e+12
-7.000000e+01	4.460913e+12
-6.000000e+01	4.422236e+12
-5.000000e+01	4.377321e+12
-4.000000e+01	4.323940e+12
-3.000000e+01	4.275898e+12
-2.000000e+01	4.196083e+12
-1.000000e+01	4.100936e+12
0.000000e+00	3.978411e+12
1.000000e+01	3.845672e+12
2.000000e+01	3.702716e+12
3.500000e+01	3.477884e+12
5.000000e+01	3.235626e+12
7.500000e+01	2.815062e+12
1.000000e+02	2.413112e+12
1.250000e+02	2.043518e+12
1.500000e+02	1.713737e+12
1.750000e+02	1.421772e+12
2.000000e+02	1.172475e+12
2.500000e+02	7.863020e+11
3.000000e+02	5.206718e+11
3.500000e+02	3.406444e+11
4.000000e+02	2.197875e+11
4.500000e+02	1.386438e+11
4.900000e+02	9.266506e+10
5.250000e+02	6.192421e+10
5.600000e+02	3.755711e+10
6.150000e+02	1.141597e+10
6.600000e+02	2.424861e+09
7.000000e+02	3.272248e+08
7.500000e+02	5.012876e+06
8.000000e+02	5.063241e+09
8.540000e+02	3.079774e+09
9.000000e+02	2.065401e+09
9.460000e+02	1.420465e+09
9.710000e+02	1.167081e+09
1.003000e+03	9.184323e+08
1.032000e+03	7.446447e+08
1.065000e+03	5.901642e+08
1.101000e+03	4.607509e+08
1.143000e+03	3.482753e+08
1.214000e+03	2.198078e+08
1.299000e+03	1.280637e+08
1.398000e+03	6.816527e+07
1.520000e+03	3.135890e+07
1.617000e+03	1.751579e+07
1.722000e+03	9.703167e+06
1.820000e+03	5.861216e+06
1.894000e+03	4.099469e+06
1.946000e+03	3.233162e+06
1.989000e+03	2.682276e+06
2.024000e+03	2.318407e+06
2.055000e+03	2.047029e+06
2.083000e+03	1.842394e+06
2.098000e+03	1.745836e+06
2.110000e+03	1.675027e+06
2.120000e+03	1.620480e+06
2.126000e+03	1.587278e+06
2.130000e+03	1.562546e+06
2.132000e+03	1.546622e+06
2.134000e+03	1.522228e+06
2.136000e+03	1.486654e+06
2.138000e+03	1.424315e+06
2.141930e+03	1.282019e+06
2.145160e+03	1.079756e+06
2.147050e+03	8.364972e+05
2.148650e+03	6.806492e+05
2.150120e+03	5.634244e+05
2.151160e+03	4.868556e+05
2.152030e+03	4.299372e+05
2.152870e+03	3.811500e+05
2.153480e+03	3.499804e+05
2.154070e+03	3.234524e+05
2.154730e+03	2.966872e+05
2.155500e+03	2.705318e+05
2.156160e+03	2.518300e+05
2.156820e+03	2.357370e+05
2.157570e+03	2.204910e+05
2.158210e+03	2.095478e+05
2.158840e+03	2.001630e+05
2.159420e+03	1.925400e+05
2.160010e+03	1.857979e+05
2.160630e+03	1.794624e+05
2.161260e+03	1.737028e+05
2.162290e+03	1.655038e+05
2.163290e+03	1.586939e+05
2.164560e+03	1.513758e+05
2.166030e+03	1.441594e+05
2.167690e+03	1.373495e+05
2.169990e+03	1.294894e+05
2.172320e+03	1.229166e+05
2.175280e+03	1.159374e+05
2.178740e+03	1.092630e+05
2.182440e+03	1.033001e+05
2.186080e+03	9.838752e+04
2.191460e+03	9.239076e+04
2.196520e+03	8.771532e+04
2.201920e+03	8.351420e+04
2.207660e+03	7.971964e+04
2.213740e+03	7.626388e+04
2.220040e+03	7.318080e+04
2.227740e+03	6.992832e+04
2.235290e+03	6.715016e+04
2.243320e+03	6.454140e+04
2.251640e+03	6.220368e+04
2.259430e+03	6.023864e+04
2.269690e+03	5.793480e+04
2.282380e+03	5.546156e+04
2.294370e+03	5.339488e+04
2.308550e+03	5.126044e+04
2.325780e+03	4.902436e+04
2.346100e+03	4.675440e+04
2.378190e+03	4.380684e+04
2.418660e+03	4.082540e+04
2.457900e+03	3.852156e+04
2.495560e+03	3.665816e+04
2.535470e+03	3.496416e+04
2.578230e+03	3.345989e+04
2.628320e+03	3.201999e+04
2.688100e+03	3.055298e+04
2.761490e+03	2.903855e+04
2.844400e+03	2.760881e+04
2.970760e+03	2.583350e+04
3.133790e+03	2.404125e+04
3.424990e+03	2.169336e+04
3.752710e+03	1.979270e+04
4.295860e+03	1.759388e+04
4.968640e+03	1.572371e+04
5.762830e+03	1.415168e+04
7.360820e+03	1.204773e+04
8.974240e+03	1.062138e+04
1.159620e+04	9.035796e+03
1.539200e+04	7.524748e+03
2.113310e+04	6.050968e+03
2.667660e+04	5.088776e+03
3.607950e+04	3.977512e+03
4.700930e+04	3.122720e+03
6.808440e+04	2.111740e+03
