-1.000000e+02	2.387164e+08
-9.000000e+01	3.496067e+05
-8.000000e+01	9.277042e+05
-7.000000e+01	1.892982e+06
-6.000000e+01	3.458895e+06
-5.000000e+01	5.907592e+06
-4.000000e+01	1.019631e+07
-3.000000e+01	1.724924e+07
-2.000000e+01	2.848734e+07
-1.000000e+01	4.834255e+07
0.000000e+00	7.720174e+07
1.000000e+01	1.181747e+08
2.000000e+01	1.723417e+08
3.500000e+01	2.693300e+08
5.000000e+01	3.814994e+08
7.500000e+01	5.823646e+08
1.000000e+02	7.952089e+08
1.250000e+02	9.793211e+08
1.500000e+02	1.106638e+09
1.750000e+02	1.084615e+09
2.000000e+02	9.880044e+08
2.500000e+02	6.917426e+08
3.000000e+02	4.645821e+08
3.500000e+02	3.098499e+08
4.000000e+02	2.095452e+08
4.500000e+02	1.382464e+08
4.900000e+02	8.600241e+07
5.250000e+02	5.223317e+07
5.600000e+02	2.960931e+07
6.150000e+02	9.723132e+06
6.600000e+02	3.292772e+06
7.000000e+02	1.078486e+06
7.500000e+02	2.750579e+05
8.000000e+02	7.689063e+04
8.540000e+02	2.396915e+04
9.000000e+02	9.760081e+03
9.460000e+02	4.508810e+03
9.710000e+02	3.086573e+03
1.003000e+03	1.972449e+03
1.032000e+03	1.347511e+03
1.065000e+03	8.756892e+02
1.101000e+03	5.664024e+02
1.143000e+03	3.538067e+02
1.214000e+03	1.700959e+02
1.299000e+03	7.561952e+01
1.398000e+03	3.133059e+01
1.520000e+03	1.261504e+01
1.617000e+03	5.519952e+00
1.722000e+03	2.232338e+00
1.820000e+03	9.102662e-01
1.894000e+03	4.787316e-01
1.946000e+03	2.707336e-01
1.989000e+03	1.776636e-01
2.024000e+03	1.296432e-01
2.055000e+03	9.191869e-02
2.083000e+03	6.957992e-02
2.098000e+03	5.675518e-02
2.110000e+03	4.811486e-02
2.120000e+03	4.189024e-02
2.126000e+03	3.731936e-02
2.130000e+03	3.425484e-02
2.132000e+03	3.227649e-02
2.134000e+03	2.934920e-02
2.136000e+03	2.550826e-02
2.138000e+03	1.875711e-02
2.141930e+03	7.971962e-03
2.145160e+03	1.824712e-03
2.147050e+03	1.875093e-04
2.148650e+03	2.144455e-05
2.150120e+03	8.415022e-06
2.151160e+03	5.294793e-06
2.152030e+03	4.389476e-06
2.152870e+03	4.386317e-06
2.153480e+03	4.196914e-06
2.154070e+03	4.114132e-06
2.154730e+03	4.061199e-06
2.155500e+03	4.017498e-06
2.156160e+03	3.936994e-06
2.156820e+03	3.709739e-06
2.157570e+03	3.425538e-06
2.158210e+03	3.263329e-06
2.158840e+03	3.145257e-06
2.159420e+03	3.057592e-06
2.160010e+03	2.986441e-06
2.160630e+03	2.824244e-06
2.161260e+03	2.610331e-06
2.162290e+03	2.364609e-06
2.163290e+03	2.194386e-06
2.164560e+03	2.038101e-06
2.166030e+03	1.905367e-06
2.167690e+03	1.793060e-06
2.169990e+03	1.677373e-06
2.172320e+03	1.588645e-06
2.175280e+03	1.500495e-06
2.178740e+03	1.420012e-06
2.182440e+03	1.350952e-06
2.186080e+03	1.248469e-06
2.191460e+03	1.061618e-06
2.196520e+03	9.461371e-07
2.201920e+03	8.570323e-07
2.207660e+03	7.872570e-07
2.213740e+03	7.296510e-07
2.220040e+03	6.826177e-07
2.227740e+03	6.364829e-07
2.235290e+03	6.002169e-07
2.243320e+03	5.674519e-07
2.251640e+03	4.938622e-07
2.259430e+03	4.100453e-07
2.269690e+03	3.405487e-07
2.282380e+03	2.856932e-07
2.294370e+03	2.505273e-07
2.308550e+03	2.205576e-07
2.325780e+03	1.947029e-07
2.346100e+03	1.726524e-07
2.378190e+03	1.486554e-07
2.418660e+03	1.287423e-07
2.457900e+03	1.152280e-07
2.495560e+03	1.055225e-07
2.535470e+03	9.751182e-08
2.578230e+03	9.082186e-08
2.628320e+03	8.486273e-08
2.688100e+03	7.914826e-08
2.761490e+03	7.353174e-08
2.844400e+03	6.846210e-08
2.970760e+03	6.248979e-08
3.133790e+03	5.675179e-08
3.424990e+03	4.964511e-08
3.752710e+03	4.420750e-08
4.295860e+03	3.980557e-08
4.968640e+03	3.593055e-08
5.762830e+03	3.257475e-08
7.360820e+03	2.792706e-08
8.974240e+03	2.468781e-08
1.159620e+04	2.100343e-08
1.539200e+04	1.741670e-08
2.113310e+04	1.387140e-08
2.667660e+04	1.154913e-08
3.607950e+04	8.863154e-09
4.700930e+04	6.814744e-09
6.808440e+04	4.428571e-09
