-1.000000e+02	2.018245e+11
-9.000000e+01	1.996060e+11
-8.000000e+01	1.973842e+11
-7.000000e+01	1.958447e+11
-6.000000e+01	1.942478e+11
-5.000000e+01	1.923876e+11
-4.000000e+01	1.901630e+11
-3.000000e+01	1.881893e+11
-2.000000e+01	1.848004e+11
-1.000000e+01	1.807328e+11
0.000000e+00	1.754341e+11
1.000000e+01	1.696817e+11
2.000000e+01	1.634684e+11
3.500000e+01	1.536864e+11
5.000000e+01	1.431171e+11
7.500000e+01	1.247108e+11
1.000000e+02	1.071345e+11
1.250000e+02	9.095966e+10
1.500000e+02	7.651932e+10
1.750000e+02	6.359530e+10
2.000000e+02	5.249982e+10
2.500000e+02	3.519073e+10
3.000000e+02	2.330117e+10
3.500000e+02	1.524920e+10
4.000000e+02	9.849831e+09
4.500000e+02	6.217090e+09
4.900000e+02	4.140395e+09
5.250000e+02	2.752689e+09
5.600000e+02	1.659175e+09
6.150000e+02	4.999320e+08
6.600000e+02	1.059152e+08
7.000000e+02	1.428602e+07
7.500000e+02	2.188341e+05
8.000000e+02	2.211094e+08
8.540000e+02	1.344702e+08
9.000000e+02	9.017434e+07
9.460000e+02	6.201430e+07
9.710000e+02	5.095142e+07
1.003000e+03	4.009560e+07
1.032000e+03	3.250835e+07
1.065000e+03	2.576413e+07
1.101000e+03	2.011437e+07
1.143000e+03	1.520410e+07
1.214000e+03	9.595740e+06
1.299000e+03	5.590614e+06
1.398000e+03	2.975745e+06
1.520000e+03	1.368961e+06
1.617000e+03	7.646426e+05
1.722000e+03	4.235855e+05
1.820000e+03	2.558669e+05
1.894000e+03	1.789590e+05
1.946000e+03	1.411410e+05
1.989000e+03	1.170924e+05
2.024000e+03	1.012080e+05
2.055000e+03	8.936118e+04
2.083000e+03	8.042802e+04
2.098000e+03	7.621287e+04
2.110000e+03	7.312176e+04
2.120000e+03	7.074057e+04
2.126000e+03	6.929115e+04
2.130000e+03	6.821148e+04
2.132000e+03	6.751635e+04
2.134000e+03	6.645147e+04
2.136000e+03	6.489852e+04
2.138000e+03	6.217716e+04
2.141930e+03	5.596536e+04
2.145160e+03	4.713573e+04
2.147050e+03	3.651651e+04
2.148650e+03	2.971311e+04
2.150120e+03	2.459577e+04
2.151160e+03	2.125323e+04
2.152030e+03	1.876851e+04
2.152870e+03	1.663875e+04
2.153480e+03	1.527807e+04
2.154070e+03	1.412001e+04
2.154730e+03	1.295160e+04
2.155500e+03	1.180981e+04
2.156160e+03	1.099341e+04
2.156820e+03	1.029088e+04
2.157570e+03	9.625332e+03
2.158210e+03	9.147615e+03
2.158840e+03	8.737932e+03
2.159420e+03	8.405157e+03
2.160010e+03	8.110836e+03
2.160630e+03	7.834263e+03
2.161260e+03	7.582833e+03
2.162290e+03	7.224915e+03
2.163290e+03	6.927636e+03
2.164560e+03	6.608172e+03
2.166030e+03	6.293145e+03
2.167690e+03	5.995866e+03
2.169990e+03	5.652738e+03
2.172320e+03	5.365812e+03
2.175280e+03	5.061138e+03
2.178740e+03	4.769775e+03
2.182440e+03	4.509471e+03
2.186080e+03	4.295016e+03
2.191460e+03	4.033233e+03
2.196520e+03	3.829131e+03
2.201920e+03	3.645735e+03
2.207660e+03	3.480087e+03
2.213740e+03	3.329229e+03
2.220040e+03	3.194640e+03
2.227740e+03	3.052656e+03
2.235290e+03	2.931378e+03
2.243320e+03	2.817495e+03
2.251640e+03	2.715444e+03
2.259430e+03	2.629662e+03
2.269690e+03	2.529090e+03
2.282380e+03	2.421123e+03
2.294370e+03	2.330904e+03
2.308550e+03	2.237727e+03
2.325780e+03	2.140113e+03
2.346100e+03	2.041020e+03
2.378190e+03	1.912347e+03
2.418660e+03	1.782195e+03
2.457900e+03	1.681623e+03
2.495560e+03	1.600278e+03
2.535470e+03	1.526328e+03
2.578230e+03	1.460660e+03
2.628320e+03	1.397803e+03
2.688100e+03	1.333762e+03
2.761490e+03	1.267651e+03
2.844400e+03	1.205237e+03
2.970760e+03	1.127737e+03
3.133790e+03	1.049498e+03
3.424990e+03	9.470037e+02
3.752710e+03	8.640318e+02
4.295860e+03	7.680447e+02
4.968640e+03	6.864039e+02
5.762830e+03	6.177783e+02
7.360820e+03	5.259324e+02
8.974240e+03	4.636665e+02
1.159620e+04	3.944493e+02
1.539200e+04	3.284859e+02
2.113310e+04	2.641494e+02
2.667660e+04	2.221458e+02
3.607950e+04	1.736346e+02
4.700930e+04	1.363194e+02
6.808440e+04	9.218607e+01
