-1.000000e+02	9.449836e+12
-9.000000e+01	8.511555e+10
-8.000000e+01	1.473551e+11
-7.000000e+01	2.453620e+11
-6.000000e+01	3.935135e+11
-5.000000e+01	6.091269e+11
-4.000000e+01	9.107813e+11
-3.000000e+01	1.319246e+12
-2.000000e+01	1.839194e+12
-1.000000e+01	2.477806e+12
0.000000e+00	3.214579e+12
1.000000e+01	4.034659e+12
2.000000e+01	4.896096e+12
3.500000e+01	6.172040e+12
5.000000e+01	7.271812e+12
7.500000e+01	8.426483e+12
1.000000e+02	8.710550e+12
1.250000e+02	8.324902e+12
1.500000e+02	7.555681e+12
1.750000e+02	6.596596e+12
2.000000e+02	5.625512e+12
2.500000e+02	3.914248e+12
3.000000e+02	2.640937e+12
3.500000e+02	1.748633e+12
4.000000e+02	1.142664e+12
4.500000e+02	7.366798e+11
4.900000e+02	5.110043e+11
5.250000e+02	3.683310e+11
5.600000e+02	2.641839e+11
6.150000e+02	1.551094e+11
6.600000e+02	9.981218e+10
7.000000e+02	6.710862e+10
7.500000e+02	4.124087e+10
8.000000e+02	2.565279e+10
8.540000e+02	1.559937e+10
9.000000e+02	1.045917e+10
9.460000e+02	7.193176e+09
9.710000e+02	5.910377e+09
1.003000e+03	4.652576e+09
1.032000e+03	3.772977e+09
1.065000e+03	2.991257e+09
1.101000e+03	2.336448e+09
1.143000e+03	1.765365e+09
1.214000e+03	1.114058e+09
1.299000e+03	6.485304e+08
1.398000e+03	3.469573e+08
1.520000e+03	1.607125e+08
1.617000e+03	8.944108e+07
1.722000e+03	4.839005e+07
1.820000e+03	2.805558e+07
1.894000e+03	1.876250e+07
1.946000e+03	1.442808e+07
1.989000e+03	1.162685e+07
2.024000e+03	9.779147e+06
2.055000e+03	8.459628e+06
2.083000e+03	7.434382e+06
2.098000e+03	6.960985e+06
2.110000e+03	6.620994e+06
2.120000e+03	6.342717e+06
2.126000e+03	6.169097e+06
2.130000e+03	6.040848e+06
2.132000e+03	5.953487e+06
2.134000e+03	5.816771e+06
2.136000e+03	5.612876e+06
2.138000e+03	5.252385e+06
2.141930e+03	4.473129e+06
2.145160e+03	2.572942e+06
2.147050e+03	3.985032e+04
2.148650e+03	3.662930e+02
2.150120e+03	1.841826e+01
2.151160e+03	3.033481e+00
2.152030e+03	8.627608e-01
2.152870e+03	3.510879e-01
2.153480e+03	1.903848e-01
2.154070e+03	1.141720e-01
2.154730e+03	6.909996e-02
2.155500e+03	4.277479e-02
2.156160e+03	2.967569e-02
2.156820e+03	2.130326e-02
2.157570e+03	1.465798e-02
2.158210e+03	1.131142e-02
2.158840e+03	9.095028e-03
2.159420e+03	7.624107e-03
2.160010e+03	6.533452e-03
2.160630e+03	5.647797e-03
2.161260e+03	4.667644e-03
2.162290e+03	3.577718e-03
2.163290e+03	2.893102e-03
2.164560e+03	2.317131e-03
2.166030e+03	1.875070e-03
2.167690e+03	1.538958e-03
2.169990e+03	1.231534e-03
2.172320e+03	1.023757e-03
2.175280e+03	8.426902e-04
2.178740e+03	6.993461e-04
2.182440e+03	5.921916e-04
2.186080e+03	5.156414e-04
2.191460e+03	3.877002e-04
2.196520e+03	3.137740e-04
2.201920e+03	2.606587e-04
2.207660e+03	2.218739e-04
2.213740e+03	1.917307e-04
2.220040e+03	1.686985e-04
2.227740e+03	1.473728e-04
2.235290e+03	1.317217e-04
2.243320e+03	1.183478e-04
2.251640e+03	1.075297e-04
2.259430e+03	8.535982e-05
2.269690e+03	6.665959e-05
2.282380e+03	5.263515e-05
2.294370e+03	4.404306e-05
2.308550e+03	3.698742e-05
2.325780e+03	3.113734e-05
2.346100e+03	2.634074e-05
2.378190e+03	2.135825e-05
2.418660e+03	1.744970e-05
2.457900e+03	1.493018e-05
2.495560e+03	1.319611e-05
2.535470e+03	1.181639e-05
2.578230e+03	1.069588e-05
2.628320e+03	9.714189e-06
2.688100e+03	8.808100e-06
2.761490e+03	7.951821e-06
2.844400e+03	7.208626e-06
2.970760e+03	6.370145e-06
3.133790e+03	5.602706e-06
3.424990e+03	4.704867e-06
3.752710e+03	4.057263e-06
4.295860e+03	3.502093e-06
4.968640e+03	3.071604e-06
5.762830e+03	2.720299e-06
7.360820e+03	2.262910e-06
8.974240e+03	1.961409e-06
1.159620e+04	1.633853e-06
1.539200e+04	1.328808e-06
2.113310e+04	1.039116e-06
2.667660e+04	8.551142e-07
3.607950e+04	6.474929e-07
4.700930e+04	4.926878e-07
6.808440e+04	3.160712e-07
