-1.000000e+02	7.151958e+09
-9.000000e+01	9.861506e+03
-8.000000e+01	5.227551e+04
-7.000000e+01	2.665632e+05
-6.000000e+01	1.296632e+06
-5.000000e+01	6.847429e+06
-4.000000e+01	2.261378e+07
-3.000000e+01	5.667592e+07
-2.000000e+01	1.149839e+08
-1.000000e+01	2.060891e+08
0.000000e+00	3.506486e+08
1.000000e+01	6.062274e+08
2.000000e+01	9.839120e+08
3.500000e+01	2.197709e+09
5.000000e+01	4.443343e+09
7.500000e+01	1.125610e+10
1.000000e+02	2.226044e+10
1.250000e+02	3.564846e+10
1.500000e+02	4.729513e+10
1.750000e+02	5.117240e+10
2.000000e+02	4.959622e+10
2.500000e+02	3.767715e+10
3.000000e+02	2.632352e+10
3.500000e+02	1.790337e+10
4.000000e+02	1.215232e+10
4.500000e+02	8.058701e+09
4.900000e+02	5.190441e+09
5.250000e+02	3.297754e+09
5.600000e+02	1.966894e+09
6.150000e+02	7.007645e+08
6.600000e+02	2.495497e+08
7.000000e+02	8.550941e+07
7.500000e+02	2.477955e+07
8.000000e+02	6.882030e+06
8.540000e+02	1.842009e+06
9.000000e+02	7.354885e+05
9.460000e+02	3.175152e+05
9.710000e+02	2.086218e+05
1.003000e+03	1.304690e+05
1.032000e+03	8.833324e+04
1.065000e+03	5.782143e+04
1.101000e+03	3.680239e+04
1.143000e+03	2.238004e+04
1.214000e+03	1.043850e+04
1.299000e+03	4.515671e+03
1.398000e+03	1.793595e+03
1.520000e+03	6.578012e+02
1.617000e+03	3.165484e+02
1.722000e+03	1.302114e+02
1.820000e+03	5.551202e+01
1.894000e+03	2.848600e+01
1.946000e+03	1.832422e+01
1.989000e+03	1.193016e+01
2.024000e+03	8.345378e+00
2.055000e+03	6.248719e+00
2.083000e+03	4.894774e+00
2.098000e+03	4.308046e+00
2.110000e+03	3.773806e+00
2.120000e+03	3.386135e+00
2.126000e+03	3.140446e+00
2.130000e+03	2.956527e+00
2.132000e+03	2.825889e+00
2.134000e+03	2.616885e+00
2.136000e+03	2.325165e+00
2.138000e+03	1.819128e+00
2.141930e+03	9.479829e-01
2.145160e+03	5.893052e-01
2.147050e+03	1.842201e-01
2.148650e+03	3.383856e-02
2.150120e+03	1.923594e-03
2.151160e+03	5.956258e-04
2.152030e+03	4.695128e-04
2.152870e+03	4.314314e-04
2.153480e+03	3.332375e-04
2.154070e+03	2.855545e-04
2.154730e+03	2.617956e-04
2.155500e+03	2.428323e-04
2.156160e+03	2.240030e-04
2.156820e+03	2.152353e-04
2.157570e+03	2.087937e-04
2.158210e+03	2.042670e-04
2.158840e+03	2.007734e-04
2.159420e+03	1.951407e-04
2.160010e+03	1.893545e-04
2.160630e+03	1.841874e-04
2.161260e+03	1.797746e-04
2.162290e+03	1.657436e-04
2.163290e+03	1.537190e-04
2.164560e+03	1.426452e-04
2.166030e+03	1.332170e-04
2.167690e+03	1.252255e-04
2.169990e+03	1.169827e-04
2.172320e+03	1.019568e-04
2.175280e+03	8.803134e-05
2.178740e+03	7.756193e-05
2.182440e+03	6.987947e-05
2.186080e+03	6.436880e-05
2.191460e+03	5.838736e-05
2.196520e+03	5.421007e-05
2.201920e+03	5.069573e-05
2.207660e+03	4.774573e-05
2.213740e+03	4.517140e-05
2.220040e+03	4.296715e-05
2.227740e+03	3.988154e-05
2.235290e+03	3.531736e-05
2.243320e+03	3.168163e-05
2.251640e+03	2.888369e-05
2.259430e+03	2.678248e-05
2.269690e+03	2.461185e-05
2.282380e+03	2.252646e-05
2.294370e+03	2.096527e-05
2.308550e+03	1.946567e-05
2.325780e+03	1.802359e-05
2.346100e+03	1.666846e-05
2.378190e+03	1.348155e-05
2.418660e+03	9.299057e-06
2.457900e+03	7.327732e-06
2.495560e+03	6.187001e-06
2.535470e+03	5.375665e-06
2.578230e+03	4.770909e-06
2.628320e+03	4.278833e-06
2.688100e+03	3.844854e-06
2.761490e+03	3.450012e-06
2.844400e+03	3.117541e-06
2.970760e+03	2.751756e-06
3.133790e+03	2.423801e-06
3.424990e+03	2.045726e-06
3.752710e+03	1.775047e-06
4.295860e+03	1.492862e-06
4.968640e+03	1.275286e-06
5.762830e+03	1.106202e-06
7.360820e+03	9.472301e-07
8.974240e+03	8.371276e-07
1.159620e+04	7.119831e-07
1.539200e+04	5.902355e-07
2.113310e+04	4.699667e-07
2.667660e+04	3.912236e-07
3.607950e+04	3.001796e-07
4.700930e+04	2.307693e-07
6.808440e+04	1.499384e-07
