-1.000000e+02	1.543848e+12
-9.000000e+01	1.177338e+10
-8.000000e+01	2.300036e+10
-7.000000e+01	2.971837e+10
-6.000000e+01	2.556456e+10
-5.000000e+01	1.460757e+10
-4.000000e+01	1.070483e+10
-3.000000e+01	8.920476e+09
-2.000000e+01	8.570296e+09
-1.000000e+01	8.589797e+09
0.000000e+00	8.696400e+09
1.000000e+01	8.049618e+09
2.000000e+01	7.512306e+09
3.500000e+01	5.561915e+09
5.000000e+01	4.099198e+09
7.500000e+01	2.513401e+09
1.000000e+02	1.422756e+09
1.250000e+02	7.632473e+08
1.500000e+02	4.063298e+08
1.750000e+02	2.516447e+08
2.000000e+02	1.652623e+08
2.500000e+02	8.485486e+07
3.000000e+02	4.226487e+07
3.500000e+02	1.991918e+07
4.000000e+02	8.741076e+06
4.500000e+02	3.816910e+06
4.900000e+02	2.478701e+06
5.250000e+02	1.947319e+06
5.600000e+02	1.715886e+06
6.150000e+02	2.081593e+06
6.600000e+02	3.348813e+06
7.000000e+02	7.056849e+06
7.500000e+02	1.740469e+07
8.000000e+02	4.950598e+07
8.540000e+02	1.611889e+08
9.000000e+02	3.465760e+08
9.460000e+02	6.268555e+08
9.710000e+02	8.225863e+08
1.003000e+03	1.015922e+09
1.032000e+03	1.146285e+09
1.065000e+03	1.257363e+09
1.101000e+03	1.341350e+09
1.143000e+03	1.353227e+09
1.214000e+03	1.198304e+09
1.299000e+03	9.301436e+08
1.398000e+03	6.461000e+08
1.520000e+03	3.655468e+08
1.617000e+03	2.262422e+08
1.722000e+03	1.485064e+08
1.820000e+03	1.041595e+08
1.894000e+03	8.129732e+07
1.946000e+03	6.751485e+07
1.989000e+03	6.033911e+07
2.024000e+03	5.515802e+07
2.055000e+03	5.018686e+07
2.083000e+03	4.585637e+07
2.098000e+03	4.368529e+07
2.110000e+03	4.257455e+07
2.120000e+03	4.168260e+07
2.126000e+03	4.129780e+07
2.130000e+03	4.115243e+07
2.132000e+03	4.122411e+07
2.134000e+03	4.150146e+07
2.136000e+03	4.173307e+07
2.138000e+03	4.149924e+07
2.141930e+03	3.803440e+07
2.145160e+03	3.211873e+07
2.147050e+03	2.655102e+07
2.148650e+03	2.170933e+07
2.150120e+03	1.823094e+07
2.151160e+03	1.586150e+07
2.152030e+03	1.398034e+07
2.152870e+03	1.239979e+07
2.153480e+03	1.138568e+07
2.154070e+03	1.045837e+07
2.154730e+03	9.476244e+06
2.155500e+03	8.585512e+06
2.156160e+03	7.986946e+06
2.156820e+03	7.483079e+06
2.157570e+03	7.008547e+06
2.158210e+03	6.669314e+06
2.158840e+03	6.379645e+06
2.159420e+03	6.142346e+06
2.160010e+03	5.933440e+06
2.160630e+03	5.734956e+06
2.161260e+03	5.554819e+06
2.162290e+03	5.300221e+06
2.163290e+03	5.087028e+06
2.164560e+03	4.856842e+06
2.166030e+03	4.631292e+06
2.167690e+03	4.416435e+06
2.169990e+03	4.170292e+06
2.172320e+03	3.964132e+06
2.175280e+03	3.745632e+06
2.178740e+03	3.535749e+06
2.182440e+03	3.348836e+06
2.186080e+03	3.193915e+06
2.191460e+03	3.003280e+06
2.196520e+03	2.854824e+06
2.201920e+03	2.719485e+06
2.207660e+03	2.598525e+06
2.213740e+03	2.486928e+06
2.220040e+03	2.387596e+06
2.227740e+03	2.281883e+06
2.235290e+03	2.193276e+06
2.243320e+03	2.108560e+06
2.251640e+03	2.032645e+06
2.259430e+03	1.968214e+06
2.269690e+03	1.893878e+06
2.282380e+03	1.813743e+06
2.294370e+03	1.747481e+06
2.308550e+03	1.678041e+06
2.325780e+03	1.605452e+06
2.346100e+03	1.531461e+06
2.378190e+03	1.434634e+06
2.418660e+03	1.337882e+06
2.457900e+03	1.261672e+06
2.495560e+03	1.200747e+06
2.535470e+03	1.146065e+06
2.578230e+03	1.096902e+06
2.628320e+03	1.049933e+06
2.688100e+03	1.002364e+06
2.761490e+03	9.530503e+05
2.844400e+03	9.062397e+05
2.970760e+03	8.481512e+05
3.133790e+03	7.891838e+05
3.424990e+03	7.116257e+05
3.752710e+03	6.487107e+05
4.295860e+03	5.754889e+05
4.968640e+03	5.129829e+05
5.762830e+03	4.603396e+05
7.360820e+03	3.894947e+05
8.974240e+03	3.413659e+05
1.159620e+04	2.877554e+05
1.539200e+04	2.366010e+05
2.113310e+04	1.869374e+05
2.667660e+04	1.548500e+05
3.607950e+04	1.181416e+05
4.700930e+04	9.042465e+04
6.808440e+04	5.843240e+04
