-1.000000e+02	2.059000e+05
-9.000000e+01	2.058496e+05
-8.000000e+01	2.057417e+05
-7.000000e+01	2.055595e+05
-6.000000e+01	2.052630e+05
-5.000000e+01	2.047976e+05
-4.000000e+01	2.040922e+05
-3.000000e+01	2.030569e+05
-2.000000e+01	2.015905e+05
-1.000000e+01	1.995859e+05
0.000000e+00	1.969422e+05
1.000000e+01	1.935751e+05
2.000000e+01	1.894265e+05
3.500000e+01	1.817023e+05
5.000000e+01	1.723206e+05
7.500000e+01	1.539967e+05
1.000000e+02	1.340306e+05
1.250000e+02	1.142208e+05
1.500000e+02	9.578257e+04
1.750000e+02	7.937381e+04
2.000000e+02	6.521565e+04
2.500000e+02	4.328329e+04
3.000000e+02	2.824926e+04
3.500000e+02	1.819646e+04
4.000000e+02	1.158104e+04
4.500000e+02	7.285338e+03
4.900000e+02	4.994215e+03
5.250000e+02	3.578543e+03
5.600000e+02	2.560612e+03
6.150000e+02	1.515513e+03
6.600000e+02	9.919886e+02
7.000000e+02	6.864341e+02
7.500000e+02	4.402622e+02
8.000000e+02	2.881582e+02
8.540000e+02	1.870768e+02
9.000000e+02	1.322569e+02
9.460000e+02	9.505226e+01
9.710000e+02	7.990501e+01
1.003000e+03	6.430097e+01
1.032000e+03	5.300746e+01
1.065000e+03	4.269897e+01
1.101000e+03	3.384683e+01
1.143000e+03	2.590723e+01
1.214000e+03	1.659008e+01
1.299000e+03	9.807531e+00
1.398000e+03	5.383494e+00
1.520000e+03	2.652554e+00
1.617000e+03	1.560183e+00
1.722000e+03	9.109012e-01
1.820000e+03	5.725102e-01
1.894000e+03	4.141397e-01
1.946000e+03	3.345664e-01
1.989000e+03	2.828058e-01
2.024000e+03	2.481386e-01
2.055000e+03	2.219544e-01
2.083000e+03	2.013362e-01
2.098000e+03	1.913206e-01
2.110000e+03	1.837595e-01
2.120000e+03	1.777450e-01
2.126000e+03	1.742617e-01
2.130000e+03	1.719954e-01
2.132000e+03	1.708823e-01
2.134000e+03	1.697899e-01
2.136000e+03	1.687291e-01
2.138000e+03	1.677204e-01
2.141930e+03	1.659396e-01
2.145160e+03	1.646956e-01
2.147050e+03	1.640942e-01
2.148650e+03	1.636736e-01
2.150120e+03	1.633554e-01
2.151160e+03	1.631710e-01
2.152030e+03	1.630382e-01
2.152870e+03	1.629254e-01
2.153480e+03	1.628518e-01
2.154070e+03	1.627866e-01
2.154730e+03	1.627201e-01
2.155500e+03	1.626497e-01
2.156160e+03	1.625942e-01
2.156820e+03	1.625424e-01
2.157570e+03	1.624873e-01
2.158210e+03	1.624428e-01
2.158840e+03	1.624011e-01
2.159420e+03	1.623642e-01
2.160010e+03	1.623281e-01
2.160630e+03	1.622914e-01
2.161260e+03	1.622553e-01
2.162290e+03	1.621985e-01
2.163290e+03	1.621458e-01
2.164560e+03	1.620817e-01
2.166030e+03	1.620109e-01
2.167690e+03	1.619347e-01
2.169990e+03	1.618345e-01
2.172320e+03	1.617383e-01
2.175280e+03	1.616225e-01
2.178740e+03	1.614946e-01
2.182440e+03	1.613653e-01
2.186080e+03	1.612445e-01
2.191460e+03	1.610752e-01
2.196520e+03	1.609248e-01
2.201920e+03	1.607720e-01
2.207660e+03	1.606171e-01
2.213740e+03	1.604602e-01
2.220040e+03	1.603043e-01
2.227740e+03	1.601219e-01
2.235290e+03	1.599504e-01
2.243320e+03	1.597751e-01
2.251640e+03	1.596002e-01
2.259430e+03	1.594420e-01
2.269690e+03	1.592409e-01
2.282380e+03	1.590021e-01
2.294370e+03	1.587854e-01
2.308550e+03	1.585389e-01
2.325780e+03	1.582518e-01
2.346100e+03	1.579283e-01
2.378190e+03	1.574453e-01
2.418660e+03	1.568758e-01
2.457900e+03	1.563582e-01
2.495560e+03	1.558875e-01
2.535470e+03	1.554122e-01
2.578230e+03	1.549255e-01
2.628320e+03	1.543797e-01
2.688100e+03	1.537571e-01
2.761490e+03	1.530288e-01
2.844400e+03	1.522465e-01
2.970760e+03	1.511215e-01
3.133790e+03	1.497670e-01
3.424990e+03	1.475497e-01
3.752710e+03	1.452878e-01
4.295860e+03	1.419153e-01
4.968640e+03	1.382011e-01
5.762830e+03	1.342805e-01
7.360820e+03	1.274001e-01
8.974240e+03	1.214227e-01
1.159620e+04	1.130693e-01
1.539200e+04	1.029992e-01
2.113310e+04	9.071730e-02
2.667660e+04	8.113179e-02
3.607950e+04	6.819111e-02
4.700930e+04	5.669823e-02
6.808440e+04	4.105558e-02
