-1.000000e+02	5.350549e+09
-9.000000e+01	5.959624e+09
-8.000000e+01	6.690651e+09
-7.000000e+01	7.721715e+09
-6.000000e+01	8.975832e+09
-5.000000e+01	1.042426e+10
-4.000000e+01	1.199966e+10
-3.000000e+01	1.378225e+10
-2.000000e+01	1.522082e+10
-1.000000e+01	1.647997e+10
0.000000e+00	1.727059e+10
1.000000e+01	1.786890e+10
2.000000e+01	1.819949e+10
3.500000e+01	1.834044e+10
5.000000e+01	1.796114e+10
7.500000e+01	1.653352e+10
1.000000e+02	1.479556e+10
1.250000e+02	1.293121e+10
1.500000e+02	1.111400e+10
1.750000e+02	9.334015e+09
2.000000e+02	7.756296e+09
2.500000e+02	5.225616e+09
3.000000e+02	3.478749e+09
3.500000e+02	2.289202e+09
4.000000e+02	1.487393e+09
4.500000e+02	9.429364e+08
4.900000e+02	6.270862e+08
5.250000e+02	4.147267e+08
5.600000e+02	2.465772e+08
6.150000e+02	6.618193e+07
6.600000e+02	7.913356e+06
7.000000e+02	2.447506e+05
7.500000e+02	2.574937e+02
8.000000e+02	6.955500e+06
8.540000e+02	1.744504e+06
9.000000e+02	5.914139e+05
9.460000e+02	2.235636e+05
9.710000e+02	1.363809e+05
1.003000e+03	7.929476e+04
1.032000e+03	5.101500e+04
1.065000e+03	3.207526e+04
1.101000e+03	2.040747e+04
1.143000e+03	1.263784e+04
1.214000e+03	6.214449e+03
1.299000e+03	2.954146e+03
1.398000e+03	1.389566e+03
1.520000e+03	4.522079e+02
1.617000e+03	1.801024e+02
1.722000e+03	6.860372e+01
1.820000e+03	2.465175e+01
1.894000e+03	1.180541e+01
1.946000e+03	6.343275e+00
1.989000e+03	3.355169e+00
2.024000e+03	1.777129e+00
2.055000e+03	7.889517e-01
2.083000e+03	3.552440e-01
2.098000e+03	2.168302e-01
2.110000e+03	1.398134e-01
2.120000e+03	1.109057e-01
2.126000e+03	9.691831e-02
2.130000e+03	7.161331e-02
2.132000e+03	5.996094e-02
2.134000e+03	4.693065e-02
2.136000e+03	3.417470e-02
2.138000e+03	2.066206e-02
2.141930e+03	2.540883e-03
2.145160e+03	5.665089e-04
2.147050e+03	1.035514e-04
2.148650e+03	2.523927e-05
2.150120e+03	8.918208e-06
2.151160e+03	5.237620e-06
2.152030e+03	3.998807e-06
2.152870e+03	3.190086e-06
2.153480e+03	2.759086e-06
2.154070e+03	2.486043e-06
2.154730e+03	2.122503e-06
2.155500e+03	1.693511e-06
2.156160e+03	1.475437e-06
2.156820e+03	1.323702e-06
2.157570e+03	1.202631e-06
2.158210e+03	1.125105e-06
2.158840e+03	1.063654e-06
2.159420e+03	1.016659e-06
2.160010e+03	9.767518e-07
2.160630e+03	9.406801e-07
2.161260e+03	9.088158e-07
2.162290e+03	8.114762e-07
2.163290e+03	7.235519e-07
2.164560e+03	6.452042e-07
2.166030e+03	5.798707e-07
2.167690e+03	5.267264e-07
2.169990e+03	4.730637e-07
2.172320e+03	4.333114e-07
2.175280e+03	3.951119e-07
2.178740e+03	3.618052e-07
2.182440e+03	2.641299e-07
2.186080e+03	2.095786e-07
2.191460e+03	1.648501e-07
2.196520e+03	1.396596e-07
2.201920e+03	1.217004e-07
2.207660e+03	1.081660e-07
2.213740e+03	9.758298e-08
2.220040e+03	8.922802e-08
2.227740e+03	8.135464e-08
2.235290e+03	7.523175e-08
2.243320e+03	6.995123e-08
2.251640e+03	6.554421e-08
2.259430e+03	6.205823e-08
2.269690e+03	5.818276e-08
2.282380e+03	5.426875e-08
2.294370e+03	5.116465e-08
2.308550e+03	4.811687e-08
2.325780e+03	4.507098e-08
2.346100e+03	4.212387e-08
2.378190e+03	3.849482e-08
2.418660e+03	3.501737e-08
2.457900e+03	3.246089e-08
2.495560e+03	3.046264e-08
2.535470e+03	2.869635e-08
2.578230e+03	2.734888e-08
2.628320e+03	2.632916e-08
2.688100e+03	2.527304e-08
2.761490e+03	2.416667e-08
2.844400e+03	2.310728e-08
2.970760e+03	2.177086e-08
3.133790e+03	2.039934e-08
3.424990e+03	1.856844e-08
3.752710e+03	1.705826e-08
4.295860e+03	1.528065e-08
4.968640e+03	1.374340e-08
5.762830e+03	1.243347e-08
7.360820e+03	1.065571e-08
8.974240e+03	9.435155e-09
1.159620e+04	8.064163e-09
1.539200e+04	6.744457e-09
2.113310e+04	5.445486e-09
2.667660e+04	4.591399e-09
3.607950e+04	3.599407e-09
4.700930e+04	2.832387e-09
6.808440e+04	1.920872e-09
