-1.000000e+02	2.594451e+10
-9.000000e+01	8.441927e+07
-8.000000e+01	4.328515e+07
-7.000000e+01	2.026257e+07
-6.000000e+01	8.391052e+06
-5.000000e+01	2.936941e+06
-4.000000e+01	3.065101e+06
-3.000000e+01	3.203709e+06
-2.000000e+01	3.328733e+06
-1.000000e+01	3.441400e+06
0.000000e+00	3.570828e+06
1.000000e+01	3.662879e+06
2.000000e+01	3.781482e+06
3.500000e+01	3.933860e+06
5.000000e+01	4.062708e+06
7.500000e+01	4.298709e+07
1.000000e+02	1.207614e+08
1.250000e+02	2.698531e+08
1.500000e+02	4.842823e+08
1.750000e+02	4.956685e+08
2.000000e+02	4.161351e+08
2.500000e+02	2.964000e+08
3.000000e+02	1.882729e+08
3.500000e+02	1.090630e+08
4.000000e+02	5.868271e+07
4.500000e+02	3.119627e+07
4.900000e+02	2.209508e+07
5.250000e+02	1.800751e+07
5.600000e+02	1.595349e+07
6.150000e+02	1.772142e+07
6.600000e+02	2.522595e+07
7.000000e+02	4.581589e+07
7.500000e+02	7.796288e+07
8.000000e+02	9.609461e+07
8.540000e+02	1.118776e+08
9.000000e+02	1.099176e+08
9.460000e+02	9.224548e+07
9.710000e+02	8.152004e+07
1.003000e+03	6.716536e+07
1.032000e+03	5.578717e+07
1.065000e+03	4.498829e+07
1.101000e+03	3.562675e+07
1.143000e+03	2.718369e+07
1.214000e+03	1.729041e+07
1.299000e+03	1.011722e+07
1.398000e+03	5.425848e+06
1.520000e+03	2.519046e+06
1.617000e+03	1.390113e+06
1.722000e+03	7.379491e+05
1.820000e+03	4.158959e+05
1.894000e+03	2.736611e+05
1.946000e+03	2.060648e+05
1.989000e+03	1.641114e+05
2.024000e+03	1.372156e+05
2.055000e+03	1.176964e+05
2.083000e+03	1.028493e+05
2.098000e+03	9.579833e+04
2.110000e+03	9.059499e+04
2.120000e+03	8.646340e+04
2.126000e+03	8.379033e+04
2.130000e+03	8.178771e+04
2.132000e+03	8.042227e+04
2.134000e+03	7.826961e+04
2.136000e+03	7.505779e+04
2.138000e+03	6.926137e+04
2.141930e+03	5.756486e+04
2.145160e+03	4.818364e+04
2.147050e+03	3.985829e+04
2.148650e+03	3.357425e+04
2.150120e+03	2.814227e+04
2.151160e+03	2.442671e+04
2.152030e+03	2.149875e+04
2.152870e+03	1.891642e+04
2.153480e+03	1.730427e+04
2.154070e+03	1.596130e+04
2.154730e+03	1.463251e+04
2.155500e+03	1.336107e+04
2.156160e+03	1.245690e+04
2.156820e+03	1.167187e+04
2.157570e+03	1.090243e+04
2.158210e+03	1.025480e+04
2.158840e+03	9.711794e+03
2.159420e+03	9.266303e+03
2.160010e+03	8.930676e+03
2.160630e+03	8.628432e+03
2.161260e+03	8.356220e+03
2.162290e+03	7.972530e+03
2.163290e+03	7.651606e+03
2.164560e+03	7.305256e+03
2.166030e+03	6.965952e+03
2.167690e+03	6.642764e+03
2.169990e+03	6.272533e+03
2.172320e+03	5.962444e+03
2.175280e+03	5.633798e+03
2.178740e+03	5.318117e+03
2.182440e+03	5.036985e+03
2.186080e+03	4.803970e+03
2.191460e+03	4.517238e+03
2.196520e+03	4.293947e+03
2.201920e+03	4.090386e+03
2.207660e+03	3.908450e+03
2.213740e+03	3.740599e+03
2.220040e+03	3.591193e+03
2.227740e+03	3.432191e+03
2.235290e+03	3.298916e+03
2.243320e+03	3.171494e+03
2.251640e+03	3.057311e+03
2.259430e+03	2.960400e+03
2.269690e+03	2.848590e+03
2.282380e+03	2.728060e+03
2.294370e+03	2.628395e+03
2.308550e+03	2.523950e+03
2.325780e+03	2.414769e+03
2.346100e+03	2.303479e+03
2.378190e+03	2.157841e+03
2.418660e+03	2.012316e+03
2.457900e+03	1.897687e+03
2.495560e+03	1.806050e+03
2.535470e+03	1.723803e+03
2.578230e+03	1.649855e+03
2.628320e+03	1.579210e+03
2.688100e+03	1.507661e+03
2.761490e+03	1.433488e+03
2.844400e+03	1.363080e+03
2.970760e+03	1.275709e+03
3.133790e+03	1.187016e+03
3.424990e+03	1.070361e+03
3.752710e+03	9.757298e+02
4.295860e+03	8.655965e+02
4.968640e+03	7.715809e+02
5.762830e+03	6.923997e+02
7.360820e+03	5.858415e+02
8.974240e+03	5.134508e+02
1.159620e+04	4.328148e+02
1.539200e+04	3.558731e+02
2.113310e+04	2.811739e+02
2.667660e+04	2.329109e+02
3.607950e+04	1.776976e+02
4.700930e+04	1.360083e+02
6.808440e+04	8.788856e+01
