-1.000000e+02	7.243186e+11
-9.000000e+01	1.772001e+09
-8.000000e+01	4.854692e+09
-7.000000e+01	1.064415e+10
-6.000000e+01	2.112806e+10
-5.000000e+01	3.941044e+10
-4.000000e+01	7.243926e+10
-3.000000e+01	1.272465e+11
-2.000000e+01	2.093274e+11
-1.000000e+01	3.288881e+11
0.000000e+00	4.746121e+11
1.000000e+01	6.453219e+11
2.000000e+01	8.285792e+11
3.500000e+01	1.101994e+12
5.000000e+01	1.340965e+12
7.500000e+01	1.602228e+12
1.000000e+02	1.686467e+12
1.250000e+02	1.628584e+12
1.500000e+02	1.487201e+12
1.750000e+02	1.301987e+12
2.000000e+02	1.112086e+12
2.500000e+02	7.747562e+11
3.000000e+02	5.232633e+11
3.500000e+02	3.468222e+11
4.000000e+02	2.268792e+11
4.500000e+02	1.463916e+11
4.900000e+02	1.015342e+11
5.250000e+02	7.314381e+10
5.600000e+02	5.240211e+10
6.150000e+02	3.060642e+10
6.600000e+02	1.944760e+10
7.000000e+02	1.262221e+10
7.500000e+02	6.872269e+09
8.000000e+02	3.162195e+09
8.540000e+02	1.095133e+09
9.000000e+02	4.048824e+08
9.460000e+02	1.602856e+08
9.710000e+02	9.994815e+07
1.003000e+03	5.848347e+07
1.032000e+03	3.757812e+07
1.065000e+03	2.297148e+07
1.101000e+03	1.408797e+07
1.143000e+03	8.452245e+06
1.214000e+03	3.937119e+06
1.299000e+03	1.728253e+06
1.398000e+03	7.101645e+05
1.520000e+03	2.820411e+05
1.617000e+03	1.233285e+05
1.722000e+03	4.961854e+04
1.820000e+03	2.016223e+04
1.894000e+03	1.053542e+04
1.946000e+03	5.976819e+03
1.989000e+03	3.890965e+03
2.024000e+03	2.822538e+03
2.055000e+03	2.008200e+03
2.083000e+03	1.506619e+03
2.098000e+03	1.250863e+03
2.110000e+03	1.049900e+03
2.120000e+03	9.108062e+02
2.126000e+03	8.036334e+02
2.130000e+03	7.198547e+02
2.132000e+03	6.610131e+02
2.134000e+03	5.695213e+02
2.136000e+03	4.524195e+02
2.138000e+03	2.868309e+02
2.141930e+03	8.152065e+01
2.145160e+03	1.075695e+01
2.147050e+03	6.102520e-01
2.148650e+03	4.054210e-02
2.150120e+03	1.009019e-02
2.151160e+03	4.903574e-03
2.152030e+03	3.191805e-03
2.152870e+03	2.643264e-03
2.153480e+03	2.253499e-03
2.154070e+03	1.982750e-03
2.154730e+03	1.763363e-03
2.155500e+03	1.591324e-03
2.156160e+03	1.446654e-03
2.156820e+03	1.311586e-03
2.157570e+03	1.131707e-03
2.158210e+03	1.028095e-03
2.158840e+03	9.517171e-04
2.159420e+03	8.954224e-04
2.160010e+03	8.498395e-04
2.160630e+03	8.093016e-04
2.161260e+03	7.305286e-04
2.162290e+03	6.347898e-04
2.163290e+03	5.698437e-04
2.164560e+03	5.111146e-04
2.166030e+03	4.621562e-04
2.167690e+03	4.215818e-04
2.169990e+03	3.807790e-04
2.172320e+03	3.503209e-04
2.175280e+03	3.209854e-04
2.178740e+03	2.951438e-04
2.182440e+03	2.737455e-04
2.186080e+03	2.569913e-04
2.191460e+03	2.118645e-04
2.196520e+03	1.841490e-04
2.201920e+03	1.632213e-04
2.207660e+03	1.471600e-04
2.213740e+03	1.341160e-04
2.220040e+03	1.236590e-04
2.227740e+03	1.135557e-04
2.235290e+03	1.057614e-04
2.243320e+03	9.882243e-05
2.251640e+03	9.298007e-05
2.259430e+03	7.602492e-05
2.269690e+03	6.141685e-05
2.282380e+03	5.029982e-05
2.294370e+03	4.336815e-05
2.308550e+03	3.758088e-05
2.325780e+03	3.268287e-05
2.346100e+03	2.857717e-05
2.378190e+03	2.419025e-05
2.418660e+03	2.062195e-05
2.457900e+03	1.824109e-05
2.495560e+03	1.655376e-05
2.535470e+03	1.517639e-05
2.578230e+03	1.403561e-05
2.628320e+03	1.302444e-05
2.688100e+03	1.206504e-05
2.761490e+03	1.113220e-05
2.844400e+03	1.029911e-05
2.970760e+03	9.328971e-06
3.133790e+03	8.408795e-06
3.424990e+03	7.285993e-06
3.752710e+03	6.439848e-06
4.295860e+03	5.714786e-06
4.968640e+03	5.127891e-06
5.762830e+03	4.626512e-06
7.360820e+03	3.941761e-06
8.974240e+03	3.470391e-06
1.159620e+04	2.939618e-06
1.539200e+04	2.427858e-06
2.113310e+04	1.926342e-06
2.667660e+04	1.599981e-06
3.607950e+04	1.224470e-06
4.700930e+04	9.394496e-07
6.808440e+04	6.088771e-07
