-1.000000e+02	1.160761e+12
-9.000000e+01	1.084968e+12
-8.000000e+01	1.002711e+12
-7.000000e+01	9.073636e+11
-6.000000e+01	8.040736e+11
-5.000000e+01	6.969675e+11
-4.000000e+01	5.918676e+11
-3.000000e+01	4.898258e+11
-2.000000e+01	4.059176e+11
-1.000000e+01	3.330983e+11
0.000000e+00	2.766270e+11
1.000000e+01	2.278572e+11
2.000000e+01	1.879965e+11
3.500000e+01	1.398329e+11
5.000000e+01	1.053124e+11
7.500000e+01	6.813193e+10
1.000000e+02	4.336251e+10
1.250000e+02	2.765644e+10
1.500000e+02	1.755151e+10
1.750000e+02	1.227101e+10
2.000000e+02	8.930487e+09
2.500000e+02	5.370839e+09
3.000000e+02	3.121621e+09
3.500000e+02	1.749170e+09
4.000000e+02	9.245590e+08
4.500000e+02	4.871167e+08
4.900000e+02	3.466450e+08
5.250000e+02	2.842582e+08
5.600000e+02	2.558309e+08
6.150000e+02	2.940353e+08
6.600000e+02	2.932753e+08
7.000000e+02	1.010402e+08
7.500000e+02	2.001987e+06
8.000000e+02	1.232953e+09
8.540000e+02	1.006951e+09
9.000000e+02	7.507736e+08
9.460000e+02	5.429282e+08
9.710000e+02	4.532912e+08
1.003000e+03	3.610946e+08
1.032000e+03	2.948782e+08
1.065000e+03	2.350495e+08
1.101000e+03	1.842603e+08
1.143000e+03	1.397375e+08
1.214000e+03	8.848485e+07
1.299000e+03	5.166400e+07
1.398000e+03	2.753014e+07
1.520000e+03	1.269650e+07
1.617000e+03	7.103975e+06
1.722000e+03	3.940640e+06
1.820000e+03	2.383199e+06
1.894000e+03	1.667787e+06
1.946000e+03	1.315852e+06
1.989000e+03	1.091973e+06
2.024000e+03	9.440306e+05
2.055000e+03	8.336612e+05
2.083000e+03	7.503833e+05
2.098000e+03	7.110769e+05
2.110000e+03	6.822481e+05
2.120000e+03	6.600350e+05
2.126000e+03	6.465134e+05
2.130000e+03	6.364437e+05
2.132000e+03	6.299597e+05
2.134000e+03	6.200259e+05
2.136000e+03	6.055381e+05
2.138000e+03	5.801484e+05
2.141930e+03	5.221916e+05
2.145160e+03	4.398059e+05
2.147050e+03	3.407220e+05
2.148650e+03	2.772420e+05
2.150120e+03	2.294940e+05
2.151160e+03	1.983060e+05
2.152030e+03	1.751220e+05
2.152870e+03	1.552500e+05
2.153480e+03	1.425540e+05
2.154070e+03	1.317486e+05
2.154730e+03	1.208466e+05
2.155500e+03	1.101930e+05
2.156160e+03	1.025754e+05
2.156820e+03	9.602040e+04
2.157570e+03	8.981040e+04
2.158210e+03	8.535300e+04
2.158840e+03	8.153040e+04
2.159420e+03	7.842540e+04
2.160010e+03	7.567920e+04
2.160630e+03	7.309860e+04
2.161260e+03	7.075260e+04
2.162290e+03	6.741300e+04
2.163290e+03	6.463920e+04
2.164560e+03	6.165840e+04
2.166030e+03	5.871900e+04
2.167690e+03	5.594520e+04
2.169990e+03	5.274360e+04
2.172320e+03	5.006640e+04
2.175280e+03	4.722360e+04
2.178740e+03	4.450500e+04
2.182440e+03	4.207620e+04
2.186080e+03	4.007520e+04
2.191460e+03	3.763260e+04
2.196520e+03	3.572820e+04
2.201920e+03	3.401700e+04
2.207660e+03	3.247140e+04
2.213740e+03	3.106380e+04
2.220040e+03	2.980800e+04
2.227740e+03	2.848320e+04
2.235290e+03	2.735160e+04
2.243320e+03	2.628900e+04
2.251640e+03	2.533680e+04
2.259430e+03	2.453640e+04
2.269690e+03	2.359800e+04
2.282380e+03	2.259060e+04
2.294370e+03	2.174880e+04
2.308550e+03	2.087940e+04
2.325780e+03	1.996860e+04
2.346100e+03	1.904400e+04
2.378190e+03	1.784340e+04
2.418660e+03	1.662900e+04
2.457900e+03	1.569060e+04
2.495560e+03	1.493160e+04
2.535470e+03	1.424160e+04
2.578230e+03	1.362888e+04
2.628320e+03	1.304238e+04
2.688100e+03	1.244484e+04
2.761490e+03	1.182798e+04
2.844400e+03	1.124562e+04
2.970760e+03	1.052250e+04
3.133790e+03	9.792480e+03
3.424990e+03	8.836140e+03
3.752710e+03	8.061960e+03
4.295860e+03	7.166340e+03
4.968640e+03	6.404580e+03
5.762830e+03	5.764260e+03
7.360820e+03	4.907280e+03
8.974240e+03	4.326300e+03
1.159620e+04	3.680460e+03
1.539200e+04	3.064980e+03
2.113310e+04	2.464680e+03
2.667660e+04	2.072760e+03
3.607950e+04	1.620120e+03
4.700930e+04	1.271946e+03
6.808440e+04	8.601540e+02
